100

1200
32
10
500

0	3604	1250	1566	2310	4184	2392	487	1756	2308	2002	3807	3996	2253	2596	1249	1332	3290	1511	3221	2589	2923	3328	1762	2546	2238	1048	1237	2002	1070	867	3223	993	2444	2502	3039	2151	1333	1799	1931	548	1439	1651	1557	2990	3881	3058	1992	2551	4243	2144	2183	706	4451	468	4308	1864	1757	2667	2239	315	2569	1826	1936	3973	1426	1332	2084	1257	992	1440	4423	1456	977	1615	3007	2244	761	723	1434	1224	2473	919	1531	1598	2232	3075	2774	2502	1731	2741	1554	1400	1509	3375	2124	1927	1593	2489	2816	1787	
3604	0	2361	4045	1568	586	5591	3302	4136	2785	1602	1039	985	5067	3068	2420	2275	2948	3312	1308	4228	1812	2581	3597	1234	1399	2918	4397	1603	4413	2785	1774	4112	5412	1112	1077	3322	2271	5118	4688	3363	2677	2573	4501	4832	356	777	4772	4077	684	1467	1471	3310	970	3136	987	4661	2068	5612	5672	3314	1073	4326	5288	390	2610	4527	5335	2736	3150	4483	975	2752	4266	4535	966	1423	3700	2881	2176	4336	2482	3959	2197	4304	1967	2246	1838	1428	5216	3202	2053	2204	4249	848	2980	4759	4857	5736	2577	5298	
1250	2361	0	1998	1124	2944	3356	958	2149	1689	769	2589	2767	3115	2065	436	95	2571	1434	2050	2660	1866	2475	1791	1400	1039	762	2128	769	2094	548	2148	1835	3267	1254	1827	1868	152	2827	2739	1038	839	956	2443	3216	2651	1874	2817	2555	2993	923	936	1026	3202	783	3065	2689	843	3617	3353	980	1319	2309	2990	2725	757	2356	3074	930	985	2259	3175	1140	1954	2360	1778	999	1421	535	185	2187	1684	1689	616	2342	1199	2142	1725	1308	2876	2241	355	173	2263	2225	1647	2776	2671	3485	2031	2952	
1566	4045	1998	0	2482	4617	1615	1278	189	1608	2659	3826	4057	3671	1671	2309	2087	2429	744	3156	1084	2661	2644	583	3351	2960	1241	751	2659	1000	2048	2933	712	1372	2994	3135	1110	2149	1321	3403	1158	1373	1474	3015	1424	4385	3762	3451	1093	4550	2819	2617	1062	4664	1651	4443	3331	2819	3983	1904	1731	2993	311	1489	4339	1448	2714	1426	2594	1013	646	4617	2829	909	571	3176	2651	808	1780	2136	2671	1928	691	2576	3117	2140	2565	2534	2643	1639	1735	2341	2161	3030	4139	1337	3375	2873	1776	2154	1757	
2310	1568	1124	2482	0	2135	4052	1909	2569	1310	759	1500	1699	4225	1656	1429	1077	1837	1746	926	2706	829	1604	2031	1266	937	1428	2889	760	2943	1668	1071	2616	3853	650	733	1793	1126	3612	3845	1940	1131	1008	3562	3311	1915	1456	3925	2561	2079	815	408	1852	2226	1862	2041	3798	1453	4735	4184	2077	583	2759	3786	1858	1074	3480	3810	1920	1644	2953	2187	2067	2793	2989	725	373	2219	1638	977	3311	1079	2464	1386	3446	447	1223	718	192	3758	1818	1006	1044	3371	1837	1457	3888	3793	4202	1319	3851	
4184	586	2944	4617	2135	0	6172	3887	4702	3303	2182	1245	1081	5571	3561	2986	2857	3355	3880	1723	4752	2268	2968	4156	1748	1962	3502	4982	2182	4999	3356	2171	4697	5987	1697	1565	3855	2851	5703	5196	3949	3254	3143	5028	5353	338	1238	5279	4599	363	2041	2057	3896	662	3716	849	5173	2603	6118	6258	3890	1659	4893	5874	311	3189	5072	5918	3273	3734	5065	707	3269	4852	5114	1480	2008	4286	3461	2759	4879	2986	4544	2751	4820	2514	2669	2319	1983	5802	3683	2630	2785	4769	1134	3513	5271	5402	6318	3039	5884	
2392	5591	3356	1615	4052	6172	0	2426	1601	3208	4099	5437	5666	3695	3215	3542	3450	3941	2351	4768	2201	4276	4205	2179	4756	4388	2682	1229	4099	1324	3191	4547	1522	457	4503	4732	2671	3491	607	3575	2328	2922	3056	3227	2045	5919	5218	3586	2313	6131	4259	4129	2331	6261	2739	6048	3504	4074	3792	614	2688	4521	1418	525	5907	2984	2870	311	3646	2445	1109	6216	3848	1437	1066	4763	4172	1935	2961	3525	2940	3536	1667	3832	3449	3740	4163	4149	4223	901	3239	3710	3528	3381	5578	2939	3504	2845	166	3739	960	
487	3302	958	1278	1909	3887	2426	0	1461	1821	1726	3407	3607	2729	2115	1121	1051	2804	1060	2797	2213	2466	2843	1347	2346	1996	566	1199	1726	1139	797	2767	908	2385	2190	2642	1690	1080	1877	2396	120	960	1171	2030	2669	3601	2830	2461	2156	3913	1880	1842	249	4101	374	3939	2331	1653	3152	2395	484	2239	1573	2037	3655	954	1818	2134	1325	512	1358	4068	1557	1002	1492	2624	1898	522	544	1139	1703	1988	776	1409	2045	1781	2597	2317	2100	1920	2263	1304	1128	1956	3176	1642	2398	2080	2547	2330	1998	
1756	4136	2149	189	2569	4702	1601	1461	0	1608	2789	3872	4106	3850	1628	2474	2237	2375	823	3202	917	2691	2614	582	3484	3091	1388	882	2789	1146	2223	2954	884	1311	3103	3199	1075	2301	1377	3586	1341	1483	1563	3198	1235	4480	3882	3633	942	4623	2947	2727	1240	4725	1834	4497	3514	2978	4154	1946	1918	3095	194	1537	4420	1562	2893	1443	2772	1168	741	4676	3008	1069	618	3248	2758	997	1955	2280	2855	1939	875	2736	3304	2206	2562	2570	2722	1726	1674	2486	2309	3217	4262	1339	3557	3045	1765	2140	1845	
2308	2785	1689	1608	1310	3303	3208	1821	1608	0	1893	2321	2559	4538	384	2124	1722	982	954	1660	1449	1115	1076	1030	2532	2158	1279	2259	1894	2427	2129	1356	2067	2905	1956	1739	576	1805	2917	4192	1769	926	747	3838	2050	3142	2766	4261	1295	3159	2013	1644	1616	3213	2025	2962	4130	2428	4973	3505	2234	1892	1796	3089	3000	981	3639	3033	2612	1322	2226	3157	2829	2288	2178	1826	1640	1800	1935	1684	3520	341	1942	2253	3821	863	957	1016	1387	3190	561	1855	1753	3734	3147	271	4203	3898	3372	561	3303	
2002	1602	769	2659	759	2182	4099	1726	2789	1893	0	1975	2120	3631	2271	848	679	2568	1998	1559	3141	1584	2358	2339	699	303	1434	2877	1	2858	1191	1806	2585	3981	521	1263	2259	669	3585	3247	1800	1325	1323	3006	3732	1883	1119	3330	3013	2252	161	364	1772	2481	1535	2374	3209	708	4161	4119	1712	619	2964	3751	1975	1240	2983	3824	1266	1672	2993	2461	1370	2716	3078	1173	421	2169	1280	586	2799	1745	2436	698	2850	1107	1980	1477	870	3645	2445	451	605	2782	1486	1961	3303	3309	4234	2034	3722	
3807	1039	2589	3826	1500	1245	5437	3407	3872	2321	1975	0	239	5606	2501	2809	2526	2165	3086	670	3742	1207	1768	3294	1959	1920	2908	4331	1976	4412	3111	1017	4072	5183	1480	768	2896	2557	5047	5223	3435	2570	2402	4975	4323	1288	1674	5305	3585	961	1906	1674	3339	915	3353	646	5184	2629	6135	5629	3563	1363	4065	5222	956	2530	4930	5219	3240	3109	4367	853	3325	4261	4373	814	1608	3690	3119	2421	4753	1981	3921	2671	4825	1707	1520	1310	1308	5226	2594	2383	2476	4757	1861	2569	5278	5251	5594	1938	5324	
3996	985	2767	4057	1699	1081	5666	3607	4106	2559	2120	239	0	5745	2739	2963	2699	2390	3316	905	3981	1446	1991	3529	2030	2035	3118	4552	2120	4627	3278	1253	4290	5416	1610	967	3134	2725	5270	5362	3639	2788	2624	5125	4561	1178	1691	5445	3823	766	2037	1839	3547	683	3538	407	5325	2748	6278	5851	3745	1501	4299	5445	817	2745	5093	5446	3376	3324	4592	618	3448	4476	4601	990	1774	3904	3299	2594	4912	2220	4139	2808	4965	1931	1754	1547	1508	5442	2831	2541	2645	4900	1831	2807	5420	5417	5823	2175	5539	
2253	5067	3115	3671	4225	5571	3695	2729	3850	4538	3631	5606	5745	0	4843	2808	3150	5515	3761	5140	4751	4978	5510	3987	3834	3721	3259	3056	3630	2780	2567	5262	2968	3987	4135	4878	4403	3099	3158	383	2801	3630	3834	700	5047	5233	4333	301	4739	5750	3708	3947	2959	6025	2523	5966	426	3013	549	3193	2307	4246	3855	3179	5456	3596	958	3426	2369	3241	3269	6018	2317	2808	3471	4800	4013	2941	2667	3248	1029	4664	2982	2937	782	4297	5216	4835	4399	2795	4992	3239	3181	854	4503	4370	340	858	3694	5016	2741	
2596	3068	2065	1671	1656	3561	3215	2115	1628	384	2271	2501	2739	4843	0	2501	2101	762	1140	1866	1249	1307	991	1094	2898	2530	1600	2382	2271	2581	2489	1493	2228	2871	2305	2000	562	2184	2991	4506	2049	1277	1114	4144	1822	3424	3107	4572	1091	3387	2386	2009	1892	3411	2351	3146	4442	2812	5261	3570	2552	2232	1800	3157	3253	1340	3927	3072	2983	1604	2314	3351	3203	2451	2235	2102	2000	2017	2282	2066	3818	591	2119	2636	4143	1212	1018	1242	1711	3302	178	2238	2134	4055	3484	473	4511	4171	3380	575	3418	
1249	2420	436	2309	1429	2986	3542	1121	2474	2124	848	2809	2963	2808	2501	0	411	2995	1818	2333	3054	2224	2881	2172	1301	1024	1119	2318	848	2235	383	2492	2029	3503	1369	2071	2291	334	2979	2426	1227	1264	1391	2166	3593	2670	1819	2508	2957	3086	960	1140	1268	3325	815	3222	2383	533	3330	3465	937	1465	2619	3132	2802	1185	2135	3246	510	1312	2477	3306	707	2108	2604	1997	1206	1635	580	480	1951	2109	1895	291	2027	1588	2536	2090	1596	2967	2677	431	406	1955	2127	2080	2476	2461	3658	2452	3029	
1332	2275	95	2087	1077	2857	3450	1051	2237	1722	679	2526	2699	3150	2101	411	0	2584	1511	2000	2732	1840	2473	1867	1305	945	848	2223	679	2188	591	2117	1929	3361	1170	1767	1926	83	2921	2772	1132	899	1000	2485	3292	2561	1780	2852	2623	2911	831	863	1121	3124	863	2992	2724	769	3658	3446	1054	1240	2398	3084	2641	814	2410	3168	919	1074	2353	3098	1118	2048	2454	1713	927	1515	612	106	2238	1699	1783	552	2374	1186	2134	1702	1257	2968	2278	261	78	2297	2130	1694	2813	2728	3580	2041	3043	
3290	2948	2571	2429	1837	3355	3941	2804	2375	982	2568	2165	2390	5515	762	2995	2584	0	1889	1644	1847	1158	400	1856	3091	2773	2257	3144	2569	3342	3059	1184	2988	3575	2444	1890	1322	2663	3746	5165	2751	1889	1691	4815	2339	3288	3176	5236	1699	3117	2646	2241	2597	3072	2996	2787	5104	3206	5955	4321	3209	2340	2539	3910	3045	1931	4621	3814	3500	2304	3074	3006	3701	3211	2987	2023	2209	2760	2886	2525	4500	887	2876	3071	4789	1467	705	1184	1810	4063	703	2660	2598	4703	3524	1192	5179	4880	4107	545	4179	
1511	3312	1434	744	1746	3880	2351	1060	823	954	1998	3086	3316	3761	1140	1818	1511	1889	0	2418	1237	1937	2029	356	2697	2300	704	1312	1998	1473	1654	2218	1114	2114	2285	2391	643	1586	1994	3442	969	674	739	3068	1782	3656	3073	3503	1148	3807	2153	1910	814	3920	1374	3700	3375	2278	4153	2583	1537	2273	1014	2168	3600	758	2824	2140	2206	571	1302	3873	2444	1334	1288	2433	1939	878	1397	1535	2732	1239	991	2048	3101	1396	1889	1804	1902	2243	1262	1743	1576	3012	3455	703	3437	3051	2509	1514	2354	
3221	1308	2050	3156	926	1723	4768	2797	3202	1660	1559	670	905	5140	1866	2333	2000	1644	2418	0	3094	558	1273	2624	1770	1600	2276	3674	1560	3765	2591	467	3421	4512	1155	339	2233	2045	4387	4759	2815	1923	1745	4483	3683	1644	1669	4840	2937	1523	1538	1209	2709	1554	2781	1304	4714	2261	5655	4971	2999	1025	3395	4562	1412	1890	4406	4554	2805	2466	3704	1497	2927	3615	3705	480	1145	3047	2562	1899	4237	1323	3272	2248	4359	1051	948	644	743	4578	1975	1903	1962	4286	1967	1903	4805	4719	4926	1323	4678	
2589	4228	2660	1084	2706	4752	2201	2213	917	1449	3141	3742	3981	4751	1249	3054	2732	1847	1237	3094	0	2539	2181	889	3830	3436	1941	1791	3142	2060	2885	2740	1796	1788	3327	3189	913	2809	2169	4474	2102	1846	1818	4087	606	4584	4141	4524	158	4605	3286	2977	1967	4647	2565	4387	4402	3501	5067	2682	2695	3283	974	2306	4450	1934	3793	2147	3439	1786	1624	4588	3677	1985	1460	3274	2988	1835	2622	2743	3743	1775	1769	3276	4173	2272	2265	2455	2812	2564	1193	2948	2792	4085	4526	1251	4450	3957	2363	1823	2682	
2923	1812	1866	2661	829	2268	4276	2466	2691	1115	1584	1207	1446	4978	1307	2224	1840	1158	1937	558	2539	0	838	2109	1993	1724	1913	3227	1585	3345	2412	301	2991	3999	1338	739	1690	1903	3927	4604	2463	1530	1331	4298	3125	2161	2026	4682	2381	2081	1620	1223	2340	2108	2517	1851	4552	2282	5471	4515	2740	1222	2883	4102	1958	1518	4180	4076	2727	2073	3237	2050	2887	3196	3221	867	1175	2643	2327	1751	4024	774	2847	2209	4208	693	459	149	728	4148	1418	1816	1823	4128	2368	1368	4639	4479	4437	772	4253	
3328	2581	2475	2644	1604	2968	4205	2843	2614	1076	2358	1768	1991	5510	991	2881	2473	400	2029	1273	2181	838	0	2061	2823	2533	2280	3326	2359	3502	2993	807	3143	3861	2169	1542	1540	2547	3964	5149	2806	1892	1683	4814	2702	2915	2861	5223	2028	2723	2417	2011	2659	2673	2990	2388	5092	3030	5971	4548	3210	2056	2790	4133	2660	1918	4646	4057	3390	2366	3279	2607	3576	3363	3213	1681	1971	2872	2850	2401	4511	855	3018	2921	4764	1299	385	900	1543	4256	994	2511	2475	4680	3195	1331	5171	4921	4371	520	4370	
1762	3597	1791	583	2031	4156	2179	1347	582	1030	2339	3294	3529	3987	1094	2172	1867	1856	356	2624	889	2109	2061	0	3037	2641	1055	1291	2340	1504	1995	2372	1164	1891	2600	2634	533	1942	1903	3685	1243	1015	1045	3303	1425	3946	3398	3742	814	4062	2492	2230	1098	4155	1687	3923	3615	2634	4351	2487	1831	2579	774	2072	3868	1101	3037	2005	2550	898	1221	4104	2788	1385	1153	2689	2254	1049	1734	1889	2962	1358	1077	2404	3360	1646	1987	1989	2173	2207	1172	2097	1932	3271	3782	760	3672	3240	2342	1572	2324	
2546	1234	1400	3351	1266	1748	4756	2346	3484	2532	699	1959	2030	3834	2898	1301	1305	3091	2697	1770	3830	1993	2823	3037	0	397	2117	3528	698	3484	1683	2140	3234	4658	655	1432	2938	1267	4222	3456	2434	2024	2015	3280	4425	1416	526	3540	3699	1917	546	889	2426	2200	2096	2172	3431	860	4380	4736	2237	774	3658	4383	1622	1938	3329	4473	1528	2354	3657	2198	1523	3348	3752	1296	901	2821	1845	1234	3134	2338	3088	1034	3076	1692	2437	1923	1283	4247	3067	1046	1227	3023	832	2628	3529	3659	4885	2584	4315	
2238	1399	1039	2960	937	1962	4388	1996	3091	2158	303	1920	2035	3721	2530	1024	945	2773	2300	1600	3436	1724	2533	2641	397	0	1731	3163	302	3133	1395	1911	2869	4277	451	1276	2548	920	3865	3338	2077	1627	1619	3124	4029	1648	835	3422	3306	2070	150	534	2058	2322	1776	2246	3305	713	4260	4391	1937	580	3266	4029	1783	1542	3133	4109	1358	1970	3284	2309	1413	2993	3373	1161	564	2454	1521	863	2944	1984	2722	803	2946	1338	2149	1635	997	3910	2702	693	868	2885	1191	2242	3401	3463	4520	2251	3983	
1048	2918	762	1241	1428	3502	2682	566	1388	1279	1434	2908	3118	3259	1600	1119	848	2257	704	2276	1941	1913	2280	1055	2117	1731	0	1480	1434	1516	958	2214	1197	2547	1822	2152	1248	914	2201	2913	551	393	605	2559	2474	3240	2550	2982	1851	3489	1594	1449	433	3651	752	3469	2851	1599	3701	2764	955	1845	1551	2373	3248	395	2370	2419	1505	239	1572	3613	1743	1366	1646	2153	1495	792	712	895	2244	1425	1044	1361	2545	1239	2031	1765	1614	2330	1760	1100	921	2457	2919	1130	2924	2641	2823	1770	2424	
1237	4397	2128	751	2889	4982	1229	1199	882	2259	2877	4331	4552	3056	2382	2318	2223	3144	1312	3674	1791	3227	3326	1291	3528	3163	1480	0	2877	278	1977	3516	294	1211	3297	3596	1823	2263	723	2829	1099	1766	1929	2445	1999	4717	3995	2866	1824	4963	3037	2927	1105	5115	1527	4919	2756	2851	3316	1299	1505	3324	827	897	4726	1816	2113	947	2460	1250	221	5073	2675	273	421	3612	2974	708	1739	2300	2110	2550	442	2607	2596	2625	3201	3089	3070	932	2462	2482	2301	2514	4352	1996	2786	2222	1357	2818	1044	
2002	1603	769	2659	760	2182	4099	1726	2789	1894	1	1976	2120	3630	2271	848	679	2569	1998	1560	3142	1585	2359	2340	698	302	1434	2877	0	2859	1191	1806	2585	3981	521	1264	2260	669	3585	3247	1800	1326	1324	3005	3733	1883	1119	3330	3014	2252	161	365	1772	2482	1535	2374	3208	707	4160	4119	1712	619	2964	3751	1975	1240	2983	3824	1265	1673	2994	2461	1370	2716	3078	1173	422	2169	1280	586	2798	1745	2436	698	2849	1108	1981	1477	870	3645	2446	451	605	2782	1485	1961	3303	3309	4234	2034	3722	
1070	4413	2094	1000	2943	4999	1324	1139	1146	2427	2858	4412	4627	2780	2581	2235	2188	3342	1473	3765	2060	3345	3502	1504	3484	3133	1516	278	2859	0	1874	3639	360	1391	3305	3664	2030	2219	745	2560	1058	1843	2024	2178	2277	4723	3968	2595	2087	5001	3015	2943	1104	5167	1424	4983	2487	2765	3038	1261	1364	3342	1103	899	4755	1882	1842	1019	2322	1304	489	5129	2526	151	691	3669	2994	724	1656	2273	1846	2701	498	2525	2338	2715	3353	3202	3129	815	2673	2443	2265	2258	4315	2172	2515	1944	1429	2987	913	
867	2785	548	2048	1668	3356	3191	797	2223	2129	1191	3111	3278	2567	2489	383	591	3059	1654	2591	2885	2412	2993	1995	1683	1395	958	1977	1191	1874	0	2696	1693	3177	1709	2355	2198	554	2619	2192	913	1213	1383	1895	3392	3043	2200	2270	2802	3442	1318	1439	986	3672	452	3556	2141	895	3069	3093	554	1795	2352	2768	3163	1149	1821	2891	556	1100	2148	3650	794	1754	2288	2296	1504	1319	269	694	1647	2175	1568	665	1795	1738	2673	2270	1849	2591	2659	744	635	1716	2510	2038	2228	2141	3303	2528	2651	
3223	1774	2148	2933	1071	2171	4547	2767	2954	1356	1806	1017	1253	5262	1493	2492	2117	1184	2218	467	2740	301	807	2372	2140	1911	2214	3516	1806	3639	2696	0	3284	4258	1494	760	1927	2176	4211	4887	2764	1831	1630	4586	3313	2108	2102	4965	2582	1945	1822	1442	2640	1932	2813	1660	4836	2512	5760	4800	3036	1368	3144	4386	1861	1819	4473	4354	2989	2372	3520	1870	3139	3491	3498	904	1387	2941	2620	2024	4316	1017	3141	2457	4489	991	506	450	936	4440	1579	2075	2095	4411	2417	1619	4924	4775	4709	924	4546	
993	4112	1835	712	2616	4697	1522	908	884	2067	2585	4072	4290	2968	2228	2029	1929	2988	1114	3421	1796	2991	3143	1164	3234	2869	1197	294	2585	360	1693	3284	0	1485	3010	3330	1682	1969	1006	2713	806	1502	1676	2326	2088	4430	3703	2757	1804	4685	2744	2641	813	4842	1245	4652	2641	2562	3271	1568	1240	3039	893	1176	4445	1547	2013	1240	2188	973	458	4803	2407	223	623	3341	2690	416	1450	2007	1984	2341	153	2317	2449	2370	2993	2849	2799	1159	2326	2189	2007	2364	4059	1814	2680	2162	1651	2628	1262	
2444	5412	3267	1372	3853	5987	457	2385	1311	2905	3981	5183	5416	3987	2871	3503	3361	3575	2114	4512	1788	3999	3861	1891	4658	4277	2547	1211	3981	1391	3177	4258	1485	0	4349	4504	2347	3411	830	3832	2276	2736	2846	3468	1593	5750	5096	3852	1911	5921	4141	3971	2248	6032	2729	5807	3760	4034	4129	1053	2716	4354	1118	840	5711	2806	3114	589	3670	2308	1028	5983	3886	1467	907	4547	4009	1868	2929	3425	3160	3241	1609	3789	3666	3509	3849	3880	4015	1226	2878	3621	3438	3593	5466	2639	3769	3130	600	3415	1312	
2502	1112	1254	2994	650	1697	4503	2190	3103	1956	521	1480	1610	4135	2305	1369	1170	2444	2285	1155	3327	1338	2169	2600	655	451	1822	3297	521	3305	1709	1494	3010	4349	0	827	2418	1175	4015	3752	2252	1622	1555	3520	3931	1420	814	3835	3187	1741	428	378	2203	1962	2034	1853	3715	1150	4669	4565	2220	131	3288	4185	1471	1546	3503	4240	1766	2058	3394	1941	1845	3158	3458	709	347	2596	1781	1069	3318	1727	2857	1198	3356	1095	1784	1271	635	4105	2468	966	1103	3291	1199	2089	3811	3830	4644	1949	4187	
3039	1077	1827	3135	733	1565	4732	2642	3199	1739	1263	768	967	4878	2000	2071	1767	1890	2391	339	3189	739	1542	2634	1432	1276	2152	3596	1264	3664	2355	760	3330	4504	827	0	2297	1802	4316	4496	2672	1830	1677	4234	3788	1429	1344	4577	3035	1430	1226	931	2580	1530	2585	1322	4453	1954	5401	4894	2797	697	3393	4491	1261	1783	4176	4502	2525	2361	3646	1484	2633	3513	3666	145	865	2940	2353	1662	4001	1421	3178	1960	4096	995	1185	762	541	4479	2129	1640	1720	4026	1658	1957	4546	4495	4886	1500	4574	
2151	3322	1868	1110	1793	3855	2671	1690	1075	576	2259	2896	3134	4403	562	2291	1926	1322	643	2233	913	1690	1540	533	2938	2548	1248	1823	2260	2030	2198	1927	1682	2347	2418	2297	0	2008	2430	4081	1605	1030	949	3708	1518	3677	3232	4143	769	3723	2398	2072	1449	3785	1978	3537	4014	2685	4795	3011	2157	2371	1254	2597	3555	1113	3467	2517	2732	1183	1753	3730	2964	1904	1675	2375	2081	1508	1960	1919	3374	916	1582	2478	3735	1361	1502	1589	1901	2741	644	2115	1977	3646	3617	342	4078	3692	2837	1070	2857	
1333	2271	152	2149	1126	2851	3491	1080	2301	1805	669	2557	2725	3099	2184	334	83	2663	1586	2045	2809	1903	2547	1942	1267	920	914	2263	669	2219	554	2176	1969	3411	1175	1802	2008	0	2955	2719	1167	980	1083	2438	3367	2550	1753	2799	2702	2915	814	886	1166	3134	865	3009	2672	692	3610	3473	1045	1252	2460	3116	2642	895	2374	3206	843	1136	2398	3110	1038	2081	2504	1743	952	1557	610	152	2199	1778	1825	470	2320	1256	2204	1766	1302	2991	2361	226	83	2244	2096	1777	2762	2694	3618	2119	3064	
1799	5118	2827	1321	3612	5703	607	1877	1377	2917	3585	5047	5270	3158	2991	2979	2921	3746	1994	4387	2169	3927	3964	1903	4222	3865	2201	723	3585	745	2619	4211	1006	830	4015	4316	2430	2955	0	3010	1790	2487	2645	2652	2183	5436	4700	3028	2247	5686	3743	3647	1815	5837	2168	5639	2939	3510	3304	589	2101	4044	1234	175	5449	2538	2296	297	3056	1973	693	5795	3253	875	760	4334	3695	1420	2401	3003	2354	3225	1158	3270	2862	3340	3871	3791	3792	428	3047	3178	2999	2792	5051	2649	2945	2301	690	3470	537	
1931	4688	2739	3403	3845	5196	3575	2396	3586	4192	3247	5223	5362	383	4506	2426	2772	5165	3442	4759	4474	4604	5149	3685	3456	3338	2913	2829	3247	2560	2192	4887	2713	3832	3752	4496	4081	2719	3010	0	2476	3277	3479	388	4801	4859	3958	84	4453	5372	3325	3564	2633	5645	2169	5583	73	2631	924	3114	1958	3863	3606	3051	5077	3240	722	3291	1986	2908	3048	5638	1937	2571	3249	4416	3630	2647	2301	2869	732	4307	2712	2554	400	3926	4850	4461	4018	2678	4658	2857	2802	476	4136	4033	106	760	3590	4660	2639	
548	3363	1038	1158	1940	3949	2328	120	1341	1769	1800	3435	3639	2801	2049	1227	1132	2751	969	2815	2102	2463	2806	1243	2434	2077	551	1099	1800	1058	913	2764	806	2276	2252	2672	1605	1167	1790	2476	0	940	1150	2104	2552	3668	2912	2538	2049	3966	1957	1897	158	4146	494	3977	2409	1759	3212	2319	593	2296	1453	1952	3712	946	1878	2040	1444	447	1250	4112	1677	917	1379	2661	1951	408	655	1215	1773	1953	669	1514	2132	1786	2574	2315	2131	1853	2192	1389	1210	2043	3261	1578	2474	2129	2453	2290	1936	
1439	2677	839	1373	1131	3254	2922	960	1483	926	1325	2570	2788	3630	1277	1264	899	1889	674	1923	1846	1530	1892	1015	2024	1627	393	1766	1326	1843	1213	1831	1502	2736	1622	1830	1030	980	2487	3277	940	0	211	2931	2422	3014	2401	3348	1731	3210	1480	1245	810	3351	1108	3152	3217	1663	4081	3065	1323	1620	1666	2662	2985	88	2754	2679	1721	546	1823	3308	1949	1692	1860	1848	1278	1125	1009	900	2622	1038	1352	1450	2901	873	1638	1383	1306	2657	1446	1103	952	2814	2782	827	3293	3030	3071	1387	2756	
1651	2573	956	1474	1008	3143	3056	1171	1563	747	1323	2402	2624	3834	1114	1391	1000	1691	739	1745	1818	1331	1683	1045	2015	1619	605	1929	1324	2024	1383	1630	1676	2846	1555	1677	949	1083	2645	3479	1150	211	0	3136	2410	2917	2355	3551	1691	3079	1469	1186	1016	3205	1311	2997	3419	1744	4289	3228	1529	1537	1752	2821	2865	240	2963	2825	1869	742	1969	3160	2090	1873	1990	1707	1209	1314	1196	980	2830	830	1528	1547	3100	695	1427	1185	1170	2834	1288	1170	1042	3014	2740	694	3496	3241	3209	1182	2936	
1557	4501	2443	3015	3562	5028	3227	2030	3198	3838	3006	4975	5125	700	4144	2166	2485	4815	3068	4483	4087	4298	4814	3303	3280	3124	2559	2445	3005	2178	1895	4586	2326	3468	3520	4234	3708	2438	2652	388	2104	2931	3136	0	4413	4694	3795	438	4068	5183	3096	3305	2262	5445	1825	5367	316	2433	1174	2793	1608	3624	3219	2702	4890	2898	357	2937	1768	2542	2664	5433	1762	2185	2865	4163	3371	2263	1977	2585	344	3966	2324	2326	293	3613	4525	4154	3741	2337	4293	2595	2521	290	4003	3671	370	521	3251	4318	2307	
2990	4832	3216	1424	3311	5353	2045	2669	1235	2050	3732	4323	4561	5047	1822	3593	3292	2339	1782	3683	606	3125	2702	1425	4425	4029	2474	1999	3733	2277	3392	3313	2088	1593	3931	3788	1518	3367	2183	4801	2552	2422	2410	4413	0	5188	4744	4844	755	5199	3879	3578	2433	5232	3036	4968	4728	4059	5314	2606	3139	3888	1195	2284	5049	2510	4096	2078	3947	2294	1795	5172	4186	2239	1600	3876	3591	2229	3125	3311	4071	2370	2102	3829	4531	2878	2826	3048	3418	2606	1741	3518	3356	4445	5129	1857	4766	4220	2193	2390	2719	
3881	356	2651	4385	1915	338	5919	3601	4480	3142	1883	1288	1178	5233	3424	2670	2561	3288	3656	1644	4584	2161	2915	3946	1416	1648	3240	4717	1883	4723	3043	2108	4430	5750	1420	1429	3677	2550	5436	4859	3668	3014	2917	4694	5188	0	901	4943	4433	614	1737	1791	3623	933	3415	1052	4837	2273	5781	5984	3583	1398	4669	5605	378	2945	4743	5658	2943	3475	4810	963	2934	4577	4867	1322	1747	4016	3160	2466	4549	2839	4277	2428	4484	2320	2588	2191	1781	5520	3557	2327	2488	4434	809	3335	4935	5073	6062	2928	5600	
3058	777	1874	3762	1456	1238	5218	2830	3882	2766	1119	1674	1691	4333	3107	1819	1780	3176	3073	1669	4141	2026	2861	3398	526	835	2550	3995	1119	3968	2200	2102	3703	5096	814	1344	3232	1753	4700	3958	2912	2401	2355	3795	4744	901	0	4042	4001	1442	959	1170	2890	1742	2602	1758	3936	1385	4881	5226	2751	875	4062	4864	1149	2320	3852	4942	2051	2788	4113	1750	2034	3828	4195	1199	1153	3287	2348	1697	3657	2522	3554	1558	3583	1903	2485	1994	1403	4744	3265	1527	1703	3533	386	2903	4034	4181	5352	2713	4815	
1992	4772	2817	3451	3925	5279	3586	2461	3633	4261	3330	5305	5445	301	4572	2508	2852	5236	3503	4840	4524	4682	5223	3742	3540	3422	2982	2866	3330	2595	2270	4965	2757	3852	3835	4577	4143	2799	3028	84	2538	3348	3551	438	4844	4943	4042	0	4506	5455	3408	3646	2696	5729	2240	5667	131	2715	840	3116	2027	3945	3649	3064	5161	3311	753	3306	2069	2973	3083	5721	2021	2610	3285	4499	3712	2701	2376	2949	782	4379	2760	2637	481	4003	4925	4539	4099	2688	4723	2939	2882	555	4218	4100	83	754	3598	4732	2645	
2551	4077	2555	1093	2561	4599	2313	2156	942	1295	3013	3585	3823	4739	1091	2957	2623	1699	1148	2937	158	2381	2028	814	3699	3306	1851	1824	3014	2087	2802	2582	1804	1911	3187	3035	769	2702	2247	4453	2049	1731	1691	4068	755	4433	4001	4506	0	4449	3156	2839	1908	4489	2500	4230	4382	3392	5070	2774	2640	3140	1028	2390	4296	1819	3782	2242	3354	1709	1671	4431	3592	2002	1518	3121	2849	1807	2543	2631	3724	1619	1763	3171	4143	2125	2107	2299	2664	2631	1038	2834	2681	4055	4386	1104	4433	3957	2477	1665	2750	
4243	684	2993	4550	2079	363	6131	3913	4623	3159	2252	961	766	5750	3387	3086	2911	3117	3807	1523	4605	2081	2723	4062	1917	2070	3489	4963	2252	5001	3442	1945	4685	5921	1741	1430	3723	2915	5686	5372	3966	3210	3079	5183	5199	614	1442	5455	4449	0	2126	2072	3899	319	3774	488	5345	2750	6296	6253	3961	1677	4815	5859	295	3152	5203	5889	3416	3714	5032	352	3435	4852	5067	1375	2016	4280	3522	2809	5013	2830	4532	2872	4988	2417	2450	2151	1909	5812	3498	2703	2844	4932	1417	3385	5442	5533	6281	2845	5899	
2144	1467	923	2819	815	2041	4259	1880	2947	2013	161	1906	2037	3708	2386	960	831	2646	2153	1538	3286	1620	2417	2492	546	150	1594	3037	161	3015	1318	1822	2744	4141	428	1226	2398	814	3743	3325	1957	1480	1469	3096	3879	1737	959	3408	3156	2126	0	407	1931	2366	1679	2271	3289	729	4243	4275	1849	545	3123	3908	1845	1395	3089	3983	1339	1833	3154	2348	1419	2873	3238	1121	447	2328	1423	742	2902	1845	2595	772	2929	1200	2035	1524	894	3799	2558	591	755	2865	1325	2093	3384	3417	4393	2119	3874	
2183	1471	936	2617	408	2057	4129	1842	2727	1644	364	1674	1839	3947	2009	1140	863	2241	1910	1209	2977	1223	2011	2230	889	534	1449	2927	365	2943	1439	1442	2641	3971	378	931	2072	886	3647	3564	1897	1245	1186	3305	3578	1791	1170	3646	2839	2072	407	0	1839	2269	1717	2129	3522	1071	4470	4201	1915	399	2911	3818	1815	1169	3257	3868	1598	1684	3020	2241	1720	2795	3081	860	66	2229	1471	758	3079	1453	2489	1040	3165	807	1630	1121	506	3748	2179	710	807	3094	1555	1752	3615	3579	4271	1717	3833	
706	3310	1026	1062	1852	3896	2331	249	1240	1616	1772	3339	3547	2959	1892	1268	1121	2597	814	2709	1967	2340	2659	1098	2426	2058	433	1105	1772	1104	986	2640	813	2248	2203	2580	1449	1166	1815	2633	158	810	1016	2262	2433	3623	2890	2696	1908	3899	1931	1839	0	4070	603	3893	2566	1794	3369	2362	733	2238	1366	1983	3651	825	2035	2052	1532	294	1233	4034	1769	956	1342	2577	1890	397	719	1195	1930	1808	664	1548	2288	1670	2434	2192	2041	1913	2035	1381	1199	2199	3248	1421	2631	2283	2462	2142	2002	
4451	970	3202	4664	2226	662	6261	4101	4725	3213	2481	915	683	6025	3411	3325	3124	3072	3920	1554	4647	2108	2673	4155	2200	2322	3651	5115	2482	5167	3672	1932	4842	6032	1962	1530	3785	3134	5837	5645	4146	3351	3205	5445	5232	933	1742	5729	4489	319	2366	2269	4070	0	3984	290	5616	3016	6569	6410	4178	1884	4919	6011	596	3298	5453	6028	3677	3870	5171	70	3708	5017	5195	1503	2209	4444	3735	3020	5265	2877	4690	3125	5258	2525	2435	2197	2045	5981	3508	2928	3060	5200	1734	3452	5713	5782	6415	2852	6072	
468	3136	783	1651	1862	3716	2739	374	1834	2025	1535	3353	3538	2523	2351	815	863	2996	1374	2781	2565	2517	2990	1687	2096	1776	752	1527	1535	1424	452	2813	1245	2729	2034	2585	1978	865	2168	2169	494	1108	1311	1825	3036	3415	2602	2240	2500	3774	1679	1717	603	3984	0	3844	2109	1342	2983	2651	224	2101	1947	2319	3504	1073	1668	2439	955	803	1702	3957	1185	1302	1848	2548	1779	885	256	966	1524	2141	1125	1104	1795	1824	2709	2369	2053	2155	2511	1088	932	1708	2928	1881	2185	1963	2851	2493	2220	
4308	987	3065	4443	2041	849	6048	3939	4497	2962	2374	646	407	5966	3146	3222	2992	2787	3700	1304	4387	1851	2388	3923	2172	2246	3469	4919	2374	4983	3556	1660	4652	5807	1853	1322	3537	3009	5639	5583	3977	3152	2997	5367	4968	1052	1758	5667	4230	488	2271	2129	3893	290	3844	0	5551	2953	6505	6217	4045	1761	4691	5814	677	3105	5356	5822	3603	3681	4967	221	3652	4832	4982	1317	2066	4259	3600	2886	5171	2624	4500	3041	5191	2308	2160	1948	1855	5798	3238	2812	2932	5130	1812	3207	5647	5683	6203	2583	5892	
1864	4661	2689	3331	3798	5173	3504	2331	3514	4130	3209	5184	5325	426	4442	2383	2724	5104	3375	4714	4402	4552	5092	3615	3431	3305	2851	2756	3208	2487	2141	4836	2641	3760	3715	4453	4014	2672	2939	73	2409	3217	3419	316	4728	4837	3936	131	4382	5345	3289	3522	2566	5616	2109	5551	0	2600	955	3047	1896	3825	3533	2981	5050	3180	649	3220	1950	2843	2974	5607	1909	2498	3176	4376	3588	2577	2245	2821	660	4248	2640	2517	359	3873	4794	4409	3973	2608	4593	2814	2755	428	4119	3969	98	698	3521	4600	2570	
1757	2068	843	2819	1453	2603	4074	1653	2978	2428	708	2629	2748	3013	2812	533	769	3206	2278	2261	3501	2282	3030	2634	860	713	1599	2851	707	2765	895	2512	2562	4034	1150	1954	2685	692	3510	2631	1759	1663	1744	2433	4059	2273	1385	2715	3392	2750	729	1071	1794	3016	1342	2953	2600	0	3554	3988	1442	1272	3130	3661	2457	1577	2470	3778	670	1810	3009	3007	700	2640	3133	1851	1129	2166	1113	766	2276	2344	2428	246	2242	1742	2659	2167	1576	3485	2989	575	711	2184	1652	2434	2697	2800	4190	2662	3543	
2667	5612	3617	3983	4735	6118	3792	3152	4154	4973	4161	6135	6278	549	5261	3330	3658	5955	4153	5655	5067	5471	5971	4351	4380	4260	3701	3316	4160	3038	3069	5760	3271	4129	4669	5401	4795	3610	3304	924	3212	4081	4289	1174	5314	5781	4881	840	5070	6296	4243	4470	3369	6569	2983	6505	955	3554	0	3241	2762	4778	4137	3296	6001	4054	1335	3548	2904	3659	3519	6561	2861	3090	3717	5326	4536	3302	3147	3757	1460	5119	3307	3471	1314	4785	5691	5326	4912	2907	5402	3760	3693	1378	5051	4790	859	1113	3766	5469	2834	
2239	5672	3353	1904	4184	6258	614	2395	1946	3505	4119	5629	5851	3193	3570	3465	3446	4321	2583	4971	2682	4515	4548	2487	4736	4391	2764	1299	4119	1261	3093	4800	1568	1053	4565	4894	3011	3473	589	3114	2319	3065	3228	2793	2606	5984	5226	3116	2774	6253	4275	4201	2362	6410	2651	6217	3047	3988	3241	0	2552	4600	1789	416	6010	3113	2439	537	3484	2541	1282	6370	3663	1407	1336	4908	4252	1974	2895	3533	2539	3815	1721	3754	3039	3923	4460	4379	4366	515	3619	3699	3523	2981	5567	3236	3034	2363	539	4056	498	
315	3314	980	1731	2077	3890	2688	484	1918	2234	1712	3563	3745	2307	2552	937	1054	3209	1537	2999	2695	2740	3210	1831	2237	1937	955	1505	1712	1364	554	3036	1240	2716	2220	2797	2157	1045	2101	1958	593	1323	1529	1608	3139	3583	2751	2027	2640	3961	1849	1915	733	4178	224	4045	1896	1442	2762	2552	0	2294	2013	2242	3687	1292	1445	2382	959	974	1697	4152	1171	1258	1859	2755	1979	932	445	1159	1302	2359	1140	1217	1591	2047	2931	2592	2267	2046	2708	1261	1118	1503	3064	2080	1970	1739	2790	2710	2102	
2569	1073	1319	2993	583	1659	4521	2239	3095	1892	619	1363	1501	4246	2232	1465	1240	2340	2273	1025	3283	1222	2056	2579	774	580	1845	3324	619	3342	1795	1368	3039	4354	131	697	2371	1252	4044	3863	2296	1620	1537	3624	3888	1398	875	3945	3140	1677	545	399	2238	1884	2101	1761	3825	1272	4778	4600	2294	0	3282	4215	1417	1548	3599	4263	1878	2078	3412	1859	1964	3194	3469	581	349	2627	1851	1136	3416	1648	2886	1309	3466	1029	1671	1161	536	4147	2391	1052	1176	3399	1255	2038	3920	3925	4665	1854	4231	
1826	4326	2309	311	2759	4893	1418	1573	194	1796	2964	4065	4299	3855	1800	2619	2398	2539	1014	3395	974	2883	2790	774	3658	3266	1551	827	2964	1103	2352	3144	893	1118	3288	3393	1254	2460	1234	3606	1453	1666	1752	3219	1195	4669	4062	3649	1028	4815	3123	2911	1366	4919	1947	4691	3533	3130	4137	1789	2013	3282	0	1387	4612	1744	2902	1276	2895	1324	650	4869	3129	1050	491	3441	2943	1082	2085	2446	2877	2129	917	2887	3340	2399	2748	2762	2914	1605	1836	2651	2472	3255	4441	1527	3572	3035	1583	2322	1724	
1936	5288	2990	1489	3786	5874	525	2037	1537	3089	3751	5222	5445	3179	3157	3132	3084	3910	2168	4562	2306	4102	4133	2072	4383	4029	2373	897	3751	899	2768	4386	1176	840	4185	4491	2597	3116	175	3051	1952	2662	2821	2702	2284	5605	4864	3064	2390	5859	3908	3818	1983	6011	2319	5814	2981	3661	3296	416	2242	4215	1387	0	5621	2713	2345	252	3192	2145	867	5970	3384	1036	923	4508	3866	1589	2555	3167	2416	3399	1329	3422	2924	3515	4044	3966	3966	389	3210	3340	3162	2858	5213	2820	2981	2326	572	3641	472	
3973	390	2725	4339	1858	311	5907	3655	4420	3000	1975	956	817	5456	3253	2802	2641	3045	3600	1412	4450	1958	2660	3868	1622	1783	3248	4726	1975	4755	3163	1861	4445	5711	1471	1261	3555	2642	5449	5077	3712	2985	2865	4890	5049	378	1149	5161	4296	295	1845	1815	3651	596	3504	677	5050	2457	6001	6010	3687	1417	4612	5621	0	2923	4915	5658	3125	3477	4803	612	3141	4606	4845	1183	1761	4037	3251	2540	4723	2681	4292	2584	4694	2223	2358	2011	1698	5562	3374	2426	2572	4639	1146	3214	5148	5244	6055	2729	5647	
1426	2610	757	1448	1074	3189	2984	954	1562	981	1240	2530	2745	3596	1340	1185	814	1931	758	1890	1934	1518	1918	1101	1938	1542	395	1816	1240	1882	1149	1819	1547	2806	1546	1783	1113	895	2538	3240	946	88	240	2898	2510	2945	2320	3311	1819	3152	1395	1169	825	3298	1073	3105	3180	1577	4054	3113	1292	1548	1744	2713	2923	0	2730	2737	1649	579	1881	3257	1874	1731	1925	1796	1204	1160	957	812	2594	1068	1395	1365	2860	846	1650	1370	1254	2697	1512	1015	866	2774	2701	899	3258	3011	3132	1420	2794	
1332	4527	2356	2714	3480	5072	2870	1818	2893	3639	2983	4930	5093	958	3927	2135	2410	4621	2824	4406	3793	4180	4646	3037	3329	3133	2370	2113	2983	1842	1821	4473	2013	3114	3503	4176	3467	2374	2296	722	1878	2754	2963	357	4096	4743	3852	753	3782	5203	3089	3257	2035	5453	1668	5356	649	2470	1335	2439	1445	3599	2902	2345	4915	2730	0	2580	1801	2324	2330	5437	1842	1859	2532	4116	3323	1989	1855	2514	197	3792	2024	2331	608	3488	4375	4032	3665	1980	4069	2552	2456	564	4088	3456	673	330	2894	4140	1951	
2084	5335	3074	1426	3810	5918	311	2134	1443	3033	3824	5219	5446	3426	3072	3246	3168	3814	2140	4554	2147	4076	4057	2005	4473	4109	2419	947	3824	1019	2891	4354	1240	589	4240	4502	2517	3206	297	3291	2040	2679	2825	2937	2078	5658	4942	3306	2242	5889	3983	3868	2052	6028	2439	5822	3220	3778	3548	537	2382	4263	1276	252	5658	2737	2580	0	3340	2184	857	5984	3540	1138	856	4527	3913	1655	2666	3246	2644	3353	1388	3536	3153	3515	3990	3945	3985	642	3111	3427	3246	3084	5298	2762	3223	2571	413	3576	723	
1257	2736	930	2594	1920	3273	3646	1325	2772	2612	1266	3240	3376	2369	2983	510	919	3500	2206	2805	3439	2727	3390	2550	1528	1358	1505	2460	1265	2322	556	2989	2188	3670	1766	2525	2732	843	3056	1986	1444	1721	1869	1768	3947	2943	2051	2069	3354	3416	1339	1598	1532	3677	955	3603	1950	670	2904	3484	959	1878	2895	3192	3125	1649	1801	3340	0	1656	2646	3666	239	2217	2799	2438	1663	1840	823	990	1606	2613	2076	569	1590	2097	3045	2595	2078	2971	3157	914	916	1527	2300	2548	2046	2131	3746	2958	3015	
992	3150	985	1013	1644	3734	2445	512	1168	1322	1672	3109	3324	3241	1604	1312	1074	2304	571	2466	1786	2073	2366	898	2354	1970	239	1250	1673	1304	1100	2372	973	2308	2058	2361	1183	1136	1973	2908	447	546	742	2542	2294	3475	2788	2973	1709	3714	1833	1684	294	3870	803	3681	2843	1810	3659	2541	974	2078	1324	2145	3477	579	2324	2184	1656	0	1335	3830	1895	1153	1407	2369	1729	581	837	1127	2214	1517	820	1569	2555	1418	2148	1926	1827	2119	1751	1330	1149	2466	3158	1132	2910	2576	2587	1848	2216	
1440	4483	2259	646	2953	5065	1109	1358	741	2226	2993	4367	4592	3269	2314	2477	2353	3074	1302	3704	1624	3237	3279	1221	3657	3284	1572	221	2994	489	2148	3520	458	1028	3394	3646	1753	2398	693	3048	1250	1823	1969	2664	1795	4810	4113	3083	1671	5032	3154	3020	1233	5171	1702	4967	2974	3009	3519	1282	1697	3412	650	867	4803	1881	2330	857	2646	1335	0	5128	2865	493	202	3670	3063	844	1901	2424	2330	2533	582	2764	2817	2662	3179	3102	3128	993	2381	2614	2431	2735	4475	1958	3003	2431	1252	2781	1111	
4423	975	3175	4617	2187	707	6216	4068	4676	3157	2461	853	618	6018	3351	3306	3098	3006	3873	1497	4588	2050	2607	4104	2198	2309	3613	5073	2461	5129	3650	1870	4803	5983	1941	1484	3730	3110	5795	5638	4112	3308	3160	5433	5172	963	1750	5721	4431	352	2348	2241	4034	70	3957	221	5607	3007	6561	6370	4152	1859	4869	5970	612	3257	5437	5984	3666	3830	5128	0	3701	4979	5149	1462	2180	4405	3709	2994	5249	2820	4650	3111	5249	2477	2372	2141	2004	5944	3446	2906	3035	5190	1757	3397	5704	5765	6370	2790	6035	
1456	2752	1140	2829	2067	3269	3848	1557	3008	2829	1370	3325	3448	2317	3203	707	1118	3701	2444	2927	3677	2887	3576	2788	1523	1413	1743	2675	1370	2526	794	3139	2407	3886	1845	2633	2964	1038	3253	1937	1677	1949	2090	1762	4186	2934	2034	2021	3592	3435	1419	1720	1769	3708	1185	3652	1909	700	2861	3663	1171	1964	3129	3384	3141	1874	1842	3540	239	1895	2865	3701	0	2427	3022	2537	1783	2069	1061	1178	1644	2816	2300	682	1553	2278	3223	2759	2214	3148	3378	1072	1104	1500	2249	2773	2007	2167	3943	3157	3186	
977	4266	1954	909	2793	4852	1437	1002	1069	2288	2716	4261	4476	2808	2451	2108	2048	3211	1334	3615	1985	3196	3363	1385	3348	2993	1366	273	2716	151	1754	3491	223	1467	3158	3513	1904	2081	875	2571	917	1692	1873	2185	2239	4577	3828	2610	2002	4852	2873	2795	956	5017	1302	4832	2498	2640	3090	1407	1258	3194	1050	1036	4606	1731	1859	1138	2217	1153	493	4979	2427	0	689	3518	2846	574	1528	2132	1847	2558	350	2398	2329	2564	3209	3053	2978	966	2548	2304	2126	2246	4177	2036	2531	1986	1550	2848	1064	
1615	4535	2360	571	2989	5114	1066	1492	618	2178	3078	4373	4601	3471	2235	2604	2454	2987	1288	3705	1460	3221	3213	1153	3752	3373	1646	421	3078	691	2288	3498	623	907	3458	3666	1675	2504	760	3249	1379	1860	1990	2865	1600	4867	4195	3285	1518	5067	3238	3081	1342	5195	1848	4982	3176	3133	3717	1336	1859	3469	491	923	4845	1925	2532	856	2799	1407	202	5149	3022	689	0	3698	3122	970	2034	2519	2531	2497	723	2887	3016	2674	3135	3091	3159	1115	2288	2714	2531	2935	4563	1908	3205	2631	1222	2725	1235	
3007	966	1778	3176	725	1480	4763	2624	3248	1826	1173	814	990	4800	2102	1997	1713	2023	2433	480	3274	867	1681	2689	1296	1161	2153	3612	1173	3669	2296	904	3341	4547	709	145	2375	1743	4334	4416	2661	1848	1707	4163	3876	1322	1199	4499	3121	1375	1121	860	2577	1503	2548	1317	4376	1851	5326	4908	2755	581	3441	4508	1183	1796	4116	4527	2438	2369	3670	1462	2537	3518	3698	0	794	2945	2310	1608	3938	1518	3188	1871	4018	1044	1319	876	542	4483	2237	1569	1662	3949	1516	2033	4470	4437	4915	1618	4577	
2244	1423	999	2651	373	2008	4172	1898	2758	1640	421	1608	1774	4013	2000	1206	927	2209	1939	1145	2988	1175	1971	2254	901	564	1495	2974	422	2994	1504	1387	2690	4009	347	865	2081	952	3695	3630	1951	1278	1209	3371	3591	1747	1153	3712	2849	2016	447	66	1890	2209	1779	2066	3588	1129	4536	4252	1979	349	2943	3866	1761	1204	3323	3913	1663	1729	3063	2180	1783	2846	3122	794	0	2278	1533	822	3145	1436	2537	1103	3231	791	1588	1077	452	3801	2167	777	872	3160	1539	1757	3681	3645	4315	1690	3886	
761	3700	1421	808	2219	4286	1935	522	997	1800	2169	3690	3904	2941	2017	1635	1515	2760	878	3047	1835	2643	2872	1049	2821	2454	792	708	2169	724	1319	2941	416	1868	2596	2940	1508	1557	1420	2647	408	1125	1314	2263	2229	4016	3287	2701	1807	4280	2328	2229	397	4444	885	4259	2577	2166	3302	1974	932	2627	1082	1589	4037	1160	1989	1655	1840	581	844	4405	2069	574	970	2945	2278	0	1063	1591	1920	2042	268	1921	2338	1998	2687	2498	2405	1539	2138	1775	1594	2250	3644	1568	2629	2193	2066	2352	1635	
723	2881	535	1780	1638	3461	2961	544	1955	1935	1280	3119	3299	2667	2282	580	612	2886	1397	2562	2622	2327	2850	1734	1845	1521	712	1739	1280	1656	269	2620	1450	2929	1781	2353	1960	610	2401	2301	655	1009	1196	1977	3125	3160	2348	2376	2543	3522	1423	1471	719	3735	256	3600	2245	1113	3147	2895	445	1851	2085	2555	3251	957	1855	2666	823	837	1901	3709	1061	1528	2034	2310	1533	1063	0	715	1697	2013	1319	871	1914	1638	2550	2181	1826	2403	2448	833	678	1830	2677	1821	2327	2161	3078	2367	2470	
1434	2176	185	2136	977	2759	3525	1139	2280	1684	586	2421	2594	3248	2066	480	106	2525	1535	1899	2743	1751	2401	1889	1234	863	895	2300	586	2273	694	2024	2007	3425	1069	1662	1919	152	3003	2869	1215	900	980	2585	3311	2466	1697	2949	2631	2809	742	758	1195	3020	966	2886	2821	766	3757	3533	1159	1136	2446	3167	2540	812	2514	3246	990	1127	2424	2994	1178	2132	2519	1608	822	1591	715	0	2341	1642	1859	570	2470	1107	2056	1614	1156	3059	2244	208	74	2394	2053	1672	2911	2832	3657	1980	3135	
1224	4336	2187	2671	3311	4879	2940	1703	2855	3520	2799	4753	4912	1029	3818	1951	2238	4500	2732	4237	3743	4024	4511	2962	3134	2944	2244	2110	2798	1846	1647	4316	1984	3160	3318	4001	3374	2199	2354	732	1773	2622	2830	344	4071	4549	3657	782	3724	5013	2902	3079	1930	5265	1524	5171	660	2276	1460	2539	1302	3416	2877	2416	4723	2594	197	2644	1606	2214	2330	5249	1644	1847	2531	3938	3145	1920	1697	2341	0	3660	1981	2141	509	3334	4232	3878	3494	2063	3965	2371	2281	443	3891	3345	710	525	2975	4010	2045	
2473	2482	1684	1928	1079	2986	3536	1988	1939	341	1745	1981	2220	4664	591	2109	1699	887	1239	1323	1775	774	855	1358	2338	1984	1425	2550	1745	2701	2175	1017	2341	3241	1727	1421	916	1778	3225	4307	1953	1038	830	3966	2370	2839	2522	4379	1619	2830	1845	1453	1808	2877	2141	2624	4248	2344	5119	3815	2359	1648	2129	3399	2681	1068	3792	3353	2613	1517	2533	2820	2816	2558	2497	1518	1436	2042	2013	1642	3660	0	2208	2196	3925	647	652	681	1122	3481	744	1786	1715	3840	2896	602	4326	4066	3699	354	3592	
919	3959	1689	691	2464	4544	1667	776	875	1942	2436	3921	4139	2982	2119	1895	1783	2876	991	3272	1769	2847	3018	1077	3088	2722	1044	442	2436	498	1568	3141	153	1609	2857	3178	1582	1825	1158	2712	669	1352	1528	2324	2102	4277	3554	2760	1763	4532	2595	2489	664	4690	1125	4500	2640	2428	3307	1721	1140	2886	917	1329	4292	1395	2024	1388	2076	820	582	4650	2300	350	723	3188	2537	268	1319	1859	1981	2208	0	2182	2430	2221	2859	2705	2647	1306	2224	2043	1861	2344	3911	1694	2684	2194	1798	2501	1408	
1531	2197	616	2576	1386	2751	3832	1409	2736	2253	698	2671	2808	2937	2636	291	552	3071	2048	2248	3276	2209	2921	2404	1034	803	1361	2607	698	2525	665	2457	2317	3789	1198	1960	2478	470	3270	2554	1514	1450	1547	2326	3829	2428	1558	2637	3171	2872	772	1040	1548	3125	1104	3041	2517	246	3471	3754	1217	1309	2887	3422	2584	1365	2331	3536	569	1569	2764	3111	682	2398	2887	1871	1103	1921	871	570	2141	2196	2182	0	2158	1622	2560	2085	1532	3255	2813	412	505	2093	1852	2240	2613	2660	3949	2526	3315	
1598	4304	2342	3117	3446	4820	3449	2045	3304	3821	2850	4825	4965	782	4143	2027	2374	4789	3101	4359	4173	4208	4764	3360	3076	2946	2545	2596	2849	2338	1795	4489	2449	3666	3356	4096	3735	2320	2862	400	2132	2901	3100	293	4531	4484	3583	481	4143	4988	2929	3165	2288	5258	1795	5191	359	2242	1314	3039	1591	3466	3340	2924	4694	2860	608	3153	1590	2555	2817	5249	1553	2329	3016	4018	3231	2338	1914	2470	509	3925	2430	2158	0	3531	4459	4065	3619	2570	4298	2458	2403	89	3774	3670	456	814	3482	4278	2548	
2232	1967	1199	2140	447	2514	3740	1781	2206	863	1107	1707	1931	4297	1212	1588	1186	1467	1396	1051	2272	693	1299	1646	1692	1338	1239	2625	1108	2715	1738	991	2370	3509	1095	995	1361	1256	3340	3926	1786	873	695	3613	2878	2320	1903	4003	2125	2417	1200	807	1670	2525	1824	2308	3873	1742	4785	3923	2047	1029	2399	3515	2223	846	3488	3515	2097	1418	2662	2477	2278	2564	2674	1044	791	1998	1638	1107	3334	647	2221	1622	3531	0	948	545	541	3527	1377	1212	1182	3451	2284	1021	3957	3786	3895	928	3627	
3075	2246	2142	2565	1223	2669	4163	2597	2562	957	1980	1520	1754	5216	1018	2536	2134	705	1889	948	2265	459	385	1987	2437	2149	2031	3201	1981	3353	2673	506	2993	3849	1784	1185	1502	2204	3871	4850	2574	1638	1427	4525	2826	2588	2485	4925	2107	2450	2035	1630	2434	2435	2709	2160	4794	2659	5691	4460	2931	1671	2748	4044	2358	1650	4375	3990	3045	2148	3179	2372	3223	3209	3135	1319	1588	2687	2550	2056	4232	652	2859	2560	4459	948	0	515	1157	4132	1085	2153	2130	4377	2826	1228	4877	4660	4327	444	4243	
2774	1838	1725	2534	718	2319	4149	2317	2570	1016	1477	1310	1547	4835	1242	2090	1702	1184	1804	644	2455	149	900	1989	1923	1635	1765	3089	1477	3202	2270	450	2849	3880	1271	762	1589	1766	3791	4461	2315	1383	1185	4154	3048	2191	1994	4539	2299	2151	1524	1121	2192	2197	2369	1948	4409	2167	5326	4379	2592	1161	2762	3966	2011	1370	4032	3945	2595	1926	3102	2141	2759	3053	3091	876	1077	2498	2181	1614	3878	681	2705	2085	4065	545	515	0	642	4007	1367	1688	1687	3986	2347	1259	4495	4331	4309	742	4112	
2502	1428	1308	2643	192	1983	4223	2100	2722	1387	870	1308	1508	4399	1711	1596	1257	1810	1902	743	2812	728	1543	2173	1283	997	1614	3070	870	3129	1849	936	2799	4015	635	541	1901	1302	3792	4018	2131	1306	1170	3741	3418	1781	1403	4099	2664	1909	894	506	2041	2045	2053	1855	3973	1576	4912	4366	2267	536	2914	3966	1698	1254	3665	3985	2078	1827	3128	2004	2214	2978	3159	542	452	2405	1826	1156	3494	1122	2647	1532	3619	541	1157	642	0	3944	1865	1168	1220	3545	1775	1561	4063	3979	4375	1318	4038	
1731	5216	2876	1639	3758	5802	901	1920	1726	3190	3645	5226	5442	2795	3302	2967	2968	4063	2243	4578	2564	4148	4256	2207	4247	3910	2330	932	3645	815	2591	4440	1159	1226	4105	4479	2741	2991	428	2678	1853	2657	2834	2337	2606	5520	4744	2688	2631	5812	3799	3748	1913	5981	2155	5798	2608	3485	2907	515	2046	4147	1605	389	5562	2697	1980	642	2971	2119	993	5944	3148	966	1115	4483	3801	1539	2403	3059	2063	3481	1306	3255	2570	3527	4132	4007	3944	0	3373	3217	3044	2506	5079	2927	2605	1944	914	3750	119	
2741	3202	2241	1735	1818	3683	3239	2263	1674	561	2445	2594	2831	4992	178	2677	2278	703	1262	1975	1193	1418	994	1172	3067	2702	1760	2462	2446	2673	2659	1579	2326	2878	2468	2129	644	2361	3047	4658	2192	1446	1288	4293	1741	3557	3265	4723	1038	3498	2558	2179	2035	3508	2511	3238	4593	2989	5402	3619	2708	2391	1836	3210	3374	1512	4069	3111	3157	1751	2381	3446	3378	2548	2288	2237	2167	2138	2448	2244	3965	744	2224	2813	4298	1377	1085	1367	1865	3373	0	2416	2311	4210	3640	630	4661	4307	3405	656	3490	
1554	2053	355	2341	1006	2630	3710	1304	2486	1855	451	2383	2541	3239	2238	431	261	2660	1743	1903	2948	1816	2511	2097	1046	693	1100	2482	451	2443	744	2075	2189	3621	966	1640	2115	226	3178	2857	1389	1103	1170	2595	3518	2327	1527	2939	2834	2703	591	710	1381	2928	1088	2812	2814	575	3760	3699	1261	1052	2651	3340	2426	1015	2552	3427	914	1330	2614	2906	1072	2304	2714	1569	777	1775	833	208	2371	1786	2043	412	2458	1212	2153	1688	1168	3217	2416	0	183	2386	1873	1859	2906	2876	3839	2114	3290	
1400	2204	173	2161	1044	2785	3528	1128	2309	1753	605	2476	2645	3181	2134	406	78	2598	1576	1962	2792	1823	2475	1932	1227	868	921	2301	605	2265	635	2095	2007	3438	1103	1720	1977	83	2999	2802	1210	952	1042	2521	3356	2488	1703	2882	2681	2844	755	807	1199	3060	932	2932	2755	711	3693	3523	1118	1176	2472	3162	2572	866	2456	3246	916	1149	2431	3035	1104	2126	2531	1662	872	1594	678	74	2281	1715	1861	505	2403	1182	2130	1687	1220	3044	2311	183	0	2327	2052	1735	2845	2776	3658	2053	3119	
1509	4249	2263	3030	3371	4769	3381	1956	3217	3734	2782	4757	4900	854	4055	1955	2297	4703	3012	4286	4085	4128	4680	3271	3023	2885	2457	2514	2782	2258	1716	4411	2364	3593	3291	4026	3646	2244	2792	476	2043	2814	3014	290	4445	4434	3533	555	4055	4932	2865	3094	2199	5200	1708	5130	428	2184	1378	2981	1503	3399	3255	2858	4639	2774	564	3084	1527	2466	2735	5190	1500	2246	2935	3949	3160	2250	1830	2394	443	3840	2344	2093	89	3451	4377	3986	3545	2506	4210	2386	2327	0	3731	3582	521	799	3417	4193	2488	
3375	848	2225	4139	1837	1134	5578	3176	4262	3147	1486	1861	1831	4503	3484	2127	2130	3524	3455	1967	4526	2368	3195	3782	832	1191	2919	4352	1485	4315	2510	2417	4059	5466	1199	1658	3617	2096	5051	4136	3261	2782	2740	4003	5129	809	386	4218	4386	1417	1325	1555	3248	1734	2928	1812	4119	1652	5051	5567	3064	1255	4441	5213	1146	2701	4088	5298	2300	3158	4475	1757	2249	4177	4563	1516	1539	3644	2677	2053	3891	2896	3911	1852	3774	2284	2826	2347	1775	5079	3640	1873	2052	3731	0	3288	4217	4415	5709	3075	5147	
2124	2980	1647	1337	1457	3513	2939	1642	1339	271	1961	2569	2807	4370	473	2080	1694	1192	703	1903	1251	1368	1331	760	2628	2242	1130	1996	1961	2172	2038	1619	1814	2639	2089	1957	342	1777	2649	4033	1578	827	694	3671	1857	3335	2903	4100	1104	3385	2093	1752	1421	3452	1881	3207	3969	2434	4790	3236	2080	2038	1527	2820	3214	899	3456	2762	2548	1132	1958	3397	2773	2036	1908	2033	1757	1568	1821	1672	3345	602	1694	2240	3670	1021	1228	1259	1561	2927	630	1859	1735	3582	3288	0	4038	3703	3102	823	3040	
1927	4759	2776	3375	3888	5271	3504	2398	3557	4203	3303	5278	5420	340	4511	2476	2813	5179	3437	4805	4450	4639	5171	3672	3529	3401	2924	2786	3303	2515	2228	4924	2680	3769	3811	4546	4078	2762	2945	106	2474	3293	3496	370	4766	4935	4034	83	4433	5442	3384	3615	2631	5713	2185	5647	98	2697	859	3034	1970	3920	3572	2981	5148	3258	673	3223	2046	2910	3003	5704	2007	2531	3205	4470	3681	2629	2327	2911	710	4326	2684	2613	456	3957	4877	4495	4063	2605	4661	2906	2845	521	4217	4038	0	673	3515	4678	2563	
1593	4857	2671	2873	3793	5402	2845	2080	3045	3898	3309	5251	5417	858	4171	2461	2728	4880	3051	4719	3957	4479	4921	3240	3659	3463	2641	2222	3309	1944	2141	4775	2162	3130	3830	4495	3692	2694	2301	760	2129	3030	3241	521	4220	5073	4181	754	3957	5533	3417	3579	2283	5782	1963	5683	698	2800	1113	2363	1739	3925	3035	2326	5244	3011	330	2571	2131	2576	2431	5765	2167	1986	2631	4437	3645	2193	2161	2832	525	4066	2194	2660	814	3786	4660	4331	3979	1944	4307	2876	2776	799	4415	3703	673	0	2850	4410	1896	
2489	5736	3485	1776	4202	6318	166	2547	1765	3372	4234	5594	5823	3694	3380	3658	3580	4107	2509	4926	2363	4437	4371	2342	4885	4520	2823	1357	4234	1429	3303	4709	1651	600	4644	4886	2837	3618	690	3590	2453	3071	3209	3251	2193	6062	5352	3598	2477	6281	4393	4271	2462	6415	2851	6203	3521	4190	3766	539	2790	4665	1583	572	6055	3132	2894	413	3746	2587	1252	6370	3943	1550	1222	4915	4315	2066	3078	3657	2975	3699	1798	3949	3482	3895	4327	4309	4375	914	3405	3839	3658	3417	5709	3102	3515	2850	0	3904	954	
2816	2577	2031	2154	1319	3039	3739	2330	2140	561	2034	1938	2175	5016	575	2452	2041	545	1514	1323	1823	772	520	1572	2584	2251	1770	2818	2034	2987	2528	924	2628	3415	1949	1500	1070	2119	3470	4660	2290	1387	1182	4318	2390	2928	2713	4732	1665	2845	2119	1717	2142	2852	2493	2583	4600	2662	5469	4056	2710	1854	2322	3641	2729	1420	4140	3576	2958	1848	2781	2790	3157	2848	2725	1618	1690	2352	2367	1980	4010	354	2501	2526	4278	928	444	742	1318	3750	656	2114	2053	4193	3075	823	4678	4410	3904	0	3863	
1787	5298	2952	1757	3851	5884	960	1998	1845	3303	3722	5324	5539	2741	3418	3029	3043	4179	2354	4678	2682	4253	4370	2324	4315	3983	2424	1044	3722	913	2651	4546	1262	1312	4187	4574	2857	3064	537	2639	1936	2756	2936	2307	2719	5600	4815	2645	2750	5899	3874	3833	2002	6072	2220	5892	2570	3543	2834	498	2102	4231	1724	472	5647	2794	1951	723	3015	2216	1111	6035	3186	1064	1235	4577	3886	1635	2470	3135	2045	3592	1408	3315	2548	3627	4243	4112	4038	119	3490	3290	3119	2488	5147	3040	2563	1896	954	3863	0	


0	 CF143HJ 	 0 	 0 	 540  	 1080  	 0  	 0 

1	 CF149DA	 1 	 5 	 600  	 840  	 7  	 3 
2	 CF144PN	 1 	 10 	 720  	 960  	 5  	 2 
3	 CF142LE 	 1 	 7 	 600  	 840  	 6  	 3 
4	 CF146LW	 1 	 10 	 660  	 900  	 9  	 4 
5	 CF149GB 	 1 	 2 	 720  	 960  	 6  	 3 
6	 CF52HE 	 1 	 3 	 540  	 780  	 8  	 4 
7	 CF141HE 	 1 	 10 	 720  	 960  	 9  	 4 
8	 CF142LT 	 0 	 7 	 660  	 900  	 5  	 2 
9	 CF141BR 	 1 	 3 	 720  	 960  	 10  	 5 
10	 CF148NR	 1 	 9 	 660  	 900  	 5  	 2 
11	 CF149AA 	 1 	 7 	 600  	 840  	 5  	 2 
12	 CF149FJ 	 1 	 7 	 660  	 900  	 6  	 3 
13	 CF244BR 	 1 	 10 	 660  	 900  	 9  	 4 
14	 CF147BJ 	 1 	 3 	 540  	 780  	 6  	 3 
15	 CF144BJ 	 1 	 9 	 660  	 900  	 8  	 4 
16	 CF144PL 	 1 	 5 	 540  	 780  	 7  	 3 
17	 CF147HN	 0 	 9 	 600  	 840  	 9  	 4 
18	 CF141XG 	 1 	 5 	 660  	 900  	 6  	 3 
19	 CF146QL 	 1 	 6 	 720  	 960  	 10  	 5 
20	 CF142BH 	 1 	 3 	 540  	 780  	 10  	 5 
21	 CF146RP 	 1 	 4 	 600  	 840  	 5  	 2 
22	 CF146US 	 1 	 4 	 660  	 900  	 5  	 2 
23	 CF142EB 	 1 	 4 	 660  	 900  	 10  	 5 
24	 CF145PZ 	 1 	 3 	 600  	 840  	 8  	 4 
25	 CF145GG	 1 	 9 	 720  	 960  	 7  	 3 
26	 CF141RE 	 1 	 4 	 720  	 960  	 10  	 5 
27	 CF142QQ	 1 	 1 	 540  	 780  	 5  	 2 
28	 CF147TX 	 1 	 1 	 720  	 960  	 9  	 4 
29	 CF142QX	 1 	 5 	 540  	 780  	 10  	 5 
30	 CF144DP 	 1 	 1 	 600  	 840  	 10  	 5 
31	 CF146SY 	 0 	 6 	 600  	 840  	 6  	 3 
32	 CF142PN	 1 	 2 	 660  	 900  	 7  	 3 
33	 CF52ND 	 1 	 10 	 660  	 900  	 10  	 5 
34	 CF145GR 	 1 	 7 	 660  	 900  	 8  	 4 
35	 CF145HG	 1 	 5 	 720  	 960  	 5  	 2 
36	 CF147XA 	 1 	 2 	 540  	 780  	 5  	 2 
37	 CF144PB 	 1 	 1 	 540  	 780  	 7  	 3 
38	 CF52DP 	 1 	 3 	 660  	 900  	 5  	 2 
39	 CF244NN	 1 	 7 	 660  	 900  	 6  	 3 
40	 CF141HF 	 1 	 5 	 660  	 900  	 6  	 3 
41	 CF141TA 	 1 	 9 	 600  	 840  	 6  	 3 
42	 CF146BP 	 1 	 10 	 660  	 900  	 8  	 4 
43	 CF244HW 1 	 1 	 540  	 780  	 6  	 3 
44	 CF52PE 	 1 	 6 	 600  	 840  	 10  	 5 
45	 CF149DF 	 1 	 9 	 540  	 780  	 9  	 4 
46	 CF145UZ 	 1 	 7 	 540  	 780  	 10  	 5 
47	 CF244DZ 	 1 	 5 	 660  	 900  	 10  	 5 
48	 CF142BZ 	 1 	 9 	 600  	 840  	 7  	 3 
49	 CF149FD 	 1 	 6 	 540  	 780  	 9  	 4 
50	 CF145DU	 1 	 8 	 720  	 960  	 7  	 3 
51	 CF145FE 	 1 	 4 	 540  	 780  	 9  	 4 
52	 CF141HP 	 1 	 2 	 600  	 840  	 5  	 2 
53	 CF149JG 	 1 	 8 	 600  	 840  	 10  	 5 
54	 CF144AF 	 0 	 8 	 720  	 960  	 8  	 4 
55	 CF149EW	 1 	 10 	 720  	 960  	 7  	 3 
56	 CF244NE 	 0 	 5 	 540  	 780  	 10  	 5 
57	 CF144HF 	 1 	 8 	 540  	 780  	 7  	 3 
58	 CF244AG	 1 	 8 	 660  	 900  	 7  	 3 
59	 CF51DR 	 1 	 2 	 660  	 900  	 10  	 5 
60	 CF144YJ 	 1 	 8 	 540  	 780  	 5  	 2 
61	 CF145ZN	 1 	 10 	 660  	 900  	 10  	 5 
62	 CF142LY 	 1 	 10 	 720  	 960  	 5  	 2 
63	 CF52JD 	 0 	 7 	 720  	 960  	 7  	 3 
64	 CF149BR 	 1 	 10 	 660  	 900  	 9  	 4 
65	 CF141SW	 1 	 5 	 540  	 780  	 5  	 2 
66	 CF244LT 	 1 	 1 	 660  	 900  	 10  	 5 
67	 CF52LB 	 1 	 8 	 660  	 900  	 5  	 2 
68	 CF144AW	 1 	 4 	 660  	 900  	 10  	 5 
69	 CF141QL 	 1 	 7 	 720  	 960  	 5  	 2 
70	 CF142QJ 	 1 	 6 	 600  	 840  	 7  	 3 
71	 CF149JL 	 1 	 9 	 660  	 900  	 8  	 4 
72	 CF144EN 	 1 	 6 	 720  	 960  	 5  	 2 
73	 CF142ST 	 1 	 2 	 540  	 780  	 10  	 5 
74	 CF142JF 	 1 	 10 	 540  	 780  	 9  	 4 
75	 CF145JF 	 0 	 18 	 540  	 780  	 7  	 3 
76	 CF145FB 	 0 	 8 	 540  	 780  	 8  	 4 
77	 CF141JU 	 1 	 8 	 540  	 780  	 7  	 3 
78	 CF144AT 	 1 	 10 	 540  	 780  	 9  	 4 
79	 CF144PH 	 1 	 3 	 720  	 960  	 5  	 2 
80	 CF244LB 	 1 	 10 	 540  	 780  	 5  	 2 
81	 CF146EG 	 0 	 4 	 540  	 780  	 6  	 3 
82	 CF142PP 	 0 	 10 	 660  	 900  	 10  	 5 
83	 CF144NB	 1 	 6 	 600  	 840  	 10  	 5 
84	 CF244QL 	 1 	 4 	 660  	 900  	 8  	 4 
85	 CF146NA	 1 	 10 	 660  	 900  	 5  	 2 
86	 CF146UN	 1 	 3 	 540  	 780  	 5  	 2 
87	 CF146LE 	 1 	 7 	 660  	 900  	 7  	 3 
88	 CF146PP 	 1 	 4 	 720  	 960  	 9  	 4 
89	 CF52AT 	 1 	 9 	 600  	 840  	 5  	 2 
90	 CF147BT 	 1 	 2 	 660  	 900  	 5  	 2 
91	 CF144LB 	 1 	 5 	 600  	 840  	 10  	 5 
92	 CF144NZ	 1 	 10 	 660  	 900  	 6  	 3 
93	 CF244PX 	 1 	 1 	 540  	 780  	 6  	 3 
94	 CF140PN	 1 	 7 	 660  	 900  	 10  	 5 
95	 CF147AD	 1 	 2 	 720  	 960  	 7  	 3 
96	 CF244EW	 1 	 9 	 720  	 960  	 9  	 4 
97	 CF103EP 	 1 	 7 	 660  	 900  	 8  	 4 
98	 CF52HA 	 1 	 3 	 720  	 960  	 7  	 3 
99	 CF146HR 	 1 	 4 	 660  	 900  	 8  	 4 
100	 CF52AJ 	 1 	 6 	 660  	 900  	 10  	 5 
