100

1200
32
10
500

0	2436	5890	3794	4735	668	4632	3721	2085	2584	2382	544	4278	3963	2978	2601	4879	3841	3489	3673	4471	2101	3449	369	3370	4280	2453	4979	3851	3563	2512	4515	3951	4276	2648	3030	2463	5060	1975	3370	4057	2716	3903	198	3370	4377	5041	2409	5041	1893	2972	379	506	3659	448	838	3247	3380	4724	5228	3891	4610	3699	1694	338	3592	454	3989	4413	2986	4621	2650	2871	4498	4551	3946	2732	418	4252	4178	2927	3600	3219	5169	3419	3369	3866	3668	3286	561	3836	3193	2763	4649	4986	3229	5718	4338	561	3399	5056	
2436	0	3979	1428	2644	2239	2605	2331	2199	2299	1313	1928	2156	1585	1273	2280	2475	1480	1053	1254	2053	1388	1155	2447	1683	2486	1165	3088	1456	1506	171	2724	1529	2569	1081	1520	290	2624	691	1548	1775	1519	2243	2259	1548	2015	2715	1175	3327	1402	568	2132	2453	1890	2884	3270	1301	2613	2301	3302	1493	3214	1758	1435	2732	1168	1997	1672	2433	1522	2697	1794	1633	2699	2171	1995	481	2543	2588	2468	1295	1847	799	2748	1291	1548	1603	1266	1058	2971	1686	1033	329	2385	2562	1579	4006	2743	2971	1930	3198	
5890	3979	0	3763	1373	5356	1377	2253	6172	6207	5208	5358	1843	2685	2940	6182	2408	3779	3363	3065	3395	5347	4002	5697	2525	1610	5030	916	2831	2478	3816	5412	3427	1623	3270	2860	3760	3021	4039	2554	2334	3184	1992	5692	2554	2372	1879	5057	935	4007	3481	5511	5621	5034	6280	6666	2738	6287	3328	680	2822	1632	4755	4205	6061	3143	5457	2473	1549	5140	1298	5629	3036	5388	2370	2007	4126	6169	1660	1717	2979	5034	3666	3394	4345	2554	2451	3624	2925	6443	2301	2947	3803	4226	3337	5019	595	5694	6443	2507	834	
3794	1428	3763	0	2423	3661	2489	2940	2899	2731	1860	3317	2034	1112	2080	2699	1566	54	619	809	726	2124	381	3847	2290	2688	1682	3037	987	1789	1434	1762	345	2839	2110	2347	1555	1398	2094	2091	1494	2546	2656	3631	2091	1394	2019	1728	3422	2745	1096	3522	3865	1273	4237	4608	1853	2592	982	3169	981	3612	992	2819	4108	775	3376	1354	2429	1524	2692	2119	2590	1736	1433	2181	1062	3829	2895	2762	2148	1277	653	1404	643	2091	1460	217	1393	4297	1721	1505	1114	990	1232	1329	4000	1972	4297	2614	3163	
4735	2644	1373	2423	0	4272	189	1522	4822	4839	3842	4192	488	1323	1765	4814	1300	2444	1992	1695	2157	3993	2638	4592	1431	761	3663	641	1465	1187	2487	4127	2098	916	2091	1779	2449	1961	2799	1379	962	2146	1111	4537	1379	1066	874	3691	1083	2920	2123	4365	4535	3685	5153	5547	1492	4917	2152	746	1460	1566	3410	3109	4946	1772	4288	1102	393	3767	432	4258	2030	4102	1122	805	2760	4971	997	933	1825	3682	2292	2342	2983	1379	1080	2270	1586	5296	959	1628	2446	3005	2234	3651	1583	4382	5296	1565	765	
668	2239	5356	3661	4272	0	4152	3144	2510	2971	2549	493	3836	3645	2508	2981	4565	3712	3264	3403	4288	2310	3353	354	2864	3754	2573	4456	3550	3133	2271	4632	3764	3733	2189	2515	2189	4825	1646	2893	3683	2174	3364	530	2893	4038	4666	2535	4481	1358	2713	397	265	3755	947	1316	2808	3716	4532	4708	3593	4008	3743	1164	716	3330	527	3634	3927	3123	4115	2907	2321	4612	4221	3469	2623	1077	3701	3639	2446	3697	3038	4979	3389	2892	3490	3506	2927	1134	3420	2817	2565	4585	4792	3335	5146	4508	1134	2850	4524	
4632	2605	1377	2489	189	4152	0	1340	4796	4833	3833	4090	474	1378	1654	4809	1457	2513	2023	1733	2272	3970	2682	4477	1295	574	3656	549	1513	1116	2444	4215	2173	727	1984	1645	2395	2116	2715	1263	1002	2007	934	4433	1263	1172	1055	3682	957	2796	2104	4258	4416	3739	5043	5437	1402	4942	2283	712	1512	1390	3469	2987	4834	1804	4187	1144	230	3787	256	4260	1884	4189	1251	686	2753	4879	809	746	1709	3733	2309	2495	3027	1264	1089	2324	1549	5192	924	1576	2426	3118	2379	3684	1514	4457	5192	1404	675	
3721	2331	2253	2940	1522	3144	1340	0	4429	4607	3640	3212	1346	1987	1058	4591	2553	2984	2332	2147	3046	3676	2964	3493	677	777	3495	1412	2043	1159	2163	4679	2728	671	1305	830	2046	3147	2084	863	1680	1029	421	3527	863	2072	2302	3505	1344	1832	2066	3343	3405	3999	4084	4460	1123	4936	3157	1660	2071	928	3777	2030	3858	2167	3313	1769	1133	3809	1174	4124	868	4653	2236	922	2686	4040	611	610	1043	3973	2474	3489	3273	863	1590	2729	1568	4259	1317	1483	2325	3817	3332	3800	2002	4824	4259	402	1447	
2085	2199	6172	2899	4822	2510	4796	4429	0	516	1044	2024	4337	3632	3398	539	4396	2924	2957	3245	3615	832	2523	2396	3833	4678	1228	5287	3484	3705	2366	2816	3196	4752	3123	3600	2443	4294	2360	3723	3904	3462	4410	2070	3723	4049	4755	1187	5520	2879	2699	2128	2510	2115	2356	2564	3488	1338	3864	5498	3510	5347	2291	2748	2392	3155	1983	3782	4630	1475	4895	881	3612	2806	4165	4194	2087	1799	4764	4649	3396	2060	2622	4248	2293	3723	3753	2893	3247	2275	3872	3231	2377	3413	4097	1744	6202	2533	2275	4030	5397	
2584	2299	6207	2731	4839	2971	4833	4607	516	0	1001	2479	4363	3587	3555	35	4278	2747	2896	3194	3422	935	2373	2883	3978	4776	1177	5346	3436	3779	2470	2385	3053	4866	3310	3780	2571	4102	2595	3847	3893	3688	4542	2557	3847	3986	4678	1151	5615	3188	2733	2600	2991	1772	2869	3079	3598	824	3659	5543	3457	5508	1988	3079	2898	3107	2448	3762	4685	1218	4957	612	3830	2378	4082	4272	2080	2312	4887	4765	3565	1722	2569	4013	2095	3847	3760	2763	3301	2791	3911	3306	2412	3111	3876	1461	6285	2073	2791	4205	5462	
2382	1313	5208	1860	3842	2549	3833	3640	1044	1001	0	2075	3365	2611	2583	979	3353	1887	1926	2220	2581	305	1481	2580	2997	3778	185	4345	2461	2779	1484	2134	2152	3872	2361	2821	1594	3257	1712	2858	2903	2767	3554	2280	2858	3020	3722	151	4616	2383	1732	2251	2654	1291	2774	3085	2606	1357	2833	4543	2484	4528	1381	2315	2721	2130	2085	2775	3684	606	3955	492	2899	2117	3129	3272	1083	2263	3894	3771	2599	1231	1593	3229	1274	2859	2764	1848	2300	2768	2911	2307	1411	2459	3071	863	5285	1967	2768	3239	4460	
544	1928	5358	3317	4192	493	4090	3212	2024	2479	2075	0	3734	3429	2438	2489	4347	3366	2978	3150	3977	1827	2987	536	2835	3748	2112	4445	3320	3019	1991	4181	3454	3750	2107	2499	1934	4549	1433	2830	3515	2195	3376	348	2830	3841	4500	2073	4520	1380	2448	205	584	3307	979	1375	2703	3223	4227	4693	3361	4114	3314	1182	807	3071	101	3449	3873	2661	4084	2420	2353	4161	4016	3405	2260	830	3728	3651	2388	3249	2721	4674	2990	2829	3324	3179	2745	1106	3292	2650	2256	4207	4488	2883	5201	4041	1106	2877	4524	
4278	2156	1843	2034	488	3836	474	1346	4337	4363	3365	3734	0	923	1332	4339	1218	2062	1550	1263	1885	3509	2213	4149	1061	739	3187	1016	1051	715	2000	3777	1730	912	1647	1392	1963	1842	2327	964	541	1762	929	4080	964	800	975	3214	1388	2498	1640	3910	4097	3274	4700	5097	1032	4468	1934	1185	1054	1680	3006	2680	4499	1332	3827	681	399	3313	658	3788	1666	3751	930	451	2283	4502	988	874	1399	3267	1835	2205	2557	964	615	1862	1098	4839	471	1142	1963	2722	2067	3211	1983	4006	4839	1269	1140	
3963	1585	2685	1112	1323	3645	1378	1987	3632	3587	2611	3429	923	0	1405	3560	921	1139	692	393	1058	2802	1317	3911	1423	1604	2426	1927	151	860	1471	2856	810	1764	1600	1614	1501	1285	2007	1231	383	1925	1639	3774	1231	430	1137	2461	2312	2435	1018	3625	3889	2363	4406	4801	1079	3605	1186	2068	137	2545	2091	2577	4232	481	3511	247	1320	2466	1581	2989	1903	2830	590	1126	1546	4111	1828	1698	1487	2359	1019	1566	1660	1232	399	948	743	4514	676	872	1303	1851	1391	2334	2892	3083	4514	1738	2053	
2978	1273	2940	2080	1765	2508	1654	1058	3398	3555	2583	2438	1332	1405	0	3539	2244	2130	1464	1381	2381	2627	2019	2827	439	1342	2438	2023	1385	654	1106	3743	1951	1381	332	274	989	2690	1110	392	1283	520	1020	2780	392	1694	2220	2447	2164	1166	1068	2604	2771	3005	3390	3784	340	3881	2557	2266	1425	1954	2805	1348	3182	1363	2535	1286	1435	2764	1651	3067	518	3717	1886	969	1645	3235	1381	1277	82	2974	1517	2963	2298	391	1105	1863	718	3538	952	589	1289	3039	2782	2773	2855	3848	3538	657	2112	
2601	2280	6182	2699	4814	2981	4809	4591	539	35	979	2489	4339	3560	3539	0	4247	2715	2868	3167	3389	922	2342	2897	3960	4755	1153	5323	3409	3757	2451	2350	3022	4847	3296	3765	2553	4069	2585	3829	3867	3676	4524	2571	3829	3957	4649	1128	5594	3182	2710	2612	3004	1736	2889	3102	3579	799	3626	5519	3430	5490	1953	3076	2916	3080	2459	3736	4662	1185	4934	581	3818	2343	4053	4250	2056	2332	4867	4746	3549	1687	2542	3979	2062	3829	3735	2733	3278	2813	3888	3285	2390	3076	3842	1427	6263	2040	2813	4189	5439	
4879	2475	2408	1566	1300	4565	1457	2553	4396	4278	3353	4347	1218	921	2244	4247	0	1561	1468	1223	1018	3581	1905	4832	2141	1934	3168	1921	1028	1612	2375	3038	1230	2108	2482	2407	2415	661	2927	1980	965	2752	2143	4691	1980	550	530	3209	2376	3335	1915	4544	4810	2796	5324	5717	1904	4153	921	1951	988	2839	2510	3485	5151	1311	4428	962	1545	3085	1713	3666	2701	3015	358	1633	2353	5016	2188	2083	2325	2810	1797	1043	2208	1981	1139	1515	1649	5427	1332	1769	2171	1823	948	2895	2788	3349	5427	2415	2038	
3841	1480	3779	54	2444	3712	2513	2984	2924	2747	1887	3366	2062	1139	2130	2715	1561	0	668	848	694	2155	415	3897	2336	2722	1711	3061	1018	1831	1487	1726	353	2874	2163	2397	1609	1371	2147	2136	1522	2598	2696	3678	2136	1408	2022	1757	3451	2799	1150	3571	3915	1261	4284	4654	1900	2593	948	3190	1010	3649	978	2873	4156	817	3424	1382	2458	1537	2720	2136	2641	1700	1440	2217	1109	3873	2931	2799	2199	1267	707	1365	655	2137	1494	268	1441	4342	1757	1554	1167	936	1196	1335	4023	1944	4342	2661	3188	
3489	1053	3363	619	1992	3264	2023	2332	2957	2896	1926	2978	1550	692	1464	2868	1468	668	0	301	1037	2132	671	3490	1674	2139	1741	2566	542	1192	994	2350	528	2279	1517	1730	1081	1572	1633	1476	1029	1942	2066	3311	1476	1094	1797	1777	2916	2219	562	3181	3489	1740	3937	4323	1235	2925	1271	2728	561	3040	1486	2317	3783	220	3049	890	1925	1778	2198	2297	1977	2324	1209	1619	887	3587	2328	2195	1534	1728	335	1718	1013	1477	940	402	775	4023	1170	886	729	1580	1530	1661	3532	2521	4023	1998	2690	
3673	1254	3065	809	1695	3403	1733	2147	3245	3194	2220	3150	1263	393	1381	3167	1223	848	301	0	1006	2416	949	3649	1516	1884	2035	2279	242	989	1162	2571	586	2032	1498	1628	1219	1429	1757	1316	734	1887	1849	3490	1316	804	1513	2070	2641	2273	702	3350	3638	2012	4120	4511	1102	3222	1203	2434	265	2804	1749	2392	3956	91	3226	593	1646	2078	1917	2597	1898	2544	935	1373	1163	3797	2086	1954	1457	2004	627	1634	1294	1317	663	613	662	4216	914	793	949	1683	1447	1955	3246	2767	4216	1842	2404	
4471	2053	3395	726	2157	4288	2272	3046	3615	3422	2581	3977	1885	1058	2381	3389	1018	694	1037	1006	0	2849	1107	4499	2467	2614	2405	2797	1019	1909	2018	2024	524	2782	2502	2620	2115	681	2668	2271	1394	2891	2691	4301	2271	1101	1536	2451	3229	3250	1600	4181	4505	1817	4917	5295	2085	3199	258	2877	985	3560	1535	3353	4777	1042	4041	1284	2279	2204	2511	2813	2896	2000	1041	2170	1753	4529	2852	2726	2459	1839	1255	698	1330	2271	1456	805	1664	4987	1732	1797	1725	848	516	1980	3724	2332	4987	2788	2922	
2101	1388	5347	2124	3993	2310	3970	3676	832	935	305	1827	3509	2802	2627	922	3581	2155	2132	2416	2849	0	1743	2317	3054	3874	450	4468	2654	2889	1558	2423	2401	3956	2377	2848	1649	3520	1665	2931	3072	2754	3624	2009	2931	3221	3928	402	4715	2287	1869	1993	2398	1592	2483	2786	2688	1470	3103	4675	2681	4581	1686	2197	2439	2326	1828	2950	3809	903	4077	609	2896	2407	3341	3380	1256	1965	3973	3854	2634	1532	1796	3507	1560	2931	2922	2094	2423	2471	3046	2415	1547	2759	3346	1166	5393	2238	2471	3274	4580	
3449	1155	4002	381	2638	3353	2682	2964	2523	2373	1481	2987	2213	1317	2019	2342	1905	415	671	949	1107	1743	0	3521	2292	2810	1303	3228	1173	1848	1197	1726	680	2947	1989	2292	1334	1778	1843	2101	1681	2441	2723	3292	2101	1663	2328	1348	3586	2531	962	3191	3546	1069	3890	4256	1845	2297	1362	3381	1180	3704	820	2583	3769	883	3041	1539	2593	1184	2865	1761	2506	1700	1732	2288	730	3469	2996	2863	2078	1057	502	1779	345	2101	1607	395	1396	3943	1841	1485	875	1236	1611	1023	4195	1863	3943	2608	3353	
369	2447	5697	3847	4592	354	4477	3493	2396	2883	2580	536	4149	3911	2827	2897	4832	3897	3490	3649	4499	2317	3521	0	3195	4092	2630	4794	3809	3440	2498	4700	3975	4076	2503	2848	2430	5060	1905	3215	3971	2514	3705	326	3215	4314	4956	2588	4827	1692	2951	337	137	3831	593	969	3117	3660	4748	5046	3851	4361	3845	1495	365	3573	500	3915	4254	3175	4448	2893	2663	4681	4494	3793	2793	785	4045	3981	2769	3772	3244	5195	3526	3215	3779	3705	3207	781	3723	3103	2775	4742	5009	3404	5495	4548	781	3193	4864	
3370	1683	2525	2290	1431	2864	1295	677	3833	3978	2997	2835	1061	1423	439	3960	2141	2336	1674	1516	2467	3054	2292	3195	0	916	2845	1611	1449	564	1513	4013	2102	944	755	350	1407	2667	1546	200	1189	714	581	3172	200	1610	2018	2857	1727	1506	1389	2992	3128	3322	3770	4160	448	4273	2609	1858	1482	1531	3103	1700	3555	1525	2934	1240	1067	3139	1253	3475	606	3987	1793	631	2016	3644	942	840	462	3296	1799	2979	2598	200	1050	2075	902	3926	812	808	1653	3199	2809	3125	2418	4150	3926	326	1692	
4280	2486	1610	2688	761	3754	574	777	4678	4776	3778	3748	739	1604	1342	4755	1934	2722	2139	1884	2614	3874	2810	4092	916	0	3612	702	1708	1007	2316	4449	2411	174	1668	1250	2236	2574	2451	969	1231	1581	404	4082	969	1538	1597	3631	842	2400	2066	3902	4019	3878	4673	5060	1190	4980	2672	954	1721	946	3625	2598	4455	1935	3847	1358	398	3824	399	4236	1438	4422	1666	525	2729	4560	254	172	1375	3864	2372	2941	3147	969	1228	2497	1495	4833	971	1472	2375	3442	2805	3760	1526	4651	4833	918	777	
2453	1165	5030	1682	3663	2573	3656	3495	1228	1177	185	2112	3187	2426	2438	1153	3168	1711	1741	2035	2405	450	1303	2630	2845	3612	0	4171	2276	2610	1333	2070	1970	3709	2229	2681	1451	3080	1615	2702	2721	2645	3396	2339	2702	2835	3537	49	4448	2307	1558	2296	2695	1206	2858	3182	2446	1464	2658	4367	2300	4375	1263	2254	2791	1946	2130	2592	3510	551	3782	630	2773	2052	2944	3103	904	2362	3734	3609	2458	1147	1408	3059	1110	2702	2584	1666	2128	2864	2735	2140	1240	2314	2899	776	5114	1937	2864	3095	4287	
4979	3088	916	3037	641	4456	549	1412	5287	5346	4345	4445	1016	1927	2023	5323	1921	3061	2566	2279	2797	4468	3228	4794	1611	702	4171	0	2061	1582	2923	4759	2720	746	2354	1950	2860	2581	3124	1638	1549	2283	1098	4781	1638	1704	1449	4195	460	3102	2614	4601	4721	4287	5374	5762	1828	5480	2790	253	2061	1086	4017	3300	5157	2348	4544	1691	661	4323	392	4782	2139	4733	1763	1099	3271	5254	801	828	2064	4281	2846	2964	3573	1638	1629	2873	2047	5534	1438	2056	2934	3645	2864	4226	967	5005	5534	1615	127	
3851	1456	2831	987	1465	3550	1513	2043	3484	3436	2461	3320	1051	151	1385	3409	1028	1018	542	242	1019	2654	1173	3809	1449	1708	2276	2061	0	893	1348	2742	705	1863	1552	1610	1387	1326	1907	1252	512	1903	1714	3664	1252	570	1279	2311	2437	2368	891	3518	3792	2226	4296	4689	1073	3458	1175	2208	43	2642	1956	2502	4125	330	3400	370	1442	2316	1708	2838	1893	2716	716	1213	1399	3990	1923	1792	1465	2220	869	1579	1518	1253	481	812	689	4399	754	822	1165	1776	1398	2188	3027	2959	4399	1771	2187	
3563	1506	2478	1789	1187	3133	1116	1159	3705	3779	2779	3019	715	860	654	3757	1612	1831	1192	989	1909	2889	1848	3440	564	1007	2610	1582	893	0	1340	3540	1569	1121	947	795	1282	2110	1613	377	647	1145	875	3366	377	1068	1566	2631	1838	1811	1059	3197	3392	2908	3987	4384	326	3975	2045	1799	924	1859	2668	1985	3788	1013	3112	681	929	2819	1190	3231	1089	3514	1257	493	1722	3787	1160	1029	731	2889	1384	2416	2175	378	490	1580	489	4124	298	475	1371	2661	2246	2764	2507	3709	4124	880	1692	
2512	171	3816	1434	2487	2271	2444	2163	2366	2470	1484	1991	2000	1471	1106	2451	2375	1487	994	1162	2018	1558	1197	2498	1513	2316	1333	2923	1348	1340	0	2822	1495	2399	929	1357	147	2562	661	1377	1636	1375	2072	2329	1377	1897	2590	1344	3157	1334	460	2192	2496	2006	2959	3349	1130	2776	2260	3138	1387	3044	1856	1390	2797	1081	2066	1540	2268	1673	2531	1963	1483	2797	2060	1828	590	2642	2417	2297	1131	1966	785	2708	1373	1377	1459	1255	902	3055	1529	869	324	2410	2520	1714	3837	2860	3055	1764	3031	
4515	2724	5412	1762	4127	4632	4215	4679	2816	2385	2134	4181	3777	2856	3743	2350	3038	1726	2350	2571	2024	2423	1726	4700	4013	4449	2070	4759	2742	3540	2822	0	2047	4600	3693	4018	2969	2545	3393	3819	3239	4149	4413	4408	3819	3064	3560	2112	5163	4118	2680	4366	4764	880	4906	5206	3567	1743	2138	4866	2731	5374	967	4126	4854	2532	4201	3102	4175	1530	4432	1966	4224	26	3044	3943	2243	4385	4657	4524	3801	936	2228	2272	1459	3819	3220	1962	3112	4892	3483	3208	2528	1250	2227	1298	5709	399	4892	4332	4885	
3951	1529	3427	345	2098	3764	2173	2728	3196	3053	2152	3454	1730	810	1951	3022	1230	353	528	586	524	2401	680	3975	2102	2411	1970	2720	705	1569	1495	2047	0	2568	2033	2206	1595	1137	2148	1902	1193	2445	2414	3779	1902	1055	1674	2013	3117	2747	1086	3658	3981	1614	4398	4778	1685	2936	774	2843	689	3347	1331	2842	4255	588	3519	1057	2128	1855	2386	2440	2468	2021	1088	1918	1247	4018	2628	2497	2025	1620	732	1220	980	1902	1186	308	1236	4471	1459	1362	1200	1098	1035	1670	3679	2285	4471	2428	2847	
4276	2569	1623	2839	916	3733	727	671	4752	4866	3872	3750	912	1764	1381	4847	2108	2874	2279	2032	2782	3956	2947	4076	944	174	3709	746	1863	1121	2399	4600	2568	0	1698	1256	2310	2748	2490	1029	1395	1563	374	4079	1029	1711	1765	3727	783	2387	2174	3897	3998	4015	4661	5045	1269	5093	2843	998	1878	781	3765	2586	4440	2078	3850	1519	569	3939	519	4336	1413	4574	1840	660	2835	4569	82	104	1405	3999	2500	3115	3283	1029	1382	2644	1608	4826	1118	1574	2477	3607	2979	3884	1474	4796	4826	884	795	
2648	1081	3270	2110	2091	2189	1984	1305	3123	3310	2361	2107	1647	1600	332	3296	2482	2163	1517	1498	2502	2377	1989	2503	755	1668	2229	2354	1552	947	929	3693	2033	1698	0	476	791	2877	795	723	1540	457	1330	2449	723	1934	2504	2233	2481	867	1030	2275	2450	2911	3061	3456	622	3688	2700	2597	1594	2226	2736	1038	2855	1461	2203	1520	1766	2601	1983	2851	554	3667	2125	1299	1509	2903	1692	1595	293	2875	1495	3123	2234	723	1352	1897	863	3208	1241	730	1176	3093	2938	2640	3172	3764	3208	907	2441	
3030	1520	2860	2347	1779	2515	1645	830	3600	3780	2821	2499	1392	1614	274	3765	2407	2397	1730	1628	2620	2848	2292	2848	350	1250	2681	1950	1610	795	1357	4018	2206	1256	476	0	1231	2891	1264	437	1442	370	882	2832	437	1863	2329	2688	2035	1157	1342	2652	2780	3278	3425	3815	537	4133	2786	2199	1648	1750	3079	1353	3209	1617	2598	1467	1417	3024	1600	3308	294	3991	2052	976	1910	3314	1241	1155	228	3246	1790	3180	2572	437	1279	2130	969	3584	1082	846	1556	3299	3003	3040	2723	4122	3584	431	2026	
2463	290	3760	1555	2449	2189	2395	2046	2443	2571	1594	1934	1963	1501	989	2553	2415	1609	1081	1219	2115	1649	1334	2430	1407	2236	1451	2860	1387	1282	147	2969	1595	2310	791	1231	0	2637	553	1283	1633	1233	1975	2276	1283	1920	2602	1459	3077	1198	524	2132	2420	2153	2908	3302	1046	2903	2352	3081	1428	2937	2003	1264	2739	1144	2013	1547	2211	1811	2469	2079	1344	2944	2090	1761	737	2616	2325	2208	1007	2113	903	2799	1518	1283	1450	1369	875	3013	1492	821	459	2537	2610	1858	3761	3008	3013	1645	2965	
5060	2624	3021	1398	1961	4825	2116	3147	4294	4102	3257	4549	1842	1285	2690	4069	661	1371	1572	1429	681	3520	1778	5060	2667	2574	3080	2581	1326	2110	2562	2545	1137	2748	2877	2891	2637	0	3182	2488	1484	3209	2750	4883	2488	1075	1159	3126	3037	3691	2112	4752	5055	2467	5508	5893	2360	3856	450	2602	1284	3492	2191	3817	5355	1496	4621	1429	2192	2884	2372	3494	3182	2524	915	2227	2383	5146	2826	2716	2771	2494	1850	383	2011	2488	1620	1442	2014	5590	1862	2147	2298	1295	326	2656	3432	2891	5590	2965	2698	
1975	691	4039	2094	2799	1646	2715	2084	2360	2595	1712	1433	2327	2007	1110	2585	2927	2147	1633	1757	2668	1665	1843	1905	1546	2451	1615	3124	1907	1613	661	3393	2148	2490	795	1264	553	3182	0	1487	2082	1102	2124	1781	1487	2411	3067	1606	3273	727	1074	1624	1885	2539	2412	2808	1313	3068	2905	3362	1948	3010	2431	743	2229	1686	1521	2017	2509	2081	2744	2201	1252	3369	2590	2041	1163	2176	2486	2386	1086	2492	1445	3351	1978	1487	1891	1915	1312	2533	1872	1219	981	3066	3162	2190	3964	3384	2533	1693	3217	
3370	1548	2554	2091	1379	2893	1263	863	3723	3847	2858	2830	964	1231	392	3829	1980	2136	1476	1316	2271	2931	2101	3215	200	969	2702	1638	1252	377	1377	3819	1902	1029	723	437	1283	2488	1487	0	1019	804	695	3171	0	1440	1892	2716	1804	1542	1214	2996	3156	3138	3780	4174	264	4116	2416	1878	1286	1678	2914	1730	3571	1325	2927	1058	1043	2974	1262	3331	726	3792	1628	578	1854	3626	1042	926	447	3113	1611	2792	2411	1	868	1876	707	3929	649	620	1491	2999	2620	2951	2493	3961	3929	526	1730	
4057	1775	2334	1494	962	3683	1002	1680	3904	3893	2903	3515	541	383	1283	3867	965	1522	1029	734	1394	3072	1681	3971	1189	1231	2721	1549	512	647	1636	3239	1193	1395	1540	1442	1633	1484	2082	1019	0	1788	1304	3863	1019	422	986	2752	1929	2404	1220	3704	3936	2738	4494	4890	943	3954	1481	1700	513	2175	2468	2565	4306	810	3603	142	936	2805	1199	3305	1736	3213	610	779	1822	4240	1461	1335	1363	2732	1334	1812	2026	1019	193	1324	771	4615	378	868	1534	2212	1652	2689	2516	3466	4615	1481	1675	
2716	1519	3184	2546	2146	2174	2007	1029	3462	3688	2767	2195	1762	1925	520	3676	2752	2598	1942	1887	2891	2754	2441	2514	714	1581	2645	2283	1903	1145	1375	4149	2445	1563	457	370	1233	3209	1102	804	1788	0	1191	2519	804	2204	2695	2645	2326	824	1480	2336	2439	3367	3097	3483	853	4108	3073	2535	1943	1952	3193	1024	2877	1862	2296	1800	1778	3041	1947	3259	161	4123	2395	1344	1961	3020	1536	1467	438	3330	1944	3481	2690	803	1616	2331	1227	3263	1438	1094	1632	3521	3300	3090	3005	4220	3263	683	2351	
3903	2243	1992	2656	1111	3364	934	421	4410	4542	3554	3376	929	1639	1020	4524	2143	2696	2066	1849	2691	3624	2723	3705	581	404	3396	1098	1714	875	2072	4413	2414	374	1330	882	1975	2750	2124	695	1304	1191	0	3706	695	1679	1880	3411	1153	2015	1889	3524	3629	3781	4289	4674	952	4804	2785	1351	1736	993	3543	2214	4068	1882	3476	1407	718	3657	798	4026	1044	4386	1835	527	2541	4194	362	276	1039	3760	2252	3099	3048	695	1241	2451	1342	4453	963	1286	2179	3488	2948	3620	1843	4584	4453	517	1160	
198	2259	5692	3631	4537	530	4433	3527	2070	2557	2280	348	4080	3774	2780	2571	4691	3678	3311	3490	4301	2009	3292	326	3172	4082	2339	4781	3664	3366	2329	4408	3779	4079	2449	2832	2276	4883	1781	3171	3863	2519	3706	0	3171	4187	4848	2297	4845	1698	2788	185	443	3544	632	1028	3049	3336	4553	5030	3704	4419	3572	1498	478	3410	263	3796	4215	2880	4422	2577	2675	4390	4362	3748	2570	557	4055	3981	2728	3485	3047	4998	3274	3171	3672	3500	3093	759	3639	2998	2586	4501	4814	3116	5522	4245	759	3203	4858	
3370	1548	2554	2091	1379	2893	1263	863	3723	3847	2858	2830	964	1231	392	3829	1980	2136	1476	1316	2271	2931	2101	3215	200	969	2702	1638	1252	377	1377	3819	1902	1029	723	437	1283	2488	1487	0	1019	804	695	3171	0	1440	1892	2716	1804	1542	1214	2996	3156	3138	3780	4174	264	4116	2416	1878	1286	1678	2914	1730	3571	1325	2927	1058	1043	2974	1262	3331	726	3792	1628	578	1854	3626	1042	926	447	3113	1611	2792	2411	1	868	1876	707	3929	649	620	1491	2999	2620	2951	2493	3961	3929	526	1730	
4377	2015	2372	1394	1066	4038	1172	2072	4049	3986	3020	3841	800	430	1694	3957	550	1408	1094	804	1101	3221	1663	4314	1610	1538	2835	1704	570	1068	1897	3064	1055	1711	1934	1863	1920	1075	2411	1440	422	2204	1679	4187	1440	0	709	2871	2129	2791	1447	4035	4287	2666	4819	5215	1354	3959	1134	1802	540	2479	2385	2944	4640	895	3924	414	1184	2838	1410	3382	2156	3039	191	1153	1967	4535	1785	1667	1775	2670	1428	1420	1998	1441	590	1272	1113	4931	798	1229	1733	1947	1273	2685	2646	3328	4931	1896	1829	
5041	2715	1879	2019	874	4666	1055	2302	4755	4678	3722	4500	975	1137	2220	4649	530	2022	1797	1513	1536	3928	2328	4956	2018	1597	3537	1449	1279	1566	2590	3560	1674	1765	2504	2329	2602	1159	3067	1892	986	2695	1880	4848	1892	709	0	3574	1909	3370	2148	4690	4921	3276	5479	5875	1888	4610	1450	1448	1249	2440	2991	3538	5292	1604	4587	1056	1199	3511	1306	4071	2615	3537	597	1425	2675	5216	1847	1762	2296	3287	2133	1539	2650	1893	1178	1932	1755	5598	1268	1853	2440	2352	1465	3341	2273	3864	5598	2243	1559	
2409	1175	5057	1728	3691	2535	3682	3505	1187	1151	151	2073	3214	2461	2447	1128	3209	1757	1777	2070	2451	402	1348	2588	2857	3631	49	4195	2311	2631	1344	2112	2013	3727	2233	2688	1459	3126	1606	2716	2752	2645	3411	2297	2716	2871	3574	0	4469	2292	1582	2255	2655	1250	2812	3135	2462	1466	2705	4392	2335	4388	1311	2235	2747	1981	2089	2624	3534	588	3806	620	2775	2094	2982	3124	932	2315	3750	3627	2465	1191	1444	3106	1159	2716	2613	1709	2151	2817	2761	2160	1262	2363	2946	820	5136	1973	2817	3103	4311	
5041	3327	935	3422	1083	4481	957	1344	5520	5615	4616	4520	1388	2312	2164	5594	2376	3451	2916	2641	3229	4715	3586	4827	1727	842	4448	460	2437	1838	3157	5163	3117	783	2481	2035	3077	3037	3273	1804	1929	2326	1153	4845	1804	2129	1909	4469	0	3148	2896	4662	4743	4653	5416	5796	2031	5800	3234	548	2442	731	4389	3348	5192	2703	4620	2069	995	4642	731	5070	2170	5137	2202	1346	3559	5342	794	887	2188	4643	3174	3419	3929	1804	1979	3247	2324	5586	1754	2309	3209	4076	3316	4563	691	5395	5586	1643	358	
1893	1402	4007	2745	2920	1358	2796	1832	2879	3188	2383	1380	2498	2435	1166	3182	3335	2799	2219	2273	3250	2287	2531	1692	1506	2400	2307	3102	2368	1811	1334	4118	2747	2387	867	1157	1198	3691	727	1542	2404	824	2015	1698	1542	2791	3370	2292	3148	0	1664	1514	1622	3267	2274	2660	1485	3735	3469	3353	2411	2737	3155	199	2055	2219	1481	2377	2570	2796	2757	2861	978	4094	2980	2116	1881	2209	2360	2291	1099	3219	2093	3906	2693	1542	2215	2550	1692	2439	2106	1567	1656	3732	3718	2915	3825	4110	2439	1507	3173	
2972	568	3481	1096	2123	2713	2104	2066	2699	2733	1732	2448	1640	1018	1068	2710	1915	1150	562	702	1600	1869	962	2951	1389	2066	1558	2614	891	1059	460	2680	1086	2174	1030	1342	524	2112	1074	1214	1220	1480	1889	2788	1214	1447	2148	1582	2896	1664	0	2649	2943	1941	3418	3809	949	2920	1832	2812	929	2882	1738	1756	3255	622	2525	1111	1952	1769	2224	2175	1545	2654	1605	1549	663	3100	2206	2078	1122	1912	466	2278	1230	1214	1058	892	572	3515	1180	604	323	2086	2089	1737	3557	2781	3515	1688	2729	
379	2132	5511	3522	4365	397	4258	3343	2128	2600	2251	205	3910	3625	2604	2612	4544	3571	3181	3350	4181	1993	3191	337	2992	3902	2296	4601	3518	3197	2192	4366	3658	3897	2275	2652	2132	4752	1624	2996	3704	2336	3524	185	2996	4035	4690	2255	4662	1514	2649	0	405	3495	791	1188	2878	3362	4431	4850	3559	4234	3508	1314	607	3271	166	3641	4039	2842	4244	2576	2492	4347	4211	3573	2464	734	3872	3799	2552	3437	2926	4878	3191	2995	3512	3384	2935	934	3473	2838	2460	4410	4693	3069	5339	4218	934	3020	4677	
506	2453	5621	3865	4535	265	4416	3405	2510	2991	2654	584	4097	3889	2771	3004	4810	3915	3489	3638	4505	2398	3546	137	3128	4019	2695	4721	3792	3392	2496	4764	3981	3998	2450	2780	2420	5055	1885	3156	3936	2439	3629	443	3156	4287	4921	2655	4743	1622	2943	405	0	3891	698	1056	3068	3761	4752	4973	3833	4264	3896	1429	465	3564	570	3884	4191	3243	4379	2981	2585	4745	4469	3733	2816	922	3965	3904	2710	3833	3252	5200	3564	3156	3744	3717	3177	894	3679	3070	2781	4773	5013	3467	5407	4621	894	3114	4789	
3659	1890	5034	1273	3685	3755	3739	3999	2115	1772	1291	3307	3274	2363	3005	1736	2796	1261	1740	2012	1817	1592	1069	3831	3322	3878	1206	4287	2226	2908	2006	880	1614	4015	2911	3278	2153	2467	2539	3138	2738	3367	3781	3544	3138	2666	3276	1250	4653	3267	1941	3495	3891	0	4060	4375	2876	1390	2018	4430	2228	4767	286	3263	3997	1951	3331	2596	3659	689	3929	1235	3457	859	2700	3357	1416	3554	4062	3929	3054	60	1530	2310	733	3138	2674	1416	2442	4058	2910	2517	1736	1349	2198	430	5254	855	4058	3628	4413	
448	2884	6280	4237	5153	947	5043	4084	2356	2869	2774	979	4700	4406	3390	2889	5324	4284	3937	4120	4917	2483	3890	593	3770	4673	2858	5374	4296	3987	2959	4906	4398	4661	3061	3425	2908	5508	2412	3780	4494	3097	4289	632	3780	4819	5479	2812	5416	2274	3418	791	698	4060	0	397	3668	3683	5171	5624	4336	4954	4113	2075	234	4039	896	4428	4822	3379	5023	3002	3249	4889	4994	4358	3175	557	4632	4564	3335	4001	3666	5615	3850	3780	4302	4114	3724	207	4264	3628	3210	5083	5432	3630	6086	4710	207	3779	5447	
838	3270	6666	4608	5547	1316	5437	4460	2564	3079	3085	1375	5097	4801	3784	3102	5717	4654	4323	4511	5295	2786	4256	969	4160	5060	3182	5762	4689	4384	3349	5206	4778	5045	3456	3815	3302	5893	2808	4174	4890	3483	4674	1028	4174	5215	5875	3135	5796	2660	3809	1188	1056	4375	397	0	4064	3902	5550	6013	4729	5320	4443	2463	606	4429	1290	4824	5215	3689	5413	3273	3632	5191	5389	4752	3548	822	5015	4950	3728	4316	4048	5993	4202	4173	4699	4491	4120	318	4661	4025	3595	5437	5811	3946	6462	4993	318	4162	5833	
3247	1301	2738	1853	1492	2808	1402	1123	3488	3598	2606	2703	1032	1079	340	3579	1904	1900	1235	1102	2085	2688	1845	3117	448	1190	2446	1828	1073	326	1130	3567	1685	1269	622	537	1046	2360	1313	264	943	853	952	3049	264	1354	1888	2462	2031	1485	949	2878	3068	2876	3668	4064	0	3854	2248	2058	1111	1939	2655	1660	3466	1100	2797	948	1198	2711	1441	3075	824	3541	1546	732	1591	3480	1289	1167	421	2851	1352	2643	2151	265	765	1637	460	3808	621	360	1229	2782	2466	2686	2715	3702	3808	765	1929	
3380	2613	6287	2592	4917	3716	4942	4936	1338	824	1357	3223	4468	3605	3881	799	4153	2593	2925	3222	3199	1470	2297	3660	4273	4980	1464	5480	3458	3975	2776	1743	2936	5093	3688	4133	2903	3856	3068	4116	3954	4108	4804	3336	4116	3959	4610	1466	5800	3735	2920	3362	3761	1390	3683	3902	3854	0	3406	5651	3469	5793	1666	3657	3701	3145	3203	3815	4826	1158	5101	874	4235	1742	4020	4459	2263	3127	5126	4998	3907	1362	2634	3695	1963	4116	3853	2688	3486	3611	4050	3523	2625	2705	3587	1274	6441	1378	3611	4538	5601	
4724	2301	3328	982	2152	4532	2283	3157	3864	3659	2833	4227	1934	1186	2557	3626	921	948	1271	1203	258	3103	1362	4748	2609	2672	2658	2790	1175	2045	2260	2138	774	2843	2700	2786	2352	450	2905	2416	1481	3073	2785	4553	2416	1134	1450	2705	3234	3469	1832	4431	4752	2018	5171	5550	2248	3406	0	2847	1137	3613	1741	3579	5029	1251	4293	1389	2316	2441	2531	3053	3068	2116	1032	2258	2011	4786	2916	2796	2637	2045	1506	448	1574	2417	1572	1062	1848	5243	1841	1982	1973	905	261	2209	3691	2470	5243	2923	2913	
5228	3302	680	3169	746	4708	712	1660	5498	5543	4543	4693	1185	2068	2266	5519	1951	3190	2728	2434	2877	4675	3381	5046	1858	954	4367	253	2208	1799	3138	4866	2843	998	2597	2199	3081	2602	3362	1878	1700	2535	1351	5030	1878	1802	1448	4392	548	3353	2812	4850	4973	4430	5624	6013	2058	5651	2847	0	2204	1254	4156	3551	5407	2508	4792	1842	870	4497	618	4972	2392	4841	1836	1327	3464	5499	1050	1081	2308	4427	3019	2985	3725	1878	1799	3015	2252	5783	1632	2269	3134	3722	2899	4389	847	5126	5783	1868	229	
3891	1493	2822	981	1460	3593	1512	2071	3510	3457	2484	3361	1054	137	1425	3430	988	1010	561	265	985	2681	1180	3851	1482	1721	2300	2061	43	924	1387	2731	689	1878	1594	1648	1428	1284	1948	1286	513	1943	1736	3704	1286	540	1249	2335	2442	2411	929	3559	3833	2228	4336	4729	1111	3469	1137	2204	0	2658	1956	2545	4166	355	3441	373	1448	2331	1712	2858	1932	2705	680	1232	1427	4029	1940	1809	1505	2223	891	1538	1524	1287	499	812	731	4439	775	864	1200	1752	1358	2198	3026	2953	4439	1803	2187	
4610	3214	1632	3612	1566	4008	1390	928	5347	5508	4528	4114	1680	2545	1954	5490	2839	3649	3040	2804	3560	4581	3704	4361	1531	946	4375	1086	2642	1859	3044	5374	3347	781	2226	1750	2937	3492	3010	1678	2175	1952	993	4419	1678	2479	2440	4388	731	2737	2882	4234	4264	4767	4954	5320	1939	5793	3613	1254	2658	0	4524	2932	4724	2846	4215	2300	1302	4649	1135	5005	1791	5348	2597	1431	3530	4944	719	851	1951	4748	3241	3865	4034	1678	2161	3414	2334	5136	1892	2278	3168	4387	3737	4613	1213	5561	5136	1319	1033	
3699	1758	4755	992	3410	3743	3469	3777	2291	1988	1381	3314	3006	2091	2805	1953	2510	978	1486	1749	1535	1686	820	3845	3103	3625	1263	4017	1956	2668	1856	967	1331	3765	2736	3079	2003	2191	2431	2914	2468	3193	3543	3572	2914	2385	2991	1311	4389	3155	1738	3508	3896	286	4113	4443	2655	1666	1741	4156	1956	4524	0	3168	4034	1692	3346	2326	3394	820	3663	1418	3274	942	2416	3105	1277	3625	3814	3681	2859	304	1304	2048	507	2914	2412	1144	2212	4125	2655	2295	1565	1126	1929	547	4983	1047	4125	3414	4143	
1694	1435	4205	2819	3109	1164	2987	2030	2748	3079	2315	1182	2680	2577	1348	3076	3485	2873	2317	2392	3353	2197	2583	1495	1700	2598	2254	3300	2502	1985	1390	4126	2842	2586	1038	1353	1264	3817	743	1730	2565	1024	2214	1498	1730	2944	3538	2235	3348	199	1756	1314	1429	3263	2075	2463	1660	3657	3579	3551	2545	2932	3168	0	1857	2333	1284	2532	2762	2760	2953	2784	1177	4102	3132	2306	1906	2012	2560	2490	1284	3214	2166	4020	2721	1729	2374	2631	1837	2240	2278	1716	1713	3799	3831	2896	4024	4099	2240	1706	3371	
338	2732	6061	4108	4946	716	4834	3858	2392	2898	2721	807	4499	4232	3182	2916	5151	4156	3783	3956	4777	2439	3769	365	3555	4455	2791	5157	4125	3788	2797	4854	4255	4440	2855	3209	2739	5355	2229	3571	4306	2877	4068	478	3571	4640	5292	2747	5192	2055	3255	607	465	3997	234	606	3466	3701	5029	5407	4166	4724	4034	1857	0	3877	736	4245	4611	3324	4808	2983	3027	4836	4817	4149	3047	624	4410	4344	3125	3938	3523	5475	3748	3571	4114	3977	3539	434	4068	3439	3060	4976	5290	3567	5859	4676	434	3557	5227	
3592	1168	3143	775	1772	3330	1804	2167	3155	3107	2130	3071	1332	481	1363	3080	1311	817	220	91	1042	2326	883	3573	1525	1935	1946	2348	330	1013	1081	2532	588	2078	1461	1617	1144	1496	1686	1325	810	1862	1882	3410	1325	895	1604	1981	2703	2219	622	3271	3564	1951	4039	4429	1100	3145	1251	2508	355	2846	1692	2333	3877	0	3146	670	1710	1997	1982	2510	1881	2505	1026	1418	1072	3712	2131	1998	1438	1940	538	1687	1227	1325	724	569	648	4134	964	774	861	1683	1499	1881	3315	2718	4134	1851	2472	
454	1997	5457	3376	4288	527	4187	3313	1983	2448	2085	101	3827	3511	2535	2459	4428	3424	3049	3226	4041	1828	3041	500	2934	3847	2130	4544	3400	3112	2066	4201	3519	3850	2203	2598	2013	4621	1521	2927	3603	2296	3476	263	2927	3924	4587	2089	4620	1481	2525	166	570	3331	896	1290	2797	3203	4293	4792	3441	4215	3346	1284	736	3146	0	3535	3970	2676	4182	2413	2454	4182	4099	3502	2316	729	3828	3751	2486	3272	2787	4739	3034	2926	3412	3242	2832	1014	3384	2739	2325	4256	4555	2904	5301	4052	1014	2978	4624	
3989	1672	2473	1354	1102	3634	1144	1769	3782	3762	2775	3449	681	247	1286	3736	962	1382	890	593	1284	2950	1539	3915	1240	1358	2592	1691	370	681	1540	3102	1057	1519	1520	1467	1547	1429	2017	1058	142	1800	1407	3796	1058	414	1056	2624	2069	2377	1111	3641	3884	2596	4428	4824	948	3815	1389	1842	373	2300	2326	2532	4245	670	3535	0	1075	2667	1339	3172	1760	3076	605	888	1697	4161	1584	1455	1367	2589	1199	1741	1884	1059	191	1182	708	4545	452	818	1419	2091	1574	2549	2658	3326	4545	1545	1817	
4413	2433	1549	2429	393	3927	230	1133	4630	4685	3684	3873	399	1320	1435	4662	1545	2458	1925	1646	2279	3809	2593	4254	1067	398	3510	661	1442	929	2268	4175	2128	569	1766	1417	2211	2192	2509	1043	936	1778	718	4215	1043	1184	1199	3534	995	2570	1952	4039	4191	3659	4822	5215	1198	4826	2316	870	1448	1302	3394	2762	4611	1710	3970	1075	0	3669	275	4122	1655	4149	1295	469	2610	4666	650	563	1487	3649	2193	2564	2937	1044	986	2252	1387	4972	779	1400	2273	3119	2435	3579	1615	4401	4972	1177	778	
2986	1522	5140	1524	3767	3123	3787	3809	1475	1218	606	2661	3313	2466	2764	1185	3085	1537	1778	2078	2204	903	1184	3175	3139	3824	551	4323	2316	2819	1673	1530	1855	3939	2601	3024	1811	2884	2081	2974	2805	3041	3657	2880	2974	2838	3511	588	4642	2796	1769	2842	3243	689	3379	3689	2711	1158	2441	4497	2331	4649	820	2760	3324	1997	2676	2667	3669	0	3943	616	3155	1512	2915	3302	1123	2867	3974	3845	2797	630	1478	2799	882	2975	2698	1580	2331	3373	2892	2373	1485	1938	2659	274	5284	1387	3373	3416	4444	
4621	2697	1298	2692	432	4115	256	1174	4895	4957	3955	4084	658	1581	1651	4934	1713	2720	2198	1917	2511	4077	2865	4448	1253	399	3782	392	1708	1190	2531	4432	2386	519	1983	1600	2469	2372	2744	1262	1199	1947	798	4422	1262	1410	1306	3806	731	2757	2224	4244	4379	3929	5023	5413	1441	5101	2531	618	1712	1135	3663	2953	4808	1982	4182	1339	275	3943	0	4395	1812	4407	1499	710	2883	4886	596	563	1696	3920	2468	2750	3208	1262	1258	2519	1657	5178	1053	1664	2544	3355	2632	3853	1341	4664	5178	1303	505	
2650	1794	5629	2119	4258	2907	4260	4124	881	612	492	2420	3788	2989	3067	581	3666	2136	2297	2597	2813	609	1761	2893	3475	4236	630	4782	2838	3231	1963	1966	2440	4336	2851	3308	2079	3494	2201	3331	3305	3259	4026	2577	3331	3382	4071	620	5070	2861	2175	2576	2981	1235	3002	3273	3075	874	3053	4972	2858	5005	1418	2784	2983	2510	2413	3172	4122	616	4395	0	3391	1954	3474	3723	1513	2461	4361	4236	3085	1180	1974	3415	1484	3331	3179	2151	2747	2965	3344	2764	1861	2543	3274	875	5731	1721	2965	3723	4900	
2871	1633	3036	2590	2030	2321	1884	868	3612	3830	2899	2353	1666	1903	518	3818	2701	2641	1977	1898	2896	2896	2506	2663	606	1438	2773	2139	1893	1089	1483	4224	2468	1413	554	294	1344	3182	1252	726	1736	161	1044	2675	726	2156	2615	2775	2170	978	1545	2492	2585	3457	3249	3632	824	4235	3068	2392	1932	1791	3274	1177	3027	1881	2454	1760	1655	3155	1812	3391	0	4198	2346	1235	2061	3179	1383	1319	443	3422	2006	3467	2768	726	1572	2373	1236	3416	1374	1106	1722	3554	3289	3193	2848	4308	3416	530	2204	
4498	2699	5388	1736	4102	4612	4189	4653	2806	2378	2117	4161	3751	2830	3717	2343	3015	1700	2324	2544	2000	2407	1700	4681	3987	4422	2052	4733	2716	3514	2797	26	2021	4574	3667	3991	2944	2524	3369	3792	3213	4123	4386	4390	3792	3039	3537	2094	5137	4094	2654	4347	4745	859	4889	5191	3541	1742	2116	4841	2705	5348	942	4102	4836	2505	4182	3076	4149	1512	4407	1954	4198	0	3019	3917	2218	4370	4630	4498	3775	915	2201	2253	1434	3793	3194	1936	3086	4876	3457	3181	2502	1230	2206	1278	5684	408	4876	4305	4860	
4551	2171	2370	1433	1122	4221	1251	2236	4165	4082	3129	4016	930	590	1886	4053	358	1440	1209	935	1041	3341	1732	4494	1793	1666	2944	1763	716	1257	2060	3044	1088	1840	2125	2052	2090	915	2590	1628	610	2395	1835	4362	1628	191	597	2982	2202	2980	1605	4211	4469	2700	4994	5389	1546	4020	1032	1836	680	2597	2416	3132	4817	1026	4099	605	1295	2915	1499	3474	2346	3019	0	1314	2093	4701	1917	1803	1967	2707	1545	1275	2057	1628	781	1337	1298	5103	982	1416	1880	1887	1141	2748	2683	3325	5103	2075	1886	
3946	1995	2007	2181	805	3469	686	922	4194	4272	3272	3405	451	1126	969	4250	1633	2217	1619	1373	2170	3380	2288	3793	631	525	3103	1099	1213	493	1828	3943	1918	660	1299	976	1761	2227	2041	578	779	1344	527	3748	578	1153	1425	3124	1346	2116	1549	3573	3733	3357	4358	4752	732	4459	2258	1327	1232	1431	3105	2306	4149	1418	3502	888	469	3302	710	3723	1235	3917	1314	0	2213	4197	714	581	1024	3341	1847	2573	2625	578	733	1985	977	4506	461	967	1863	2976	2421	3236	2014	4136	4506	818	1205	
2732	481	4126	1062	2760	2623	2753	2686	2087	2080	1083	2260	2283	1546	1645	2056	2353	1109	887	1163	1753	1256	730	2793	2016	2729	904	3271	1399	1722	590	2243	1247	2835	1509	1910	737	2383	1163	1854	1822	1961	2541	2570	1854	1967	2675	932	3559	1881	663	2464	2816	1416	3175	3548	1591	2263	2011	3464	1427	3530	1277	1906	3047	1072	2316	1697	2610	1123	2883	1513	2061	2218	2093	2213	0	2776	2865	2738	1682	1376	556	2449	816	1854	1681	949	1235	3238	1833	1262	363	1963	2270	1133	4218	2271	3238	2295	3388	
418	2543	6169	3829	4971	1077	4879	4040	1799	2312	2263	830	4502	4111	3235	2332	5016	3873	3587	3797	4529	1965	3469	785	3644	4560	2362	5254	3990	3787	2642	4385	4018	4569	2903	3314	2616	5146	2176	3626	4240	3020	4194	557	3626	4535	5216	2315	5342	2209	3100	734	922	3554	557	822	3480	3127	4786	5499	4029	4944	3625	2012	624	3712	729	4161	4666	2867	4886	2461	3179	4370	4701	4197	2776	0	4549	4468	3191	3494	3295	5225	3396	3626	4052	3724	3470	506	4048	3388	2860	4631	5045	3125	6025	4177	506	3701	5336	
4252	2588	1660	2895	997	3701	809	611	4764	4887	3894	3728	988	1828	1381	4867	2188	2931	2328	2086	2852	3973	2996	4045	942	254	3734	801	1923	1160	2417	4657	2628	82	1692	1241	2325	2826	2486	1042	1461	1536	362	4055	1042	1785	1847	3750	794	2360	2206	3872	3965	4062	4632	5015	1289	5126	2916	1050	1940	719	3814	2560	4410	2131	3828	1584	650	3974	596	4361	1383	4630	1917	714	2865	4549	0	133	1401	4044	2542	3192	3329	1042	1442	2698	1645	4799	1174	1604	2506	3673	3054	3924	1482	4848	4799	854	840	
4178	2468	1717	2762	933	3639	746	610	4649	4765	3771	3651	874	1698	1277	4746	2083	2799	2195	1954	2726	3854	2863	3981	840	172	3609	828	1792	1029	2297	4524	2497	104	1595	1155	2208	2716	2386	926	1335	1467	276	3981	926	1667	1762	3627	887	2291	2078	3799	3904	3929	4564	4950	1167	4998	2796	1081	1809	851	3681	2490	4344	1998	3751	1455	563	3845	563	4236	1319	4498	1803	581	2738	4468	133	0	1302	3912	2410	3078	3196	926	1311	2565	1514	4729	1041	1476	2380	3545	2938	3793	1578	4715	4729	791	886	
2927	1295	2979	2148	1825	2446	1709	1043	3396	3565	2599	2388	1399	1487	82	3549	2325	2199	1534	1457	2459	2634	2078	2769	462	1375	2458	2064	1465	731	1131	3801	2025	1405	293	228	1007	2771	1086	447	1363	438	1039	2728	447	1775	2296	2465	2188	1099	1122	2552	2710	3054	3335	3728	421	3907	2637	2308	1505	1951	2859	1284	3125	1438	2486	1367	1487	2797	1696	3085	443	3775	1967	1024	1682	3191	1401	1302	0	3021	1576	3043	2352	446	1186	1931	795	3485	1029	665	1329	3111	2863	2813	2879	3899	3485	641	2149	
3600	1847	5034	1277	3682	3697	3733	3973	2060	1722	1231	3249	3267	2359	2974	1687	2810	1267	1728	2004	1839	1532	1057	3772	3296	3864	1147	4281	2220	2889	1966	936	1620	3999	2875	3246	2113	2494	2492	3113	2732	3330	3760	3485	3113	2670	3287	1191	4643	3219	1912	3437	3833	60	4001	4316	2851	1362	2045	4427	2223	4748	304	3214	3938	1940	3272	2589	3649	630	3920	1180	3422	915	2707	3341	1376	3494	4044	3912	3021	0	1508	2344	716	3113	2664	1412	2420	3999	2897	2493	1700	1393	2229	371	5247	896	3999	3600	4406	
3219	799	3666	653	2292	3038	2309	2474	2622	2569	1593	2721	1835	1019	1517	2542	1797	707	335	627	1255	1796	502	3244	1799	2372	1408	2846	869	1384	785	2228	732	2500	1495	1790	903	1850	1445	1611	1334	1944	2252	3047	1611	1428	2133	1444	3174	2093	466	2926	3252	1530	3666	4048	1352	2634	1506	3019	891	3241	1304	2166	3523	538	2787	1199	2193	1478	2468	1974	2006	2201	1545	1847	556	3295	2542	2410	1576	1508	0	1952	800	1611	1220	471	912	3743	1420	991	473	1640	1767	1390	3808	2351	3743	2112	2968	
5169	2748	3394	1404	2342	4979	2495	3489	4248	4013	3229	4674	2205	1566	2963	3979	1043	1365	1718	1634	698	3507	1779	5195	2979	2941	3059	2964	1579	2416	2708	2272	1220	3115	3123	3180	2799	383	3351	2792	1812	3481	3099	4998	2792	1420	1539	3106	3419	3906	2278	4878	5200	2310	5615	5993	2643	3695	448	2985	1538	3865	2048	4020	5475	1687	4739	1741	2564	2799	2750	3415	3467	2253	1275	2573	2449	5225	3192	3078	3043	2344	1952	0	1957	2793	1930	1502	2264	5685	2186	2398	2420	1032	189	2552	3812	2637	5685	3285	3081	
3419	1291	4345	643	2983	3389	3027	3273	2293	2095	1274	2990	2557	1660	2298	2062	2208	655	1013	1294	1330	1560	345	3526	2598	3147	1110	3573	1518	2175	1373	1459	980	3283	2234	2572	1518	2011	1978	2411	2026	2690	3048	3274	2411	1998	2650	1159	3929	2693	1230	3191	3564	733	3850	4202	2151	1963	1574	3725	1524	4034	507	2721	3748	1227	3034	1884	2937	882	3208	1484	2768	1434	2057	2625	816	3396	3329	3196	2352	716	800	1957	0	2411	1951	726	1711	3885	2181	1791	1070	1235	1804	691	4540	1553	3885	2908	3697	
3369	1548	2554	2091	1379	2892	1264	863	3723	3847	2859	2829	964	1232	391	3829	1981	2137	1477	1317	2271	2931	2101	3215	200	969	2702	1638	1253	378	1377	3819	1902	1029	723	437	1283	2488	1487	1	1019	803	695	3171	1	1441	1893	2716	1804	1542	1214	2995	3156	3138	3780	4173	265	4116	2417	1878	1287	1678	2914	1729	3571	1325	2926	1059	1044	2975	1262	3331	726	3793	1628	578	1854	3626	1042	926	446	3113	1611	2793	2411	0	868	1877	707	3929	650	621	1491	3000	2621	2951	2493	3961	3929	526	1731	
3866	1603	2451	1460	1080	3490	1089	1590	3753	3760	2764	3324	615	399	1105	3735	1139	1494	940	663	1456	2922	1607	3779	1050	1228	2584	1629	481	490	1459	3220	1186	1382	1352	1279	1450	1620	1891	868	193	1616	1241	3672	868	590	1178	2613	1979	2215	1058	3512	3744	2674	4302	4699	765	3853	1572	1799	499	2161	2412	2374	4114	724	3412	191	986	2698	1258	3179	1572	3194	781	733	1681	4052	1442	1311	1186	2664	1220	1930	1951	868	0	1274	582	4425	278	676	1377	2247	1762	2597	2594	3428	4425	1356	1752	
3668	1266	3624	217	2270	3506	2324	2729	2893	2763	1848	3179	1862	948	1863	2733	1515	268	402	613	805	2094	395	3705	2075	2497	1666	2873	812	1580	1255	1962	308	2644	1897	2130	1369	1442	1915	1876	1324	2331	2451	3500	1876	1272	1932	1709	3247	2550	892	3384	3717	1416	4114	4491	1637	2688	1062	3015	812	3414	1144	2631	3977	569	3242	1182	2252	1580	2519	2151	2373	1936	1337	1985	949	3724	2698	2565	1931	1412	471	1502	726	1877	1274	0	1177	4182	1527	1288	943	1197	1322	1414	3839	2155	4182	2399	2999	
3286	1058	2925	1393	1586	2927	1549	1568	3247	3301	2300	2745	1098	743	718	3278	1649	1441	775	662	1664	2423	1396	3207	902	1495	2128	2047	689	489	902	3112	1236	1608	863	969	875	2014	1312	707	771	1227	1342	3093	707	1113	1755	2151	2324	1692	572	2935	3177	2442	3724	4120	460	3486	1848	2252	731	2334	2212	1837	3539	648	2832	708	1387	2331	1657	2747	1236	3086	1298	977	1235	3470	1645	1514	795	2420	912	2264	1711	707	582	1177	0	3844	628	134	889	2330	2080	2281	2986	3258	3844	1224	2161	
561	2971	6443	4297	5296	1134	5192	4259	2275	2791	2768	1106	4839	4514	3538	2813	5427	4342	4023	4216	4987	2471	3943	781	3926	4833	2864	5534	4399	4124	3055	4892	4471	4826	3208	3584	3013	5590	2533	3929	4615	3263	4453	759	3929	4931	5598	2817	5586	2439	3515	934	894	4058	207	318	3808	3611	5243	5783	4439	5136	4125	2240	434	4134	1014	4545	4972	3373	5178	2965	3416	4876	5103	4506	3238	506	4799	4729	3485	3999	3743	5685	3885	3929	4425	4182	3844	0	4397	3752	3294	5120	5503	3629	6259	4682	0	3946	5609	
3836	1686	2301	1721	959	3420	924	1317	3872	3911	2911	3292	471	676	952	3888	1332	1757	1170	914	1732	3046	1841	3723	812	971	2735	1438	754	298	1529	3483	1459	1118	1241	1082	1492	1862	1872	649	378	1438	963	3639	649	798	1268	2761	1754	2106	1180	3473	3679	2910	4264	4661	621	4050	1841	1632	775	1892	2655	2278	4068	964	3384	452	779	2892	1053	3344	1374	3457	982	461	1833	4048	1174	1041	1029	2897	1420	2186	2181	650	278	1527	628	4397	0	672	1503	2524	2023	2809	2393	3681	4397	1103	1557	
3193	1033	2947	1505	1628	2817	1576	1483	3231	3306	2307	2650	1142	872	589	3285	1769	1554	886	793	1797	2415	1485	3103	808	1472	2140	2056	822	475	869	3208	1362	1574	730	846	821	2147	1219	620	868	1094	1286	2998	620	1229	1853	2160	2309	1567	604	2838	3070	2517	3628	4025	360	3523	1982	2269	864	2278	2295	1716	3439	774	2739	818	1400	2373	1664	2764	1106	3181	1416	967	1262	3388	1604	1476	665	2493	991	2398	1791	621	676	1288	134	3752	672	0	904	2453	2214	2337	2980	3342	3752	1124	2166	
2763	329	3803	1114	2446	2565	2426	2325	2377	2412	1411	2256	1963	1303	1289	2390	2171	1167	729	949	1725	1547	875	2775	1653	2375	1240	2934	1165	1371	324	2528	1200	2477	1176	1556	459	2298	981	1491	1534	1632	2179	2586	1491	1733	2440	1262	3209	1656	323	2460	2781	1736	3210	3595	1229	2625	1973	3134	1200	3168	1565	1713	3060	861	2325	1419	2273	1485	2544	1861	1722	2502	1880	1863	363	2860	2506	2380	1329	1700	473	2420	1070	1491	1377	943	889	3294	1503	904	0	2087	2234	1484	3874	2588	3294	1935	3049	
4649	2385	4226	990	3005	4585	3118	3817	3413	3111	2459	4207	2722	1851	3039	3076	1823	936	1580	1683	848	2759	1236	4742	3199	3442	2314	3645	1776	2661	2410	1250	1098	3607	3093	3299	2537	1295	3066	2999	2212	3521	3488	4501	2999	1947	2352	2363	4076	3732	2086	4410	4773	1349	5083	5437	2782	2705	905	3722	1752	4387	1126	3799	4976	1683	4256	2091	3119	1938	3355	2543	3554	1230	1887	2976	1963	4631	3673	3545	3111	1393	1640	1032	1235	3000	2247	1197	2330	5120	2524	2453	2087	0	976	1669	4569	1607	5120	3525	3770	
4986	2562	3337	1232	2234	4792	2379	3332	4097	3876	3071	4488	2067	1391	2782	3842	948	1196	1530	1447	516	3346	1611	5009	2809	2805	2899	2864	1398	2246	2520	2227	1035	2979	2938	3003	2610	326	3162	2620	1652	3300	2948	4814	2620	1273	1465	2946	3316	3718	2089	4693	5013	2198	5432	5811	2466	3587	261	2899	1358	3737	1929	3831	5290	1499	4555	1574	2435	2659	2632	3274	3289	2206	1141	2421	2270	5045	3054	2938	2863	2229	1767	189	1804	2621	1762	1322	2080	5503	2023	2214	2234	976	0	2419	3734	2579	5503	3118	2983	
3229	1579	5019	1329	3651	3335	3684	3800	1744	1461	863	2883	3211	2334	2773	1427	2895	1335	1661	1955	1980	1166	1023	3404	3125	3760	776	4226	2188	2764	1714	1298	1670	3884	2640	3040	1858	2656	2190	2951	2689	3090	3620	3116	2951	2685	3341	820	4563	2915	1737	3069	3467	430	3630	3946	2686	1274	2209	4389	2198	4613	547	2896	3567	1881	2904	2549	3579	274	3853	875	3193	1278	2748	3236	1133	3125	3924	3793	2813	371	1390	2552	691	2951	2597	1414	2281	3629	2809	2337	1484	1669	2419	0	5191	1205	3629	3416	4349	
5718	4006	595	4000	1583	5146	1514	2002	6202	6285	5285	5201	1983	2892	2855	6263	2788	4023	3532	3246	3724	5393	4195	5495	2418	1526	5114	967	3027	2507	3837	5709	3679	1474	3172	2723	3761	3432	3964	2493	2516	3005	1843	5522	2493	2646	2273	5136	691	3825	3557	5339	5407	5254	6086	6462	2715	6441	3691	847	3026	1213	4983	4024	5859	3315	5301	2658	1615	5284	1341	5731	2848	5684	2683	2014	4218	6025	1482	1578	2879	5247	3808	3812	4540	2493	2594	3839	2986	6259	2393	2980	3874	4569	3734	5191	0	5964	6259	2324	842	
4338	2743	5694	1972	4382	4508	4457	4824	2533	2073	1967	4041	4006	3083	3848	2040	3349	1944	2521	2767	2332	2238	1863	4548	4150	4651	1937	5005	2959	3709	2860	399	2285	4796	3764	4122	3008	2891	3384	3961	3466	4220	4584	4245	3961	3328	3864	1973	5395	4110	2781	4218	4621	855	4710	4993	3702	1378	2470	5126	2953	5561	1047	4099	4676	2718	4052	3326	4401	1387	4664	1721	4308	408	3325	4136	2271	4177	4848	4715	3899	896	2351	2637	1553	3961	3428	2155	3258	4682	3681	3342	2588	1607	2579	1205	5964	0	4682	4461	5131	
561	2971	6443	4297	5296	1134	5192	4259	2275	2791	2768	1106	4839	4514	3538	2813	5427	4342	4023	4216	4987	2471	3943	781	3926	4833	2864	5534	4399	4124	3055	4892	4471	4826	3208	3584	3013	5590	2533	3929	4615	3263	4453	759	3929	4931	5598	2817	5586	2439	3515	934	894	4058	207	318	3808	3611	5243	5783	4439	5136	4125	2240	434	4134	1014	4545	4972	3373	5178	2965	3416	4876	5103	4506	3238	506	4799	4729	3485	3999	3743	5685	3885	3929	4425	4182	3844	0	4397	3752	3294	5120	5503	3629	6259	4682	0	3946	5609	
3399	1930	2507	2614	1565	2850	1404	402	4030	4205	3239	2877	1269	1738	657	4189	2415	2661	1998	1842	2788	3274	2608	3193	326	918	3095	1615	1771	880	1764	4332	2428	884	907	431	1645	2965	1693	526	1481	683	517	3203	526	1896	2243	3103	1643	1507	1688	3020	3114	3628	3779	4162	765	4538	2923	1868	1803	1319	3414	1706	3557	1851	2978	1545	1177	3416	1303	3723	530	4305	2075	818	2295	3701	854	791	641	3600	2112	3285	2908	526	1356	2399	1224	3946	1103	1124	1935	3525	3118	3416	2324	4461	3946	0	1676	
5056	3198	834	3163	765	4524	675	1447	5397	5462	4460	4524	1140	2053	2112	5439	2038	3188	2690	2404	2922	4580	3353	4864	1692	777	4287	127	2187	1692	3031	4885	2847	795	2441	2026	2965	2698	3217	1730	1675	2351	1160	4858	1730	1829	1559	4311	358	3173	2729	4677	4789	4413	5447	5833	1929	5601	2913	229	2187	1033	4143	3371	5227	2472	4624	1817	778	4444	505	4900	2204	4860	1886	1205	3388	5336	840	886	2149	4406	2968	3081	3697	1731	1752	2999	2161	5609	1557	2166	3049	3770	2983	4349	842	5131	5609	1676	0	


0	 CF244EL 	 0 	 0 	 540  	 1080  	 0  	 0 

1	 CF141RA 	 0 	 7 	 540  	 780  	 9  	 4 
2	 CF149JF 	 1 	 10 	 720  	 960  	 7  	 3 
3	 CF142AX 	 1 	 5 	 540  	 780  	 6  	 3 
4	 CF145HH	 1 	 5 	 540  	 780  	 5  	 2 
5	 CF244QY	 1 	 7 	 660  	 900  	 9  	 4 
6	 CF145LB 	 1 	 10 	 720  	 960  	 10  	 5 
7	 CF145PP 	 1 	 3 	 720  	 960  	 5  	 2 
8	 CF52AS 	 1 	 2 	 720  	 960  	 5  	 2 
9	 CF52BR 	 1 	 2 	 540  	 780  	 7  	 3 
10	 CF142QX	 1 	 10 	 720  	 960  	 8  	 4 
11	 CF143JL 	 1 	 7 	 600  	 840  	 9  	 4 
12	 CF146PR 	 1 	 7 	 540  	 780  	 7  	 3 
13	 CF146LQ 	 1 	 3 	 660  	 900  	 10  	 5 
14	 CF144HJ 	 1 	 10 	 660  	 900  	 8  	 4 
15	 CF52BA 	 1 	 1 	 600  	 840  	 9  	 4 
16	 CF146UN	 1 	 8 	 540  	 780  	 9  	 4 
17	 CF142AB 	 0 	 14 	 720  	 960  	 5  	 2 
18	 CF146DF 	 0 	 20 	 720  	 960  	 5  	 2 
19	 CF146DG	 1 	 3 	 720  	 960  	 7  	 3 
20	 CF147BJ 	 1 	 1 	 720  	 960  	 8  	 4 
21	 CF142QF 	 1 	 4 	 660  	 900  	 9  	 4 
22	 CF141LP 	 1 	 4 	 660  	 900  	 9  	 4 
23	 CF244NX	 1 	 3 	 600  	 840  	 5  	 2 
24	 CF145GF 	 1 	 7 	 720  	 960  	 8  	 4 
25	 CF145BX 	 1 	 9 	 600  	 840  	 5  	 2 
26	 CF142RU 	 1 	 6 	 540  	 780  	 7  	 3 
27	 CF149AX 	 1 	 5 	 660  	 900  	 5  	 2 
28	 CF146EH 	 1 	 8 	 540  	 780  	 7  	 3 
29	 CF145EU 	 1 	 10 	 600  	 840  	 6  	 3 
30	 CF141UQ	 1 	 3 	 660  	 900  	 5  	 2 
31	 CF52RH 	 1 	 7 	 720  	 960  	 9  	 4 
32	 CF141AX 	 1 	 4 	 540  	 780  	 8  	 4 
33	 CF145DH	 1 	 6 	 720  	 960  	 5  	 2 
34	 CF144ND	 1 	 5 	 600  	 840  	 8  	 4 
35	 CF144HZ 	 1 	 2 	 540  	 780  	 7  	 3 
36	 CF141RS 	 1 	 10 	 540  	 780  	 8  	 4 
37	 CF147HA	 0 	 22 	 540  	 780  	 5  	 2 
38	 CF144DF 	 1 	 3 	 720  	 960  	 6  	 3 
39	 CF148LW	 1 	 6 	 660  	 900  	 10  	 5 
40	 CF146ND	 1 	 8 	 540  	 780  	 8  	 4 
41	 CF144HQ	 1 	 4 	 600  	 840  	 5  	 2 
42	 CF145FN 	 1 	 2 	 720  	 960  	 7  	 3 
43	 CF244EU 	 0 	 10 	 660  	 900  	 6  	 3 
44	 CF148NQ	 1 	 3 	 660  	 900  	 10  	 5 
45	 CF146JS 	 0 	 16 	 720  	 960  	 10  	 5 
46	 CF146SP 	 1 	 3 	 540  	 780  	 10  	 5 
47	 CF142ST 	 1 	 3 	 660  	 900  	 8  	 4 
48	 CF149DE 	 1 	 7 	 720  	 960  	 10  	 5 
49	 CF144EP 	 1 	 4 	 660  	 900  	 7  	 3 
50	 CF141TF 	 1 	 6 	 660  	 900  	 8  	 4 
51	 CF244NH	 1 	 5 	 720  	 960  	 8  	 4 
52	 CF244NZ	 1 	 4 	 720  	 960  	 9  	 4 
53	 CF142FY 	 1 	 1 	 600  	 840  	 9  	 4 
54	 CF244BG 	 1 	 3 	 660  	 900  	 9  	 4 
55	 CF244AF 	 1 	 1 	 600  	 840  	 7  	 3 
56	 CF144UZ 	 1 	 1 	 540  	 780  	 8  	 4 
57	 CF52HF 	 1 	 2 	 720  	 960  	 7  	 3 
58	 CF147BZ 	 1 	 1 	 600  	 840  	 7  	 3 
59	 CF149HT 	 1 	 8 	 600  	 840  	 5  	 2 
60	 CF146EP 	 1 	 10 	 720  	 960  	 7  	 3 
61	 CF140XB 	 1 	 6 	 660  	 900  	 7  	 3 
62	 CF142BB 	 1 	 9 	 540  	 780  	 5  	 2 
63	 CF143QZ	 1 	 9 	 540  	 780  	 7  	 3 
64	 CF244BW	 1 	 8 	 540  	 780  	 6  	 3 
65	 CF146BZ 	 1 	 7 	 720  	 960  	 9  	 4 
66	 CF244JY 	 1 	 8 	 540  	 780  	 9  	 4 
67	 CF146NB	 1 	 3 	 540  	 780  	 9  	 4 
68	 CF145BJ 	 1 	 7 	 600  	 840  	 10  	 5 
69	 CF142HZ 	 1 	 6 	 720  	 960  	 6  	 3 
70	 CF145JH 	 1 	 4 	 720  	 960  	 8  	 4 
71	 CF52LA 	 1 	 2 	 660  	 900  	 6  	 3 
72	 CF144HW 1 	 10 	 660  	 900  	 6  	 3 
73	 CF52RN 	 1 	 1 	 720  	 960  	 8  	 4 
74	 CF146LD 	 1 	 9 	 600  	 840  	 5  	 2 
75	 CF145YA 	 1 	 9 	 600  	 840  	 8  	 4 
76	 CF141HD	 0 	 18 	 600  	 840  	 5  	 2 
77	 CF103EE 	 1 	 1 	 540  	 780  	 5  	 2 
78	 CF145AE 	 0 	 24 	 660  	 900  	 10  	 5 
79	 CF145DE 	 1 	 3 	 540  	 780  	 8  	 4 
80	 CF144HL 	 1 	 2 	 720  	 960  	 9  	 4 
81	 CF142FZ 	 1 	 10 	 720  	 960  	 10  	 5 
82	 CF141QD	 1 	 6 	 600  	 840  	 5  	 2 
83	 CF147ES 	 1 	 6 	 540  	 780  	 8  	 4 
84	 CF141NH	 1 	 4 	 540  	 780  	 8  	 4 
85	 CF148JD 	 0 	 16 	 540  	 780  	 7  	 3 
86	 CF146LY 	 1 	 3 	 660  	 900  	 9  	 4 
87	 CF141AG	 1 	 5 	 600  	 840  	 5  	 2 
88	 CF144SF 	 1 	 7 	 660  	 900  	 7  	 3 
89	 CF244AZ 	 1 	 5 	 660  	 900  	 7  	 3 
90	 CF144SN 	 0 	 14 	 720  	 960  	 8  	 4 
91	 CF144QF 	 1 	 10 	 540  	 780  	 7  	 3 
92	 CF141RZ 	 1 	 10 	 660  	 900  	 6  	 3 
93	 CF147JP 	 1 	 7 	 540  	 780  	 10  	 5 
94	 CF147EX 	 1 	 8 	 720  	 960  	 10  	 5 
95	 CF142HX 	 1 	 3 	 720  	 960  	 6  	 3 
96	 CF149HA	 1 	 7 	 540  	 780  	 8  	 4 
97	 CF52QX 	 1 	 8 	 600  	 840  	 5  	 2 
98	 CF103QN	 1 	 1 	 600  	 840  	 8  	 4 
99	 CF145PT 	 1 	 10 	 660  	 900  	 6  	 3 
100	 CF149BB 	 1 	 6 	 660  	 900  	 8  	 4 
