100

1200
32
10
500

0	1712	1513	2975	1670	786	3408	2137	1037	2609	3199	4285	3330	2884	1448	1141	2262	1863	3055	875	4494	1282	1529	1106	898	1465	1332	3005	2161	3508	4296	2209	384	926	1429	2866	2590	1274	2250	1818	2530	787	3351	1695	4208	3636	2125	4370	1760	2481	1602	2427	2761	2096	1831	3781	2876	3250	2488	3056	2489	2267	1860	852	1086	2827	3005	170	2861	2460	1768	2423	2936	1670	2193	1616	3554	1422	150	2499	1739	4074	2520	1388	798	2165	3542	3567	4252	3794	981	410	2691	2499	2007	1752	2103	3605	3407	524	2265	
1712	0	1758	2714	3153	1073	1704	1373	1197	1654	1667	2723	1628	3431	621	578	913	3493	3106	999	2938	436	1474	1657	2229	399	3043	1337	3397	1878	2800	1619	2093	1621	2942	2022	1846	1897	2631	3484	1337	2425	1661	3401	2634	1956	430	2826	595	1733	3164	1479	2184	3366	3492	2093	2945	3369	1050	3136	793	3893	3390	1326	1586	2625	1631	1838	3068	1621	3197	2578	1755	2351	655	1030	3770	3045	1567	1313	3275	2364	2841	2500	2141	888	1871	3679	2777	2372	1678	1750	1322	788	547	3416	2496	3697	1696	2236	1396	
1513	1758	0	4115	3118	1740	3209	1018	677	3320	2438	3431	2928	1689	1139	1543	1586	3163	4340	1768	3614	1586	319	410	2411	1856	2370	2976	3666	2861	3349	3117	1752	2259	2874	1564	3438	369	3621	3055	3063	1632	3229	2797	3381	3101	1950	3482	1301	3319	3001	1318	1337	3597	3078	3260	4161	4569	2808	4352	2208	3545	2129	736	428	3989	2097	1672	4199	1256	3236	3719	1864	636	1750	812	4917	2773	1425	1562	3149	3767	1148	1030	2311	2611	3467	4892	3281	2807	2329	1891	1862	2348	1592	3000	757	4924	3085	1784	1164	
2975	2714	4115	0	2964	2396	3236	4067	3438	1302	4088	4920	3563	5745	3190	2611	3597	3541	595	2354	5118	2618	3933	3811	2485	2397	3776	2795	2585	4065	5105	1097	3109	2053	2938	4735	992	4052	1077	3676	1703	3653	3073	3870	4817	3942	2933	5045	3294	1066	3153	4193	4881	2635	3659	3997	562	837	2119	649	3108	3789	4703	3408	3753	158	4214	2926	805	4332	2869	744	4423	4521	3291	3628	1236	3259	2949	4008	3145	3773	5260	4353	2506	1970	3063	1069	5116	4824	2005	2607	3947	2913	3242	3622	4854	1070	3458	3247	4104	
1670	3153	3118	2964	0	2080	4720	3807	2707	3315	4774	5855	4757	4150	3062	2594	3867	580	2710	2154	6068	2730	3184	2710	925	2798	1168	4259	708	5029	5897	2790	1367	1594	244	4536	3137	2811	1899	737	3438	1619	4623	1026	5771	5104	3582	5950	3363	3070	233	4093	4416	616	714	5234	2572	2777	3586	2680	3942	859	2254	2518	2707	2810	4628	1501	2420	4130	158	2223	4591	3078	3740	3281	2904	473	1804	4144	182	5398	3954	2589	1013	3240	4765	3021	5860	5415	1560	1435	4307	3890	3568	696	3564	3070	4788	1341	3933	
786	1073	1740	2396	2080	0	2703	1968	1074	1844	2708	3781	2690	3349	1087	522	1837	2430	2600	91	3996	651	1605	1415	1157	739	2069	2273	2364	2949	3839	1491	1121	619	1869	2716	1860	1656	1909	2434	1744	1573	2629	2388	3695	3028	1503	3880	1349	1745	2093	2201	2728	2325	2440	3162	2421	2832	1711	2614	1864	2827	2639	1016	1360	2263	2601	856	2468	2287	2128	1982	2629	2127	1672	1441	3188	1984	681	2167	2202	3379	2875	2017	1067	1382	2805	3155	3807	3378	689	692	2279	1829	1509	2366	2464	3186	2738	1279	2061	
3408	1704	3209	3236	4720	2703	0	2377	2811	1944	1297	1744	480	4720	2173	2267	1666	5124	3796	2617	1923	2126	2891	3241	3807	1965	4739	482	4824	1009	1979	2336	3784	3127	4533	2591	2260	3450	3679	5137	1571	4128	170	5083	1642	767	1329	1872	1926	2214	4768	2234	2956	4815	5141	779	3689	4059	1224	3844	1009	5514	5071	2977	3173	3230	1659	3524	3891	2403	4736	3485	2030	3844	1459	2398	4468	4682	3266	1901	4862	678	4086	4112	3732	1534	344	4305	2015	1877	3165	3395	1617	922	1624	5068	3840	4304	280	3931	2287	
2137	1373	1018	4067	3807	1968	2377	0	1105	3018	1437	2413	2023	2343	908	1530	720	3965	4417	1948	2597	1479	748	1275	2968	1672	3257	2254	4246	1875	2337	2980	2474	2584	3566	750	3219	1367	3836	3888	2674	2517	2434	3677	2363	2139	1329	2465	779	3106	3736	311	814	4192	3906	2297	4248	4672	2320	4441	1450	4363	3141	1305	1237	3969	1080	2307	4342	326	3899	3846	861	1612	1002	537	5059	3539	2003	556	3875	2859	1709	2047	2865	2241	2677	4989	2273	1798	2655	2414	868	1644	929	3827	1489	5012	2204	2555	148	
1037	1197	677	3438	2707	1074	2811	1105	0	2669	2301	3370	2612	2347	638	879	1360	2863	3673	1096	3571	941	541	461	1897	1215	2190	2506	3176	2669	3346	2444	1370	1629	2465	1829	2772	709	2975	2792	2438	1467	2801	2602	3303	2855	1488	3443	914	2653	2631	1402	1743	3117	2810	3011	3494	3906	2224	3687	1808	3264	2277	208	390	3313	2046	1207	3542	1425	2804	3057	1929	1181	1400	604	4262	2435	909	1515	2771	3427	1825	1310	1793	1992	3026	4230	3293	2824	1701	1347	1750	1900	1214	2730	1427	4260	2737	1456	1237	
2609	1654	3320	1302	3315	1844	1944	3018	2669	0	2816	3619	2261	5008	2238	1792	2444	3833	1853	1765	3817	1734	3072	3110	2533	1464	3761	1494	3202	2768	3808	530	2884	1867	3194	3611	316	3364	1835	3911	409	3390	1784	3988	3516	2640	1753	3744	2246	291	3438	3084	3820	3218	3904	2698	1748	2116	834	1900	1862	4171	4468	2713	3043	1287	2982	2637	1957	3240	3278	1588	3229	3844	2122	2671	2526	3445	2521	2851	3487	2514	4450	3834	2501	780	1800	2370	3821	3546	1863	2368	2741	1653	2117	3846	4076	2372	2158	3043	3025	
3199	1667	2438	4088	4774	2708	1297	1437	2301	2816	0	1086	823	3690	1753	2187	946	5055	4577	2644	1297	2058	2139	2621	3859	2062	4472	1466	5060	453	1133	3031	3578	3284	4551	1375	3106	2763	4234	5017	2408	3765	1430	4871	1010	758	1271	1176	1440	3023	4759	1182	1779	5026	5030	905	4437	4847	1982	4616	994	5460	4524	2506	2567	4039	414	3353	4597	1319	4831	4129	792	3047	1036	1725	5259	4609	3049	881	4881	1549	3060	3453	3765	2129	1642	5133	1110	740	3343	3342	576	1176	1207	4951	2904	5142	1034	3696	1302	
4285	2723	3431	4920	5855	3781	1744	2413	3370	3619	1086	0	1358	4461	2838	3262	2027	6141	5452	3714	215	3130	3152	3659	4936	3109	5551	2133	6119	878	297	3927	4663	4343	5633	2080	3929	3777	5203	6103	3218	4837	1914	5954	103	987	2306	128	2525	3864	5843	2117	2493	6089	6116	969	5327	5720	2812	5496	1977	6546	5550	3576	3610	4895	1341	4439	5509	2208	5908	5063	1589	4007	2114	2779	6133	5695	4135	1883	5964	1522	3862	4460	4843	3036	2025	5986	379	688	4400	4425	1620	2105	2290	6037	3787	5989	1485	4780	2267	
3330	1628	2928	3563	4757	2690	480	2023	2612	2261	823	1358	0	4359	1983	2206	1344	5118	4100	2610	1556	2064	2610	3012	3833	1959	4657	777	4930	545	1561	2588	3714	3181	4555	2152	2572	3201	3895	5112	1863	4005	628	5025	1255	386	1206	1484	1700	2510	4782	1842	2533	4911	5120	485	3979	4367	1463	4144	841	5516	4889	2796	2948	3540	1202	3463	4167	2004	4788	3733	1580	3562	1213	2131	4780	4671	3183	1508	4887	841	3724	3882	3750	1716	823	4630	1586	1407	3229	3376	1204	867	1398	5044	3508	4632	211	3852	1917	
2884	3431	1689	5745	4150	3349	4720	2343	2347	5008	3690	4461	4359	0	2810	3225	3056	3967	5910	3394	4596	3274	1957	1937	3709	3545	3078	4564	4815	4143	4284	4787	2947	3774	3930	2386	5119	1693	5130	3798	4749	2541	4770	3444	4445	4436	3567	4469	2917	5000	3966	2526	1969	4730	3829	4589	5730	6120	4479	5916	3765	4264	2217	2343	1998	5611	3283	2999	5735	2374	4298	5278	2931	1229	3301	2423	6436	3705	2859	2856	4113	5188	635	1574	3624	4297	5014	6440	4197	3775	3838	3294	3168	3937	3177	3767	936	6476	4545	2893	2443	
1448	621	1139	3190	3062	1087	2173	908	638	2238	1753	2838	1983	2810	0	623	815	3308	3517	1055	3046	577	853	1076	2171	801	2727	1878	3427	2082	2851	2122	1825	1706	2830	1642	2397	1303	2928	3265	1947	2039	2165	3121	2763	2244	853	2923	313	2280	3027	1117	1708	3381	3279	2397	3346	3769	1671	3540	1171	3713	2909	813	1007	3084	1567	1605	3435	1214	3134	2939	1550	1742	780	441	4153	2864	1299	1092	3155	2791	2225	1943	2071	1494	2393	4088	2808	2356	1775	1629	1249	1265	590	3200	1875	4112	2102	1944	984	
1141	578	1543	2611	2594	522	2267	1530	879	1792	2187	3262	2206	3225	623	0	1321	2918	2908	465	3476	143	1328	1320	1674	367	2472	1871	2884	2437	3317	1578	1518	1122	2377	2263	1895	1574	2306	2906	1581	1879	2212	2824	3177	2530	1004	3360	845	1776	2595	1732	2325	2846	2915	2670	2734	3157	1426	2929	1369	3319	2884	928	1251	2496	2083	1261	2817	1835	2646	2321	2127	2052	1151	1036	3536	2470	999	1666	2709	2934	2687	2086	1582	1149	2408	3477	3285	2857	1187	1177	1762	1362	987	2838	2299	3502	2272	1664	1605	
2262	913	1586	3597	3867	1837	1666	720	1360	2444	946	2027	1344	3056	815	1321	0	4123	4012	1785	2234	1211	1270	1707	2965	1298	3527	1537	4200	1313	2036	2501	2638	2442	3639	1169	2681	1876	3539	4079	2068	2820	1715	3927	1954	1524	691	2109	506	2576	3839	661	1423	4160	4093	1683	3854	4277	1680	4044	735	4528	3609	1562	1648	3518	765	2419	3980	831	3934	3491	842	2219	324	807	4679	3679	2113	411	3965	2185	2424	2564	2867	1668	1959	4584	1995	1549	2507	2432	443	939	366	4013	2176	4601	1511	2753	655	
1863	3493	3163	3541	580	2430	5124	3965	2863	3833	5055	6141	5118	3967	3308	2918	4123	0	3287	2513	6352	3059	3284	2772	1335	3168	890	4677	1187	5345	6159	3316	1497	2035	639	4664	3673	2823	2478	200	3925	1548	5038	571	6062	5448	3921	6229	3619	3600	399	4265	4495	1097	168	5586	3151	3348	4036	3257	4286	405	1899	2660	2784	3387	4868	1704	2996	4279	698	2801	4788	3005	4036	3462	3458	448	2010	4358	401	5802	3858	2465	1398	3689	5196	3584	6114	5656	2014	1743	4554	4259	3854	205	3496	3634	5168	1410	4100	
3055	3106	4340	595	2710	2600	3796	4417	3673	1853	4577	5452	4100	5910	3517	2908	4012	3287	0	2577	5655	2941	4193	4001	2413	2753	3655	3343	2222	4587	5625	1546	3117	2139	2731	5117	1536	4229	858	3444	2239	3651	3636	3684	5350	4483	3375	5576	3661	1590	2921	4573	5224	2286	3423	4547	180	269	2641	55	3586	3485	4653	3611	3950	567	4671	2975	301	4701	2593	633	4850	4681	3720	3943	682	3068	3058	4418	2886	4351	5469	4442	2458	2448	3639	573	5631	5317	2078	2658	4389	3403	3649	3397	5054	595	4007	3237	4470	
875	999	1768	2354	2154	91	2617	1948	1096	1765	2644	3714	2610	3394	1055	465	1785	2513	2577	0	3929	586	1618	1457	1230	655	2160	2184	2420	2877	3776	1426	1212	658	1946	2692	1790	1702	1907	2520	1657	1661	2541	2477	3627	2950	1428	3814	1305	1674	2172	2172	2718	2384	2525	3083	2399	2813	1620	2592	1787	2909	2724	1054	1399	2224	2548	947	2454	2263	2198	1965	2587	2176	1609	1427	3176	2068	766	2125	2279	3293	2909	2084	1143	1292	2715	3137	3747	3321	725	779	2227	1747	1451	2451	2500	3166	2655	1369	2036	
4494	2938	3614	5118	6068	3996	1923	2597	3571	3817	1297	215	1556	4596	3046	3476	2234	6352	5655	3929	0	3344	3340	3852	5150	3324	5755	2327	6334	1090	322	4133	4872	4558	5846	2225	4128	3963	5414	6312	3418	5038	2094	6159	310	1178	2521	132	2734	4065	6055	2297	2632	6304	6325	1144	5531	5922	3015	5699	2191	6756	5737	3778	3804	5095	1533	4649	5715	2380	6122	5271	1760	4181	2327	2977	6335	5905	4344	2076	6176	1647	4005	4644	5057	3245	2191	6185	414	830	4615	4638	1821	2318	2502	6246	3947	6188	1672	4987	2450	
1282	436	1586	2618	2730	651	2126	1479	941	1734	2058	3130	2064	3274	577	143	1211	3059	2941	586	3344	0	1350	1394	1808	274	2614	1734	3005	2300	3190	1561	1661	1234	2515	2198	1860	1646	2371	3049	1498	2014	2073	2967	3044	2390	862	3229	756	1741	2734	1660	2284	2969	3057	2528	2770	3194	1315	2964	1228	3459	3010	1016	1324	2510	1970	1404	2864	1774	2779	2368	2032	2121	1023	1011	3580	2611	1140	1572	2847	2792	2721	2186	1717	1056	2271	3512	3161	2738	1298	1317	1649	1219	867	2980	2343	3536	2130	1806	1542	
1529	1474	319	3933	3184	1605	2891	748	541	3072	2139	3152	2610	1957	853	1328	1270	3284	4193	1618	3340	1350	0	534	2414	1611	2535	2664	3688	2555	3084	2905	1821	2169	2940	1383	3209	626	3511	3192	2796	1793	2912	2960	3098	2789	1641	3209	988	3091	3088	1058	1233	3625	3213	2948	4016	4431	2522	4209	1891	3676	2398	683	506	3813	1812	1697	4071	1025	3291	3583	1608	954	1432	495	4792	2874	1417	1272	3232	3449	1378	1315	2311	2343	3151	4754	3020	2546	2241	1870	1563	2034	1276	3134	1022	4783	2766	1879	896	
1106	1657	410	3811	2710	1415	3241	1275	461	3110	2621	3659	3012	1937	1076	1320	1707	2772	4001	1457	3852	1394	534	0	2004	1667	2004	2954	3256	3018	3604	2856	1343	1890	2466	1911	3197	254	3257	2671	2892	1262	3239	2430	3601	3229	1929	3721	1319	3078	2597	1586	1723	3187	2693	3387	3820	4222	2685	4010	2233	3158	1904	406	71	3678	2319	1264	3846	1559	2826	3374	2136	734	1802	901	4559	2373	1025	1776	2744	3839	1469	872	1904	2449	3469	4545	3543	3068	1959	1492	2050	2340	1624	2615	1053	4578	3149	1381	1422	
898	2229	2411	2485	925	1157	3807	2968	1897	2533	3859	4936	3833	3709	2171	1674	2965	1335	2413	1230	5150	1808	2414	2004	0	1874	1297	3352	1280	4106	4987	2033	765	700	726	3712	2407	2163	1558	1387	2597	1260	3715	1461	4851	4179	2658	5034	2464	2322	963	3240	3638	1223	1383	4310	2243	2564	2701	2401	3017	1712	2242	1731	1984	2328	3729	744	2171	3294	972	1811	3716	2526	2824	2433	2812	918	997	3262	1056	4485	3394	2151	104	2354	3867	2862	4952	4513	683	555	3407	2967	2655	1320	2981	2906	3867	851	3085	
1465	399	1856	2397	2798	739	1965	1672	1215	1464	2062	3109	1959	3545	801	367	1298	3168	2753	655	3324	274	1611	1667	1874	0	2786	1543	3011	2254	3194	1321	1831	1238	2595	2364	1601	1920	2241	3174	1225	2224	1895	3120	3018	2307	803	3215	908	1483	2824	1821	2485	2983	3179	2436	2587	3012	1060	2780	1150	3563	3245	1285	1597	2297	2028	1567	2698	1949	2833	2204	2138	2395	1054	1242	3407	2723	1331	1688	2928	2640	2987	2451	1791	786	2079	3326	3172	2771	1292	1431	1717	1094	934	3105	2612	3347	2000	1983	1718	
1332	3043	2370	3776	1168	2069	4739	3257	2190	3761	4472	5551	4657	3078	2727	2472	3527	890	3655	2160	5755	2614	2535	2004	1297	2786	0	4330	1876	4809	5536	3287	956	1896	1010	3915	3670	2012	2799	730	3759	743	4679	427	5481	4953	3453	5628	3039	3576	947	3565	3706	1784	759	5101	3495	3774	3776	3636	3816	1215	1087	1982	2030	3619	4235	1219	3390	3556	1326	3081	4107	2141	3497	2793	3964	695	1476	3704	1079	5406	2979	1587	1294	3440	4865	4050	5483	5014	1909	1414	3935	3831	3308	692	2630	4097	4738	808	3399	
3005	1337	2976	2795	4259	2273	482	2254	2506	1494	1466	2133	777	4564	1878	1871	1537	4677	3343	2184	2327	1734	2664	2954	3352	1543	4330	0	4347	1309	2338	1861	3374	2665	4077	2603	1808	3179	3199	4697	1106	3748	364	4661	2029	1149	1029	2259	1676	1754	4315	2171	2927	4339	4701	1204	3229	3608	742	3389	804	5063	4727	2653	2884	2779	1751	3111	3426	2344	4270	3011	2088	3603	1264	2170	4019	4239	2867	1855	4405	1145	3939	3816	3281	1053	538	3864	2360	2144	2700	2962	1619	630	1393	4629	3655	3865	664	3525	2190	
2161	3397	3666	2585	708	2364	4824	4246	3176	3202	5060	6119	4930	4815	3427	2884	4200	1187	2222	2420	6334	3005	3688	3256	1280	3011	1876	4347	0	5263	6193	2675	1932	1776	893	4992	2971	3389	1517	1378	3404	2274	4707	1710	6029	5296	3814	6223	3708	2928	935	4513	4916	93	1349	5414	2113	2237	3629	2183	4156	1287	2962	3007	3242	2443	4965	1997	1921	4572	550	1851	4977	3700	4027	3710	2298	1180	2272	4519	826	5491	4579	3243	1384	3296	4819	2442	6165	5741	1719	1834	4643	4069	3871	1354	4177	2492	4931	1945	4360	
3508	1878	2861	4065	5029	2949	1009	1875	2669	2768	453	878	545	4143	2082	2437	1313	5345	4587	2877	1090	2300	2555	3018	4106	2254	4809	1309	5263	0	1040	3055	3891	3492	4814	1818	3074	3174	4325	5320	2363	4118	1167	5197	780	323	1453	997	1773	3004	5031	1631	2226	5237	5331	457	4459	4856	1948	4630	1109	5748	4921	2868	2960	4033	864	3654	4637	1771	5075	4187	1237	3479	1315	2117	5269	4897	3358	1320	5146	1123	3513	3865	4016	2160	1341	5127	1055	868	3546	3612	1007	1228	1502	5253	3351	5132	729	4018	1744	
4296	2800	3349	5105	5897	3839	1979	2337	3346	3808	1133	297	1561	4284	2851	3317	2036	6159	5625	3776	322	3190	3084	3604	4987	3194	5536	2338	6193	1040	0	4088	4670	4418	5671	1923	4114	3704	5338	6111	3403	4811	2148	5945	374	1212	2397	217	2542	4043	5874	2031	2325	6159	6125	1221	5494	5894	2988	5667	2092	6563	5477	3554	3559	5073	1300	4455	5669	2102	5958	5213	1486	3902	2167	2746	6307	5715	4148	1836	5999	1808	3698	4378	4891	3189	2276	6167	93	542	4477	4463	1607	2242	2332	6046	3652	6172	1710	4779	2190	
2209	1619	3117	1097	2790	1491	2336	2980	2444	530	3031	3927	2588	4787	2122	1578	2501	3316	1546	1426	4133	1561	2905	2856	2033	1321	3287	1861	2675	3055	4088	0	2448	1393	2676	3639	386	3107	1353	3400	778	2972	2189	3493	3826	2973	1841	4049	2204	290	2918	3098	3794	2689	3392	3051	1407	1816	1127	1585	2040	3648	4053	2450	2792	1021	3131	2213	1582	3239	2750	1150	3328	3586	2196	2563	2228	2936	2140	2911	2963	2951	4264	3508	2008	903	2243	2106	4091	3771	1379	1924	2857	1858	2144	3335	3871	2118	2517	2604	3013	
384	2093	1752	3109	1367	1121	3784	2474	1370	2884	3578	4663	3714	2947	1825	1518	2638	1497	3117	1212	4872	1661	1821	1343	765	1831	956	3374	1932	3891	4670	2448	0	1078	1123	3188	2833	1459	2278	1441	2842	544	3723	1311	4588	4020	2508	4747	2138	2730	1268	2771	3051	1858	1455	4166	2942	3289	2831	3111	2873	1900	1614	1171	1340	2956	3375	265	2896	2792	1483	2495	3292	1781	2576	1966	3559	1065	534	2862	1411	4452	2656	1386	688	2501	3910	3596	4624	4163	1114	525	3064	2879	2390	1376	2250	3637	3789	160	2607	
926	1621	2259	2053	1594	619	3127	2584	1629	1867	3284	4343	3181	3774	1706	1122	2442	2035	2139	658	4558	1234	2169	1890	700	1238	1896	2665	1776	3492	4418	1393	1078	0	1417	3332	1777	2106	1367	2083	1903	1618	3028	2126	4254	3539	2040	4447	1962	1681	1658	2820	3331	1746	2081	3663	1959	2346	2003	2143	2387	2408	2691	1524	1847	1904	3203	874	1963	2904	1611	1506	3244	2546	2254	2053	2671	1614	919	2783	1741	3804	3356	2312	647	1656	3173	2666	4391	3972	72	559	2882	2315	2102	2015	2938	2702	3202	1227	2679	
1429	2942	2874	2938	244	1869	4533	3566	2465	3194	4551	5633	4555	3930	2830	2377	3639	639	2731	1946	5846	2515	2940	2466	726	2595	1010	4077	893	4814	5671	2676	1123	1417	0	4294	3034	2570	1895	743	3293	1392	4440	953	5550	4896	3372	5727	3133	2961	244	3853	4172	805	729	5029	2583	2821	3419	2706	3733	993	2094	2275	2463	2782	4397	1259	2450	3889	371	2206	4354	2843	3519	3042	2980	340	1564	3909	333	5211	3720	2364	805	3072	4590	3081	5633	5185	1391	1209	4077	3689	3345	685	3328	3129	4592	1100	3693	
2866	2022	1564	4735	4536	2716	2591	750	1829	3611	1375	2080	2152	2386	1642	2263	1169	4664	5117	2692	2225	2198	1383	1911	3712	2364	3915	2603	4992	1818	1923	3639	3188	3332	4294	0	3842	1933	4567	4575	3238	3173	2690	4341	2060	2132	1861	2096	1456	3734	4455	544	419	4936	4595	2275	4951	5376	2845	5144	1850	5058	3659	2019	1888	4647	963	3036	5057	429	4633	4562	583	2032	1493	1287	5769	4248	2737	772	4596	2924	1782	2556	3609	2834	2925	5690	1841	1397	3403	3158	987	2069	1502	4516	1735	5711	2359	3256	658	
2590	1846	3438	992	3137	1860	2260	3219	2772	316	3106	3929	2572	5119	2397	1895	2681	3673	1536	1790	4128	1860	3209	3197	2407	1601	3670	1808	2971	3074	4114	386	2833	1777	3034	3842	0	3450	1556	3764	711	3356	2100	3868	3826	2953	1997	4054	2440	119	3275	3307	4028	2993	3755	3012	1432	1800	1130	1584	2138	3995	4438	2793	3132	971	3253	2598	1644	3457	3087	1291	3485	3930	2364	2837	2211	3304	2518	3091	3312	2828	4579	3874	2387	1016	2113	2057	4125	3840	1761	2309	3001	1935	2340	3701	4194	2060	2472	2989	3237	
1274	1897	369	4052	2811	1656	3450	1367	709	3364	2763	3777	3201	1693	1303	1574	1876	2823	4229	1702	3963	1646	626	254	2163	1920	2012	3179	3389	3174	3704	3107	1459	2106	2570	1933	3450	0	3472	2707	3144	1281	3455	2439	3723	3399	2151	3832	1524	3331	2681	1673	1695	3316	2731	3558	4049	4446	2932	4237	2442	3198	1774	657	322	3918	2438	1419	4067	1620	2936	3600	2222	480	1999	1072	4777	2445	1214	1898	2831	4034	1254	691	2066	2700	3688	4768	3638	3163	2173	1675	2187	2560	1827	2654	835	4803	3347	1470	1514	
2250	2631	3621	1077	1899	1909	3679	3836	2975	1835	4234	5203	3895	5130	2928	2306	3539	2478	858	1907	5414	2371	3511	3257	1558	2241	2799	3199	1517	4325	5338	1353	2278	1367	1895	4567	1556	3472	0	2623	2131	2805	3536	2843	5105	4280	2972	5321	3124	1545	2098	4032	4621	1563	2604	4370	695	1011	2457	843	3248	2714	3797	2885	3213	929	4256	2154	618	4141	1798	335	4379	3905	3280	3328	1306	2227	2271	3926	2079	4303	4724	3628	1608	2179	3596	1320	5330	4967	1299	1844	3952	3100	3174	2572	4305	1361	3844	2391	3910	
1818	3484	3055	3676	737	2434	5137	3888	2792	3911	5017	6103	5112	3798	3265	2906	4079	200	3444	2520	6312	3049	3192	2671	1387	3174	730	4697	1378	5320	6111	3400	1441	2083	743	4575	3764	2707	2623	0	3984	1427	5057	375	6026	5434	3910	6188	3578	3687	525	4191	4390	1287	33	5575	3303	3514	4074	3415	4276	492	1706	2587	2688	3521	4815	1667	3155	4198	870	2940	4721	2866	4007	3395	3636	469	1968	4299	569	5813	3709	2316	1437	3728	5222	3756	6064	5602	2069	1742	4505	4259	3823	69	3355	3806	5170	1337	4026	
2530	1337	3063	1703	3438	1744	1571	2674	2438	409	2408	3218	1863	4749	1947	1581	2068	3925	2239	1657	3418	1498	2796	2892	2597	1225	3759	1106	3404	2363	3403	778	2842	1903	3293	3238	711	3144	2131	3984	0	3317	1418	4023	3116	2245	1378	3343	1915	649	3537	2718	3465	3410	3980	2309	2123	2505	426	2284	1460	4283	4381	2508	2822	1677	2580	2583	2321	2879	3419	1918	2837	3618	1745	2366	2917	3515	2424	2472	3602	2174	4171	3663	2550	453	1465	2768	3415	3137	1915	2346	2347	1249	1757	3916	3813	2771	1769	3002	2670	
787	2425	1632	3653	1619	1573	4128	2517	1467	3390	3765	4837	4005	2541	2039	1879	2820	1548	3651	1661	5038	2014	1793	1262	1260	2224	743	3748	2274	4118	4811	2972	544	1618	1392	3173	3356	1281	2805	1427	3317	0	4084	1168	4769	4282	2814	4910	2346	3250	1453	2827	2969	2190	1451	4433	3477	3815	3265	3643	3169	1918	1082	1260	1288	3500	3512	759	3422	2814	1762	3032	3371	1471	2818	2065	4072	1200	900	2976	1603	4782	2340	971	1199	2947	4285	4119	4756	4284	1657	1060	3217	3208	2628	1375	1961	4161	4102	414	2661	
3351	1661	3229	3073	4623	2629	170	2434	2801	1784	1430	1914	628	4770	2165	2212	1715	5038	3636	2541	2094	2073	2912	3239	3715	1895	4679	364	4707	1167	2148	2189	3723	3028	4440	2690	2100	3455	3536	5057	1418	4084	0	5015	1812	935	1312	2042	1935	2058	4677	2309	3044	4700	5061	949	3531	3898	1089	3684	1022	5425	5045	2959	3170	3069	1775	3461	3735	2480	4633	3335	2139	3862	1484	2418	4306	4599	3211	1979	4768	784	4139	4108	3643	1411	244	4141	2182	2033	3064	3319	1707	901	1637	4988	3879	4139	442	3873	2352	
1695	3401	2797	3870	1026	2388	5083	3677	2602	3988	4871	5954	5025	3444	3121	2824	3927	571	3684	2477	6159	2967	2960	2430	1461	3120	427	4661	1710	5197	5945	3493	1311	2126	953	4341	3868	2439	2843	375	4023	1168	5015	0	5881	5331	3819	6033	3434	3782	794	3985	4132	1618	408	5477	3534	3774	4074	3659	4184	820	1331	2394	2454	3712	4645	1563	3403	3979	1176	3147	4525	2556	3883	3206	3923	616	1844	4117	885	5755	3381	1994	1487	3732	5193	4031	5893	5426	2125	1705	4341	4186	3695	370	3042	4079	5097	1179	3819	
4208	2634	3381	4817	5771	3695	1642	2363	3303	3516	1010	103	1255	4445	2763	3177	1954	6062	5350	3627	310	3044	3098	3601	4851	3018	5481	2029	6029	780	374	3826	4588	4254	5550	2060	3826	3723	5105	6026	3116	4769	1812	5881	0	884	2215	231	2450	3762	5762	2071	2475	6000	6039	869	5225	5618	2709	5394	1883	6467	5496	3509	3550	4792	1286	4361	5408	2169	5823	4962	1552	3963	2031	2716	6031	5616	4058	1827	5881	1434	3840	4409	4759	2936	1925	5883	444	682	4309	4343	1556	2008	2209	5960	3755	5886	1382	4706	2218	
3636	1956	3101	3942	5104	3028	767	2139	2855	2640	758	987	386	4436	2244	2530	1524	5448	4483	2950	1178	2390	2789	3229	4179	2307	4953	1149	5296	323	1212	2973	4020	3539	4896	2132	2953	3399	4280	5434	2245	4282	935	5331	884	0	1527	1114	1944	2893	5120	1913	2537	5275	5443	159	4363	4750	1849	4528	1164	5849	5125	3048	3168	3922	1172	3775	4552	2061	5140	4119	1549	3727	1464	2331	5162	5000	3487	1592	5229	800	3803	4088	4093	2101	1076	5010	1248	1150	3588	3706	1276	1228	1654	5366	3625	5012	499	4154	2016	
2125	430	1950	2933	3582	1503	1329	1329	1488	1753	1271	2306	1206	3567	853	1004	691	3921	3375	1428	2521	862	1641	1929	2658	803	3453	1029	3814	1453	2397	1841	2508	2040	3372	1861	1997	2151	2972	3910	1378	2814	1312	3819	2215	1527	0	2412	654	1895	3594	1343	2097	3786	3918	1666	3223	3642	997	3409	366	4321	3742	1649	1860	2862	1298	2257	3367	1506	3624	2886	1491	2574	369	1151	4050	3473	1978	1098	3704	1969	2952	2796	2570	981	1540	3942	2379	1996	2095	2179	1016	412	403	3842	2645	3956	1289	2647	1306	
4370	2826	3482	5045	5950	3880	1872	2465	3443	3744	1176	128	1484	4469	2923	3360	2109	6229	5576	3814	132	3229	3209	3721	5034	3215	5628	2259	6223	997	217	4049	4747	4447	5727	2096	4054	3832	5321	6188	3343	4910	2042	6033	231	1114	2412	0	2611	3989	5935	2165	2504	6192	6201	1097	5451	5844	2935	5620	2089	6634	5606	3650	3673	5019	1403	4526	5631	2248	6006	5183	1628	4049	2210	2848	6257	5784	4221	1945	6057	1641	3876	4512	4940	3156	2152	6111	309	700	4504	4519	1694	2222	2383	6122	3816	6114	1613	4861	2318	
1760	595	1301	3294	3363	1349	1926	779	914	2246	1440	2525	1700	2917	313	845	506	3619	3661	1305	2734	756	988	1319	2464	908	3039	1676	3708	1773	2542	2204	2138	1962	3133	1456	2440	1524	3124	3578	1915	2346	1935	3434	2450	1944	654	2611	0	2328	3333	914	1592	3665	3591	2099	3495	3920	1588	3688	918	4024	3190	1104	1253	3199	1266	1916	3602	1041	3431	3107	1283	1930	487	497	4313	3174	1611	821	3460	2521	2307	2191	2365	1473	2170	4234	2500	2053	2029	1928	945	1047	305	3512	1993	4255	1831	2257	812	
2481	1733	3319	1066	3070	1745	2214	3106	2653	291	3023	3864	2510	5000	2280	1776	2576	3600	1590	1674	4065	1741	3091	3078	2322	1483	3576	1754	2928	3004	4043	290	2730	1681	2961	3734	119	3331	1545	3687	649	3250	2058	3782	3762	2893	1895	3989	2328	0	3202	3198	3917	2947	3678	2957	1475	1857	1056	1635	2048	3928	4332	2675	3013	1030	3160	2492	1678	3348	3026	1298	3385	3812	2261	2720	2269	3224	2406	2987	3244	2798	4461	3759	2298	917	2084	2124	4052	3759	1668	2207	2903	1849	2233	3622	4075	2129	2418	2887	3126	
1602	3164	3001	3153	233	2093	4768	3736	2631	3438	4759	5843	4782	3966	3027	2595	3839	399	2921	2172	6055	2734	3088	2597	963	2824	947	4315	935	5031	5874	2918	1268	1658	244	4455	3275	2681	2098	525	3537	1453	4677	794	5762	5120	3594	5935	3333	3202	0	4028	4315	842	506	5255	2779	2996	3661	2892	3956	750	2030	2436	2600	2998	4593	1435	2634	4056	387	2416	4538	2922	3730	3218	3132	262	1743	4097	150	5446	3793	2416	1036	3314	4829	3245	5834	5382	1633	1420	4275	3918	3553	476	3411	3294	4823	1217	3866	
2427	1479	1318	4193	4093	2201	2234	311	1402	3084	1182	2117	1842	2526	1117	1732	661	4265	4573	2172	2297	1660	1058	1586	3240	1821	3565	2171	4513	1631	2031	3098	2771	2820	3853	544	3307	1673	4032	4191	2718	2827	2309	3985	2071	1913	1343	2165	914	3198	4028	0	763	4462	4209	2069	4408	4833	2337	4601	1383	4665	3445	1605	1548	4103	799	2596	4515	173	4181	4020	551	1893	982	812	5227	3836	2290	335	4166	2664	1892	2348	3137	2304	2552	5146	1965	1491	2890	2686	643	1595	968	4130	1723	5167	2036	2857	166	
2761	2184	1337	4881	4416	2728	2956	814	1743	3820	1779	2493	2533	1969	1708	2325	1423	4495	5224	2718	2632	2284	1233	1723	3638	2485	3706	2927	4916	2226	2325	3794	3051	3331	4172	419	4028	1695	4621	4390	3465	2969	3044	4132	2475	2537	2097	2504	1592	3917	4315	763	0	4855	4413	2682	5054	5477	3093	5248	2145	4879	3355	1910	1716	4782	1364	2929	5141	593	4523	4646	990	1713	1741	1293	5860	4095	2644	1072	4461	3322	1373	2265	3535	3040	3283	5796	2241	1807	3403	3089	1339	2357	1709	4335	1365	5820	2736	3101	796	
2096	3366	3597	2635	616	2325	4815	4192	3117	3218	5026	6089	4911	4730	3381	2846	4160	1097	2286	2384	6304	2969	3625	3187	1223	2983	1784	4339	93	5237	6159	2689	1858	1746	805	4936	2993	3316	1563	1287	3410	2190	4700	1618	6000	5275	3786	6192	3665	2947	842	4462	4855	0	1258	5395	2173	2309	3625	2249	4131	1210	2870	2944	3174	2491	4925	1930	1986	4517	458	1897	4930	3622	3993	3656	2380	1088	2210	4473	733	5483	4500	3160	1327	3290	4816	2520	6130	5703	1691	1778	4603	4048	3834	1262	4100	2570	4916	1866	4307	
1831	3492	3078	3659	714	2440	5141	3906	2810	3904	5030	6116	5120	3829	3279	2915	4093	168	3423	2525	6325	3057	3213	2693	1383	3179	759	4701	1349	5331	6125	3392	1455	2081	729	4595	3755	2731	2604	33	3980	1451	5061	408	6039	5443	3918	6201	3591	3678	506	4209	4413	1258	0	5584	3283	3491	4074	3393	4284	467	1739	2605	2709	3504	4830	1678	3134	4217	845	2922	4738	2893	4018	3412	3610	467	1981	4315	544	5818	3737	2344	1436	3728	5225	3732	6079	5617	2066	1748	4519	4265	3834	80	3383	3781	5176	1354	4044	
3781	2093	3260	3997	5234	3162	779	2297	3011	2698	905	969	485	4589	2397	2670	1683	5586	4547	3083	1144	2528	2948	3387	4310	2436	5101	1204	5414	457	1221	3051	4166	3663	5029	2275	3012	3558	4370	5575	2309	4433	949	5477	869	159	1666	1097	2099	2957	5255	2069	2682	5395	5584	0	4432	4812	1924	4593	1300	5986	5282	3203	3326	3983	1319	3918	4625	2215	5268	4200	1693	3886	1617	2489	5223	5139	3633	1749	5362	680	3958	4247	4225	2192	1057	5066	1267	1228	3711	3844	1433	1349	1807	5507	3783	5067	540	4300	2173	
2876	2945	4161	562	2572	2421	3689	4248	3494	1748	4437	5327	3979	5730	3346	2734	3854	3151	180	2399	5531	2770	4016	3820	2243	2587	3495	3229	2113	4459	5494	1407	2942	1959	2583	4951	1432	4049	695	3303	2123	3477	3531	3534	5225	4363	3223	5451	3495	1475	2779	4408	5054	2173	3283	4432	0	425	2517	194	3444	3362	4485	3431	3770	487	4521	2797	243	4534	2460	453	4693	4500	3565	3771	827	2918	2878	4258	2750	4258	5289	4263	2286	2310	3544	743	5498	5177	1898	2479	4235	3265	3489	3254	4874	769	3893	3063	4303	
3250	3369	4569	837	2777	2832	4059	4672	3906	2116	4847	5720	4367	6120	3769	3157	4277	3348	269	2813	5922	3194	4431	4222	2564	3012	3774	3608	2237	4856	5894	1816	3289	2346	2821	5376	1800	4446	1011	3514	2505	3815	3898	3774	5618	4750	3642	5844	3920	1857	2996	4833	5477	2309	3491	4812	425	0	2909	233	3856	3517	4794	3837	4173	829	4939	3161	393	4959	2650	850	5116	4891	3986	4193	413	3161	3262	4682	2949	4607	5691	4633	2617	2718	3896	323	5900	5586	2281	2847	4655	3673	3913	3471	5275	356	4272	3401	4728	
2488	1050	2808	2119	3586	1711	1224	2320	2224	834	1982	2812	1463	4479	1671	1426	1680	4036	2641	1620	3015	1315	2522	2685	2701	1060	3776	742	3629	1948	2988	1127	2831	2003	3419	2845	1130	2932	2457	4074	426	3265	1089	4074	2709	1849	997	2935	1588	1056	3661	2337	3093	3625	4074	1924	2517	2909	0	2684	1040	4411	4301	2325	2614	2085	2158	2567	2704	2502	3585	2276	2424	3394	1356	2064	3322	3608	2365	2075	3740	1870	3883	3500	2640	347	1191	3179	2997	2712	2029	2371	1933	825	1392	4006	3545	3185	1391	2989	2302	
3056	3136	4352	649	2680	2614	3844	4441	3687	1900	4616	5496	4144	5916	3540	2929	4044	3257	55	2592	5699	2964	4209	4010	2401	2780	3636	3389	2183	4630	5667	1585	3111	2143	2706	5144	1584	4237	843	3415	2284	3643	3684	3659	5394	4528	3409	5620	3688	1635	2892	4601	5248	2249	3393	4593	194	233	2684	0	3625	3449	4640	3622	3960	616	4706	2973	263	4727	2561	638	4882	4687	3753	3965	643	3043	3061	4449	2856	4401	5479	4442	2448	2488	3688	548	5672	5356	2080	2656	4422	3443	3680	3369	5063	575	4053	3229	4496	
2489	793	2208	3108	3942	1864	1009	1450	1808	1862	994	1977	841	3765	1171	1369	735	4286	3586	1787	2191	1228	1891	2233	3017	1150	3816	804	4156	1109	2092	2040	2873	2387	3733	1850	2138	2442	3248	4276	1460	3169	1022	4184	1883	1164	366	2089	918	2048	3956	1383	2145	4131	4284	1300	3444	3856	1040	3625	0	4686	4078	1981	2165	3053	1120	2622	3603	1556	3980	3135	1390	2841	465	1396	4267	3838	2342	1082	4066	1622	3138	3104	2930	1141	1261	4145	2082	1733	2439	2543	899	221	617	4207	2863	4156	935	3011	1390	
2267	3893	3545	3789	859	2827	5514	4363	3264	4171	5460	6546	5516	4264	3713	3319	4528	405	3485	2909	6756	3459	3676	3158	1712	3563	1215	5063	1287	5748	6563	3648	1900	2408	993	5058	3995	3198	2714	492	4283	1918	5425	820	6467	5849	4321	6634	4024	3928	750	4665	4879	1210	467	5986	3362	3517	4411	3449	4686	0	2121	3060	3173	3638	5272	2108	3187	4676	924	3045	5190	3355	4440	3864	3584	852	2415	4761	685	6192	4193	2801	1782	4064	5579	3729	6519	6060	2383	2142	4958	4655	4258	544	3844	3779	5563	1808	4500	
1860	3390	2129	4703	2254	2639	5071	3141	2277	4468	4524	5550	4889	2217	2909	2884	3609	1899	4653	2724	5737	3010	2398	1904	2242	3245	1087	4727	2962	4921	5477	4053	1614	2691	2094	3659	4438	1774	3797	1706	4381	1082	5045	1331	5496	5125	3742	5606	3190	4332	2030	3445	3355	2870	1739	5282	4485	4794	4301	4640	4078	2121	0	2097	1961	4548	4210	1840	4404	3384	2412	4051	3993	1643	3677	2804	5012	1782	1958	3669	2155	5700	2304	1105	2205	3995	5260	5084	5410	4936	2725	2137	3951	4150	3491	1695	2059	5129	5010	1465	3288	
852	1326	736	3408	2518	1016	2977	1305	208	2713	2506	3576	2796	2343	813	928	1562	2660	3611	1054	3778	1016	683	406	1731	1285	1982	2653	3007	2868	3554	2450	1171	1524	2275	2019	2793	657	2885	2587	2508	1260	2959	2394	3509	3048	1649	3650	1104	2675	2436	1605	1910	2944	2605	3203	3431	3837	2325	3622	1981	3060	2097	0	345	3277	2254	1021	3465	1622	2619	2987	2135	1137	1587	812	4182	2235	735	1723	2577	3603	1859	1178	1628	2071	3180	4160	3501	3032	1595	1189	1957	2059	1399	2525	1448	4193	2913	1252	1440	
1086	1586	428	3753	2707	1360	3173	1237	390	3043	2567	3610	2948	1998	1007	1251	1648	2784	3950	1399	3804	1324	506	71	1984	1597	2030	2884	3242	2960	3559	2792	1340	1847	2463	1888	3132	322	3213	2688	2822	1288	3170	2454	3550	3168	1860	3673	1253	3013	2600	1548	1716	3174	2709	3326	3770	4173	2614	3960	2165	3173	1961	345	0	3622	2271	1247	3799	1528	2821	3324	2096	801	1737	844	4513	2380	997	1728	2746	3774	1519	939	1883	2379	3399	4496	3499	3025	1916	1463	1997	2271	1557	2630	1105	4529	3084	1385	1383	
2827	2625	3989	158	2810	2263	3230	3969	3313	1287	4039	4895	3540	5611	3084	2496	3518	3387	567	2224	5095	2510	3813	3678	2328	2297	3619	2779	2443	4033	5073	1021	2956	1904	2782	4647	971	3918	929	3521	1677	3500	3069	3712	4792	3922	2862	5019	3199	1030	2998	4103	4782	2491	3504	3983	487	829	2085	616	3053	3638	4548	3277	3622	0	4151	2775	724	4240	2717	595	4349	4385	3216	3521	1240	3102	2804	3928	2992	3785	5132	4207	2350	1912	3072	1095	5081	4778	1854	2456	3878	2863	3159	3466	4725	1103	3443	3092	4011	
3005	1631	2097	4214	4628	2601	1659	1080	2046	2982	414	1341	1202	3283	1567	2083	765	4868	4671	2548	1533	1970	1812	2319	3729	2028	4235	1751	4965	864	1300	3131	3375	3203	4397	963	3253	2438	4256	4815	2580	3512	1775	4645	1286	1172	1298	1403	1266	3160	4593	799	1364	4925	4830	1319	4521	4939	2158	4706	1120	5272	4210	2254	2271	4151	0	3166	4664	921	4697	4182	381	2688	977	1447	5347	4426	2858	543	4722	1961	2655	3124	3631	2246	2001	5236	1249	789	3267	3193	322	1333	1104	4751	2516	5249	1412	3481	937	
170	1838	1672	2926	1501	856	3524	2307	1207	2637	3353	4439	3463	2999	1605	1261	2419	1704	2975	947	4649	1404	1697	1264	744	1567	1219	3111	1997	3654	4455	2213	265	874	1259	3036	2598	1419	2154	1667	2583	759	3461	1563	4361	3775	2257	4526	1916	2492	1435	2596	2929	1930	1678	3918	2797	3161	2567	2973	2622	2108	1840	1021	1247	2775	3166	0	2770	2630	1598	2345	3103	1796	2340	1784	3452	1260	309	2664	1570	4194	2656	1473	647	2237	3646	3475	4412	3955	921	320	2851	2623	2156	1600	2241	3514	3533	422	2434	
2861	3068	4199	805	2420	2468	3891	4342	3542	1957	4597	5509	4167	5735	3435	2817	3980	2996	301	2454	5715	2864	4071	3846	2171	2698	3390	3426	1921	4637	5669	1582	2896	1963	2450	5057	1644	4067	618	3155	2321	3422	3735	3403	5408	4552	3367	5631	3602	1678	2634	4515	5141	1986	3134	4625	243	393	2704	263	3603	3187	4404	3465	3799	724	4664	2770	0	4636	2300	496	4822	4508	3700	3852	722	2788	2876	4381	2595	4471	5315	4242	2224	2479	3757	706	5670	5337	1897	2457	4372	3432	3615	3110	4898	744	4088	3008	4404	
2460	1621	1256	4332	4130	2287	2403	326	1425	3240	1319	2208	2004	2374	1214	1835	831	4279	4701	2263	2380	1774	1025	1559	3294	1949	3556	2344	4572	1771	2102	3239	2792	2904	3889	429	3457	1620	4141	4198	2879	2814	2480	3979	2169	2061	1506	2248	1041	3348	4056	173	593	4517	4217	2215	4534	4959	2502	4727	1556	4676	3384	1622	1528	4240	921	2630	4636	0	4223	4140	620	1801	1149	863	5350	3856	2327	502	4196	2821	1742	2281	3191	2460	2722	5274	2031	1560	2975	2739	801	1766	1124	4138	1596	5296	2200	2869	232	
1768	3197	3236	2869	158	2128	4736	3899	2804	3278	4831	5908	4788	4298	3134	2646	3934	698	2593	2198	6122	2779	3291	2826	972	2833	1326	4270	550	5075	5958	2750	1483	1611	371	4633	3087	2936	1798	870	3419	1762	4633	1176	5823	5140	3624	6006	3431	3026	387	4181	4523	458	845	5268	2460	2650	3585	2561	3980	924	2412	2619	2821	2717	4697	1598	2300	4223	0	2126	4672	3214	3796	3369	2765	630	1896	4221	301	5412	4091	2733	1067	3241	4769	2887	5923	5483	1571	1506	4376	3921	3627	835	3698	2937	4812	1469	4022	
2423	2578	3719	744	2223	1982	3485	3846	3057	1588	4129	5063	3733	5278	2939	2321	3491	2801	633	1965	5271	2368	3583	3374	1811	2204	3081	3011	1851	4187	5213	1150	2495	1506	2206	4562	1291	3600	335	2940	1918	3032	3335	3147	4962	4119	2886	5183	3107	1298	2416	4020	4646	1897	2922	4200	453	850	2276	638	3135	3045	4051	2987	3324	595	4182	2345	496	4140	2126	0	4333	4049	3214	3357	1215	2533	2425	3889	2404	4090	4843	3810	1847	2027	3377	1173	5210	4866	1445	2027	3887	2971	3124	2888	4427	1205	3666	2619	3908	
2936	1755	1864	4423	4591	2629	2030	861	1929	3229	792	1589	1580	2931	1550	2127	842	4788	4850	2587	1760	2032	1608	2136	3716	2138	4107	2088	4977	1237	1486	3328	3292	3244	4354	583	3485	2222	4379	4721	2837	3371	2139	4525	1552	1549	1491	1628	1283	3385	4538	551	990	4930	4738	1693	4693	5116	2424	4882	1390	5190	3993	2135	2096	4349	381	3103	4822	620	4672	4333	0	2421	1133	1327	5519	4354	2795	462	4672	2341	2311	2893	3615	2469	2369	5421	1417	944	3312	3168	491	1611	1208	4659	2203	5437	1789	3384	714	
1670	2351	636	4521	3078	2127	3844	1612	1181	3844	3047	4007	3562	1229	1742	2052	2219	3005	4681	2176	4181	2121	954	734	2526	2395	2141	3603	3700	3479	3902	3586	1781	2546	2843	2032	3930	480	3905	2866	3618	1471	3862	2556	3963	3727	2574	4049	1930	3812	2922	1893	1713	3622	2893	3886	4500	4891	3394	4687	2841	3355	1643	1137	801	4385	2688	1796	4508	1801	3214	4049	2421	0	2385	1446	5212	2671	1634	2166	3072	4401	878	575	2435	3172	4099	5212	3829	3360	2611	2079	2474	2976	2225	2821	491	5248	3720	1755	1752	
2193	655	1750	3291	3740	1672	1459	1002	1400	2122	1036	2114	1213	3301	780	1151	324	4036	3720	1609	2327	1023	1432	1802	2824	1054	3497	1264	4027	1315	2167	2196	2576	2254	3519	1493	2364	1999	3280	4007	1745	2818	1484	3883	2031	1464	369	2210	487	2261	3730	982	1741	3993	4018	1617	3565	3986	1356	3753	465	4440	3677	1587	1737	3216	977	2340	3700	1149	3796	3214	1133	2385	0	939	4392	3588	2043	729	3850	2037	2675	2673	2730	1349	1724	4290	2138	1721	2315	2311	673	643	190	3940	2398	4305	1348	2703	959	
1616	1030	812	3628	3281	1441	2398	537	604	2671	1725	2779	2131	2423	441	1036	807	3462	3943	1427	2977	1011	495	901	2433	1242	2793	2170	3710	2117	2746	2563	1966	2053	3042	1287	2837	1072	3328	3395	2366	2065	2418	3206	2716	2331	1151	2848	497	2720	3218	812	1293	3656	3412	2489	3771	4193	2064	3965	1396	3864	2804	812	844	3521	1447	1784	3852	863	3369	3357	1327	1446	939	0	4572	3030	1478	912	3355	2966	1819	1758	2330	1916	2656	4513	2691	2221	2124	1879	1160	1540	781	3332	1496	4539	2280	2058	653	
3554	3770	4917	1236	2904	3188	4468	5059	4262	2526	5259	6133	4780	6436	4153	3536	4679	3458	682	3176	6335	3580	4792	4559	2812	3407	3964	4019	2298	5269	6307	2228	3559	2671	2980	5769	2211	4777	1306	3636	2917	4072	4306	3923	6031	5162	4050	6257	4313	2269	3132	5227	5860	2380	3610	5223	827	413	3322	643	4267	3584	5012	4182	4513	1240	5347	3452	722	5350	2765	1215	5519	5212	4392	4572	0	3320	3577	5083	3066	5008	6027	4925	2875	3130	4299	226	6313	5999	2604	3146	5062	4085	4315	3599	5609	265	4683	3661	5118	
1422	3045	2773	3259	473	1984	4682	3539	2435	3445	4609	5695	4671	3705	2864	2470	3679	448	3068	2068	5905	2611	2874	2373	918	2723	695	4239	1180	4897	5715	2936	1065	1614	340	4248	3304	2445	2227	469	3515	1200	4599	616	5616	5000	3473	5784	3174	3224	262	3836	4095	1088	467	5139	2918	3161	3608	3043	3838	852	1782	2235	2380	3102	4426	1260	2788	3856	630	2533	4354	2671	3588	3030	3320	0	1568	3921	407	5360	3540	2159	969	3262	4761	3422	5672	5215	1600	1296	4111	3813	3407	402	3161	3470	4722	995	3672	
150	1567	1425	2949	1804	681	3266	2003	909	2521	3049	4135	3183	2859	1299	999	2113	2010	3058	766	4344	1140	1417	1025	997	1331	1476	2867	2272	3358	4148	2140	534	919	1564	2737	2518	1214	2271	1968	2424	900	3211	1844	4058	3487	1978	4221	1611	2406	1743	2290	2644	2210	1981	3633	2878	3262	2365	3061	2342	2415	1958	735	997	2804	2858	309	2876	2327	1896	2425	2795	1634	2043	1478	3577	1568	0	2355	1878	3930	2467	1404	894	2047	3405	3581	4104	3647	981	466	2543	2355	1857	1902	2048	3618	3262	669	2129	
2499	1313	1562	4008	4144	2167	1901	556	1515	2851	881	1883	1508	2856	1092	1666	411	4358	4418	2125	2076	1572	1272	1776	3262	1688	3704	1855	4519	1320	1836	2911	2862	2783	3909	772	3091	1898	3926	4299	2472	2976	1979	4117	1827	1592	1098	1945	821	2987	4097	335	1072	4473	4315	1749	4258	4682	2075	4449	1082	4761	3669	1723	1728	3928	543	2664	4381	502	4221	3889	462	2166	729	912	5083	3921	2355	0	4230	2333	2221	2585	3161	2078	2221	4990	1779	1309	2850	2716	316	1299	770	4235	2034	5008	1701	2962	425	
1739	3275	3149	3145	182	2202	4862	3875	2771	3487	4881	5964	4887	4113	3155	2709	3965	401	2886	2279	6176	2847	3232	2744	1056	2928	1079	4405	826	5146	5999	2963	1411	1741	333	4596	3312	2831	2079	569	3602	1603	4768	885	5881	5229	3704	6057	3460	3244	150	4166	4461	733	544	5362	2750	2949	3740	2856	4066	685	2155	2577	2746	2992	4722	1570	2595	4196	301	2404	4672	3072	3850	3355	3066	407	1878	4230	0	5540	3943	2565	1137	3394	4915	3188	5960	5511	1711	1539	4403	4021	3674	535	3561	3237	4923	1365	4004	
4074	2364	3767	3773	5398	3379	678	2859	3427	2514	1549	1522	841	5188	2791	2934	2185	5802	4351	3293	1647	2792	3449	3839	4485	2640	5406	1145	5491	1123	1808	2951	4452	3804	5211	2924	2828	4034	4303	5813	2174	4782	784	5755	1434	800	1969	1641	2521	2798	5446	2664	3322	5483	5818	680	4258	4607	1870	4401	1622	6192	5700	3603	3774	3785	1961	4194	4471	2821	5412	4090	2341	4401	2037	2966	5008	5360	3930	2333	5540	0	4553	4710	4411	2195	714	4832	1870	1899	3841	4071	2022	1576	2217	5744	4347	4826	690	4598	2748	
2520	2841	1148	5260	3954	2875	4086	1709	1825	4450	3060	3862	3724	635	2225	2687	2424	3858	5469	2909	4005	2721	1378	1469	3394	2987	2979	3939	4579	3513	3698	4264	2656	3356	3720	1782	4579	1254	4724	3709	4171	2340	4139	3381	3840	3803	2952	3876	2307	4461	3793	1892	1373	4500	3737	3958	5289	5691	3883	5479	3138	4193	2304	1859	1519	5132	2655	2656	5315	1742	4091	4843	2311	878	2675	1819	6027	3540	2467	2221	3943	4553	0	1393	3301	3719	4382	6014	3613	3178	3425	2925	2534	3314	2557	3668	419	6047	3910	2634	1807	
1388	2500	1030	4353	2589	2017	4112	2047	1310	3834	3453	4460	3882	1574	1943	2086	2564	2465	4442	2084	4644	2186	1315	872	2151	2451	1587	3816	3243	3865	4378	3508	1386	2312	2364	2556	3874	691	3628	2316	3663	971	4108	1994	4409	4088	2796	4512	2191	3759	2416	2348	2265	3160	2344	4247	4263	4633	3500	4442	3104	2801	1105	1178	939	4207	3124	1473	4242	2281	2733	3810	2893	575	2673	1758	4925	2159	1404	2585	2565	4710	1393	0	2071	3236	4335	4948	4310	3837	2369	1786	2877	3207	2495	2275	1050	4987	4021	1321	2194	
798	2141	2311	2506	1013	1067	3732	2865	1793	2501	3765	4843	3750	3624	2071	1582	2867	1398	2458	1143	5057	1717	2311	1904	104	1791	1294	3281	1384	4016	4891	2008	688	647	805	3609	2387	2066	1608	1437	2550	1199	3643	1487	4759	4093	2570	4940	2365	2298	1036	3137	3535	1327	1436	4225	2286	2617	2640	2448	2930	1782	2205	1628	1883	2350	3631	647	2224	3191	1067	1847	3615	2435	2730	2330	2875	969	894	3161	1137	4411	3301	2071	0	2293	3799	2919	4856	4416	640	451	3309	2885	2560	1369	2886	2962	3788	786	2982	
2165	888	2611	1970	3240	1382	1534	2241	1992	780	2129	3036	1716	4297	1494	1149	1668	3689	2448	1292	3245	1056	2343	2449	2354	786	3440	1053	3296	2160	3189	903	2501	1656	3072	2834	1016	2700	2179	3728	453	2947	1411	3732	2936	2101	981	3156	1473	917	3314	2304	3040	3290	3728	2192	2310	2718	347	2488	1141	4064	3995	2071	2379	1912	2246	2237	2479	2460	3241	2027	2469	3172	1349	1916	3130	3262	2047	2078	3394	2195	3719	3236	2293	0	1530	3005	3190	2868	1682	2031	1986	955	1337	3660	3361	3015	1672	2659	2245	
3542	1871	3467	3063	4765	2805	344	2677	3026	1800	1642	2025	823	5014	2393	2408	1959	5196	3639	2715	2191	2271	3151	3469	3867	2079	4865	538	4819	1341	2276	2243	3910	3173	4590	2925	2113	3688	3596	5222	1465	4285	244	5193	1925	1076	1540	2152	2170	2084	4829	2552	3283	4816	5225	1057	3544	3896	1191	3688	1261	5579	5260	3180	3399	3072	2001	3646	3757	2722	4769	3377	2369	4099	1724	2656	4299	4761	3405	2221	4915	714	4382	4335	3799	1530	0	4126	2318	2208	3205	3491	1945	1129	1875	5153	4121	4121	617	4061	2595	
3567	3679	4892	1069	3021	3155	4305	4989	4230	2370	5133	5986	4630	6440	4088	3477	4584	3584	573	3137	6185	3512	4754	4545	2862	3326	4050	3864	2442	5127	6167	2106	3596	2666	3081	5690	2057	4768	1320	3756	2768	4119	4141	4031	5883	5010	3942	6111	4234	2124	3245	5146	5796	2520	3732	5066	743	323	3179	548	4145	3729	5084	4160	4496	1095	5236	3475	706	5274	2887	1173	5421	5212	4290	4513	226	3422	3581	4990	3188	4832	6014	4948	2919	3005	4126	0	6176	5872	2601	3163	4957	3957	4221	3716	5597	50	4527	3705	5043	
4252	2777	3281	5116	5860	3807	2015	2273	3293	3821	1110	379	1586	4197	2808	3285	1995	6114	5631	3747	414	3161	3020	3543	4952	3172	5483	2360	6165	1055	93	4091	4624	4391	5633	1841	4125	3638	5330	6064	3415	4756	2182	5893	444	1248	2379	309	2500	4052	5834	1965	2241	6130	6079	1267	5498	5900	2997	5672	2082	6519	5410	3501	3499	5081	1249	4412	5670	2031	5923	5210	1417	3829	2138	2691	6313	5672	4104	1779	5960	1870	3613	4310	4856	3190	2318	6176	0	475	4451	4425	1561	2239	2299	5999	3573	6181	1742	4731	2125	
3794	2372	2807	4824	5415	3378	1877	1798	2824	3546	740	688	1407	3775	2356	2857	1549	5656	5317	3321	830	2738	2546	3068	4513	2771	5014	2144	5741	868	542	3771	4163	3972	5185	1397	3840	3163	4967	5602	3137	4284	2033	5426	682	1150	1996	700	2053	3759	5382	1491	1807	5703	5617	1228	5177	5586	2712	5356	1733	6060	4936	3032	3025	4778	789	3955	5337	1560	5483	4866	944	3360	1721	2221	5999	5215	3647	1309	5511	1899	3178	3837	4416	2868	2208	5872	475	0	4034	3980	1108	1914	1871	5538	3117	5881	1597	4267	1650	
981	1678	2329	2005	1560	689	3165	2655	1701	1863	3343	4400	3229	3838	1775	1187	2507	2014	2078	725	4615	1298	2241	1959	683	1292	1909	2700	1719	3546	4477	1379	1114	72	1391	3403	1761	2173	1299	2069	1915	1657	3064	2125	4309	3588	2095	4504	2029	1668	1633	2890	3403	1691	2066	3711	1898	2281	2029	2080	2439	2383	2725	1595	1916	1854	3267	921	1897	2975	1571	1445	3312	2611	2315	2124	2604	1600	981	2850	1711	3841	3425	2369	640	1682	3205	2601	4451	4034	0	603	2946	2362	2165	2002	3007	2637	3245	1260	2750	
410	1750	1891	2607	1435	692	3395	2414	1347	2368	3342	4425	3376	3294	1629	1177	2432	1743	2658	779	4638	1317	1870	1492	555	1431	1414	2962	1834	3612	4463	1924	525	559	1209	3158	2309	1675	1844	1742	2346	1060	3319	1705	4343	3706	2179	4519	1928	2207	1420	2686	3089	1778	1748	3844	2479	2847	2371	2656	2543	2142	2137	1189	1463	2456	3193	320	2457	2739	1506	2027	3168	2079	2311	1879	3146	1296	466	2716	1539	4071	2925	1786	451	2031	3491	3163	4425	3980	603	0	2872	2518	2136	1674	2507	3201	3428	680	2531	
2691	1322	1862	3947	4307	2279	1617	868	1750	2741	576	1620	1204	3168	1249	1762	443	4554	4389	2227	1821	1649	1563	2050	3407	1717	3935	1619	4643	1007	1607	2857	3064	2882	4077	987	3001	2187	3952	4505	2347	3217	1707	4341	1556	1276	1016	1694	945	2903	4275	643	1339	4603	4519	1433	4235	4655	1933	4422	899	4958	3951	1957	1997	3878	322	2851	4372	801	4376	3887	491	2474	673	1160	5062	4111	2543	316	4403	2022	2534	2877	3309	1986	1945	4957	1561	1108	2946	2872	0	1120	787	4440	2350	4971	1403	3173	740	
2499	788	2348	2913	3890	1829	922	1644	1900	1653	1176	2105	867	3937	1265	1362	939	4259	3403	1747	2318	1219	2034	2340	2967	1094	3831	630	4069	1228	2242	1858	2879	2315	3689	2069	1935	2560	3100	4259	1249	3208	901	4186	2008	1228	412	2222	1047	1849	3918	1595	2357	4048	4265	1349	3265	3673	825	3443	221	4655	4150	2059	2271	2863	1333	2623	3432	1766	3921	2971	1611	2976	643	1540	4085	3813	2355	1299	4021	1576	3314	3207	2885	955	1129	3957	2239	1914	2362	2518	1120	0	763	4190	3026	3967	912	3023	1593	
2007	547	1592	3242	3568	1509	1624	929	1214	2117	1207	2290	1398	3177	590	987	366	3854	3649	1451	2502	867	1276	1624	2655	934	3308	1393	3871	1502	2332	2144	2390	2102	3345	1502	2340	1827	3174	3823	1757	2628	1637	3695	2209	1654	403	2383	305	2233	3553	968	1709	3834	3834	1807	3489	3913	1392	3680	617	4258	3491	1399	1557	3159	1104	2156	3615	1124	3627	3124	1208	2225	190	781	4315	3407	1857	770	3674	2217	2557	2495	2560	1337	1875	4221	2299	1871	2165	2136	787	763	0	3756	2263	4238	1527	2516	913	
1752	3416	3000	3622	696	2366	5068	3827	2730	3846	4951	6037	5044	3767	3200	2838	4013	205	3397	2451	6246	2980	3134	2615	1320	3105	692	4629	1354	5253	6046	3335	1376	2015	685	4516	3701	2654	2572	69	3916	1375	4988	370	5960	5366	3842	6122	3512	3622	476	4130	4335	1262	80	5507	3254	3471	4006	3369	4207	544	1695	2525	2630	3466	4751	1600	3110	4138	835	2888	4659	2821	3940	3332	3599	402	1902	4235	535	5744	3668	2275	1369	3660	5153	3716	5999	5538	2002	1674	4440	4190	3756	0	3311	3766	5101	1274	3964	
2103	2496	757	4854	3564	2464	3840	1489	1427	4076	2904	3787	3508	936	1875	2299	2176	3496	5054	2500	3947	2343	1022	1053	2981	2612	2630	3655	4177	3351	3652	3871	2250	2938	3328	1735	4194	835	4305	3355	3813	1961	3879	3042	3755	3625	2645	3816	1993	4075	3411	1723	1365	4100	3383	3783	4874	5275	3545	5063	2863	3844	2059	1448	1105	4725	2516	2241	4898	1596	3698	4427	2203	491	2398	1496	5609	3161	2048	2034	3561	4347	419	1050	2886	3361	4121	5597	3573	3117	3007	2507	2350	3026	2263	3311	0	5631	3684	2234	1610	
3605	3697	4924	1070	3070	3186	4304	5012	4260	2372	5142	5989	4632	6476	4112	3502	4601	3634	595	3166	6188	3536	4783	4578	2906	3347	4097	3865	2492	5132	6172	2118	3637	2702	3129	5711	2060	4803	1361	3806	2771	4161	4139	4079	5886	5012	3956	6114	4255	2129	3294	5167	5820	2570	3781	5067	769	356	3185	575	4156	3779	5129	4193	4529	1103	5249	3514	744	5296	2937	1205	5437	5248	4305	4539	265	3470	3618	5008	3237	4826	6047	4987	2962	3015	4121	50	6181	5881	2637	3201	4971	3967	4238	3766	5631	0	4527	3747	5065	
3407	1696	3085	3458	4788	2738	280	2204	2737	2158	1034	1485	211	4545	2102	2272	1511	5168	4007	2655	1672	2130	2766	3149	3867	2000	4738	664	4931	729	1710	2517	3789	3202	4592	2359	2472	3347	3844	5170	1769	4102	442	5097	1382	499	1289	1613	1831	2418	4823	2036	2736	4916	5176	540	3893	4272	1391	4053	935	5563	5010	2913	3084	3443	1412	3533	4088	2200	4812	3666	1789	3720	1348	2280	4683	4722	3262	1701	4923	690	3910	4021	3788	1672	617	4527	1742	1597	3245	3428	1403	912	1527	5101	3684	4527	0	3931	2103	
524	2236	1784	3247	1341	1279	3931	2555	1456	3043	3696	4780	3852	2893	1944	1664	2753	1410	3237	1369	4987	1806	1879	1381	851	1983	808	3525	1945	4018	4779	2604	160	1227	1100	3256	2989	1470	2391	1337	3002	414	3873	1179	4706	4154	2647	4861	2257	2887	1217	2857	3101	1866	1354	4300	3063	3401	2989	3229	3011	1808	1465	1252	1385	3092	3481	422	3008	2869	1469	2619	3384	1755	2703	2058	3661	995	669	2962	1365	4598	2634	1321	786	2659	4061	3705	4731	4267	1260	680	3173	3023	2516	1274	2234	3747	3931	0	2691	
2265	1396	1164	4104	3933	2061	2287	148	1237	3025	1302	2267	1917	2443	984	1605	655	4100	4470	2036	2450	1542	896	1422	3085	1718	3399	2190	4360	1744	2190	3013	2607	2679	3693	658	3237	1514	3910	4026	2670	2661	2352	3819	2218	2016	1306	2318	812	3126	3866	166	796	4307	4044	2173	4303	4728	2302	4496	1390	4500	3288	1440	1383	4011	937	2434	4404	232	4022	3908	714	1752	959	653	5118	3672	2129	425	4004	2748	1807	2194	2982	2245	2595	5043	2125	1650	2750	2531	740	1593	913	3964	1610	5065	2103	2691	0	


0	 CF141NZ	 0 	 0 	 540  	 1080  	 0  	 0 

1	 CF144SG 	 1 	 2 	 720  	 960  	 5  	 2 
2	 CF147AZ 	 1 	 1 	 660  	 900  	 9  	 4 
3	 CF244RB 	 1 	 3 	 600  	 840  	 5  	 2 
4	 CF52DW 	 1 	 5 	 600  	 840  	 9  	 4 
5	 CF141DY 	 1 	 8 	 660  	 900  	 8  	 4 
6	 CF145PA 	 1 	 3 	 720  	 960  	 5  	 2 
7	 CF146HP 	 1 	 10 	 720  	 960  	 6  	 3 
8	 CF141AL 	 1 	 10 	 720  	 960  	 5  	 2 
9	 CF143RL 	 1 	 5 	 660  	 900  	 6  	 3 
10	 CF145JX 	 1 	 8 	 600  	 840  	 9  	 4 
11	 CF149EX 	 1 	 10 	 720  	 960  	 8  	 4 
12	 CF145AE 	 1 	 4 	 540  	 780  	 6  	 3 
13	 CF147YT 	 1 	 8 	 540  	 780  	 8  	 4 
14	 CF146DB 	 1 	 5 	 720  	 960  	 7  	 3 
15	 CF141TF 	 0 	 20 	 720  	 960  	 9  	 4 
16	 CF146PB 	 1 	 2 	 600  	 840  	 6  	 3 
17	 CF52HQ 	 1 	 2 	 720  	 960  	 10  	 5 
18	 CF244EX 	 1 	 8 	 600  	 840  	 9  	 4 
19	 CF141RX 	 1 	 2 	 660  	 900  	 6  	 3 
20	 CF149JE 	 1 	 6 	 660  	 900  	 10  	 5 
21	 CF141UL 	 1 	 10 	 660  	 900  	 5  	 2 
22	 CF141BL 	 1 	 9 	 540  	 780  	 5  	 2 
23	 CF147XA 	 1 	 9 	 720  	 960  	 10  	 5 
24	 CF142QW 1 	 9 	 600  	 840  	 7  	 3 
25	 CF144QP	 1 	 9 	 720  	 960  	 10  	 5 
26	 CF52PX 	 1 	 5 	 540  	 780  	 7  	 3 
27	 CF145QB	 1 	 10 	 660  	 900  	 7  	 3 
28	 CF51DG 	 0 	 21 	 660  	 900  	 7  	 3 
29	 CF145AG	 1 	 8 	 660  	 900  	 6  	 3 
30	 CF149EZ 	 1 	 7 	 540  	 780  	 6  	 3 
31	 CF144YU 	 1 	 3 	 540  	 780  	 8  	 4 
32	 CF142HT 	 1 	 9 	 660  	 900  	 9  	 4 
33	 CF143HT 	 1 	 8 	 600  	 840  	 9  	 4 
34	 CF52DX 	 1 	 1 	 720  	 960  	 10  	 5 
35	 CF146TR 	 0 	 8 	 720  	 960  	 8  	 4 
36	 CF143RD 	 0 	 15 	 720  	 960  	 9  	 4 
37	 CF142TL 	 1 	 10 	 600  	 840  	 7  	 3 
38	 CF143AB 	 1 	 7 	 540  	 780  	 9  	 4 
39	 CF52HE 	 0 	 25 	 660  	 900  	 5  	 2 
40	 CF144EL 	 1 	 6 	 600  	 840  	 7  	 3 
41	 CF142HA	 1 	 5 	 720  	 960  	 10  	 5 
42	 CF145NL 	 1 	 4 	 660  	 900  	 5  	 2 
43	 CF52NG 	 1 	 9 	 540  	 780  	 6  	 3 
44	 CF149EN 	 1 	 6 	 660  	 900  	 6  	 3 
45	 CF145AD	 1 	 4 	 720  	 960  	 5  	 2 
46	 CF145FS 	 1 	 3 	 540  	 780  	 6  	 3 
47	 CF149EY 	 0 	 8 	 600  	 840  	 8  	 4 
48	 CF146AN	 0 	 10 	 660  	 900  	 9  	 4 
49	 CF143RB 	 1 	 5 	 720  	 960  	 9  	 4 
50	 CF52JD 	 1 	 8 	 600  	 840  	 7  	 3 
51	 CF146JZ 	 1 	 4 	 660  	 900  	 10  	 5 
52	 CF146UF 	 1 	 10 	 720  	 960  	 8  	 4 
53	 CF51EA 	 1 	 2 	 540  	 780  	 10  	 5 
54	 CF52HG 	 1 	 3 	 720  	 960  	 6  	 3 
55	 CF145AT 	 1 	 9 	 600  	 840  	 10  	 5 
56	 CF244EZ 	 1 	 9 	 600  	 840  	 7  	 3 
57	 CF244DP 	 1 	 2 	 660  	 900  	 5  	 2 
58	 CF144HF 	 1 	 7 	 720  	 960  	 9  	 4 
59	 CF244ES 	 1 	 10 	 600  	 840  	 6  	 3 
60	 CF145ZB 	 1 	 4 	 660  	 900  	 9  	 4 
61	 CF52BX 	 1 	 7 	 720  	 960  	 7  	 3 
62	 CF52RE 	 0 	 5 	 720  	 960  	 10  	 5 
63	 CF141AH	 1 	 5 	 600  	 840  	 9  	 4 
64	 CF147XD 	 1 	 5 	 660  	 900  	 10  	 5 
65	 CF244PY 	 1 	 9 	 540  	 780  	 7  	 3 
66	 CF146QA	 1 	 3 	 660  	 900  	 7  	 3 
67	 CF142NN	 1 	 5 	 600  	 840  	 6  	 3 
68	 CF244JN 	 1 	 9 	 660  	 900  	 5  	 2 
69	 CF146SA 	 1 	 9 	 660  	 900  	 5  	 2 
70	 CF52AF 	 1 	 3 	 660  	 900  	 10  	 5 
71	 CF244LB 	 1 	 8 	 660  	 900  	 10  	 5 
72	 CF146QJ 	 0 	 4 	 540  	 780  	 9  	 4 
73	 CF147BF 	 1 	 3 	 600  	 840  	 5  	 2 
74	 CF144SQ 	 1 	 5 	 540  	 780  	 9  	 4 
75	 CF146EQ 	 1 	 4 	 660  	 900  	 7  	 3 
76	 CF244AT 	 1 	 8 	 600  	 840  	 7  	 3 
77	 CF52LL 	 1 	 6 	 720  	 960  	 8  	 4 
78	 CF141NX	 1 	 8 	 600  	 840  	 5  	 2 
79	 CF146LF 	 1 	 9 	 600  	 840  	 6  	 3 
80	 CF52BT 	 1 	 7 	 540  	 780  	 5  	 2 
81	 CF140SE 	 1 	 6 	 540  	 780  	 10  	 5 
82	 CF147EW	 1 	 1 	 660  	 900  	 10  	 5 
83	 CF142DJ 	 1 	 4 	 720  	 960  	 8  	 4 
84	 CF142ST 	 1 	 7 	 600  	 840  	 8  	 4 
85	 CF144BL 	 1 	 2 	 720  	 960  	 9  	 4 
86	 CF140NN	 1 	 4 	 540  	 780  	 5  	 2 
87	 CF244BS 	 1 	 8 	 720  	 960  	 9  	 4 
88	 CF149DZ 	 1 	 2 	 660  	 900  	 8  	 4 
89	 CF149FA 	 1 	 4 	 720  	 960  	 8  	 4 
90	 CF143HL 	 1 	 10 	 540  	 780  	 7  	 3 
91	 CF142PT 	 1 	 9 	 660  	 900  	 8  	 4 
92	 CF146RF 	 1 	 1 	 720  	 960  	 9  	 4 
93	 CF145WF	 1 	 9 	 660  	 900  	 9  	 4 
94	 CF144ST 	 1 	 7 	 720  	 960  	 7  	 3 
95	 CF52HJ 	 1 	 8 	 720  	 960  	 6  	 3 
96	 CF147ED 	 1 	 5 	 660  	 900  	 8  	 4 
97	 CF244DG	 1 	 10 	 540  	 780  	 9  	 4 
98	 CF145UT 	 1 	 3 	 600  	 840  	 8  	 4 
99	 CF142HL 	 1 	 10 	 600  	 840  	 5  	 2 
100	 CF146LD 	 1 	 10 	 660  	 900  	 6  	 3 
