100

1200
32
10
500

0	3020	902	2240	3362	3652	4188	4854	2654	1276	4105	3234	3013	1039	2930	2418	4852	4155	2157	4684	2572	2953	1993	2413	1160	3220	4307	5001	3445	4522	2326	4097	3987	3047	2762	3906	922	2448	2079	1781	2575	4164	2391	2368	2761	4303	4353	4336	216	4046	4309	3116	1318	1465	4080	1372	3030	1227	4104	3311	2272	4305	2544	1669	4337	662	4059	1084	4742	1483	1236	1862	1730	2449	1752	4754	3783	590	3425	359	3120	3485	728	2312	2189	2673	2146	1031	1745	4528	4170	4121	1340	3046	3877	547	935	4350	4379	4044	2256	
3020	0	3808	1305	512	3764	3712	4599	1371	2504	3725	1516	1326	2067	1180	1091	1965	1326	3220	1948	894	4309	3894	3851	1861	684	1674	4879	725	4275	4274	1262	3768	802	1216	3784	2190	4358	2094	1567	4156	3996	935	1883	400	4543	1488	4245	3135	1105	4062	349	2213	1891	3777	2602	192	2457	3639	707	1122	1402	4667	1451	3997	2754	3794	3175	1867	3477	2605	1203	1369	1808	3295	1858	2380	3009	517	2704	261	2683	3747	1313	4476	4689	4068	2906	1307	1572	4046	3915	2802	801	858	2487	2151	1334	4172	3518	2793	
902	3808	0	3132	4190	3590	4246	4781	3553	1593	4143	3756	3569	1927	3516	3302	5697	5002	2066	5550	3444	2538	1528	2071	1983	4075	5180	4876	4291	4476	1755	4943	3989	3708	3655	3887	1815	1873	2446	2675	2130	4129	3069	2787	3507	4123	5045	4259	715	4870	4284	3856	1784	2042	4097	1611	3841	1587	4167	4164	3153	5012	1856	2380	4338	1086	4066	988	5588	1169	1505	2705	2455	2886	1582	5596	4151	830	4247	1260	3874	3732	448	3206	1470	2016	1628	1156	2502	5352	4121	4103	1468	3708	4661	1346	1821	5116	4334	4133	2355	
2240	1305	3132	0	1367	4322	4488	5348	445	2329	4467	2522	2274	1205	2119	237	2711	2020	3320	2483	450	4409	3724	3875	1243	1111	2094	5593	1354	5004	4115	1970	4453	1898	523	4434	1318	4222	2389	459	4149	4678	1515	2368	1361	5107	2782	4915	2417	2001	4778	1605	2058	1790	4494	2469	1187	2257	4406	1203	193	2686	4452	1347	4743	2264	4498	2821	2598	3217	2403	662	1279	2351	3201	2623	3379	2473	1455	1881	1542	3486	2935	81	4172	4525	3905	2577	1148	2461	4715	4606	2629	1898	2013	1819	1311	2503	4880	4298	3042	
3362	512	4190	1367	0	4265	4183	5070	1262	2969	4203	1967	1802	2357	1664	1130	1514	840	3723	1450	918	4816	4374	4351	2211	330	1162	5355	229	4751	4759	776	4255	1264	1077	4276	2482	4846	2602	1739	4656	4481	1441	2395	911	5041	1520	4730	3497	684	4542	780	2675	2352	4258	3074	377	2917	4113	286	1223	1406	5146	1890	4472	3165	4277	3620	1409	3941	3067	1501	1804	2319	3781	1411	2808	3415	93	3026	686	3159	4089	1343	4942	5174	4551	3352	1722	1167	4533	4399	3272	1263	660	2849	2451	1140	4652	3990	3302	
3652	3764	3590	4322	4265	0	791	1204	4695	2429	661	2395	2490	3746	2611	4284	5464	4983	1532	5598	4237	1556	2227	1666	3415	4428	5397	1358	4487	886	2296	4922	455	3024	4642	328	3761	2260	1948	4113	1821	541	2928	1967	3383	790	3896	684	3525	4679	698	3498	2539	2660	577	2304	3939	2497	746	4465	4175	3961	2619	3003	771	2997	532	2661	5396	2425	2440	3670	3057	2007	2010	5360	1864	3087	4245	3698	3587	1242	3944	4392	2790	2483	2247	2628	3186	5016	531	528	2312	3024	4227	3379	3706	4410	744	797	1427	
4188	3712	4246	4488	4183	791	0	888	4815	2919	132	2219	2386	4110	2533	4409	5216	4815	2185	5406	4325	2347	2969	2426	3756	4395	5257	1175	4411	576	3071	4759	344	2920	4733	474	4147	3041	2255	4354	2603	435	2999	2146	3369	1114	3539	641	4088	4494	401	3403	2961	3004	229	2816	3899	2976	86	4416	4321	3624	3405	3253	297	3526	279	3279	5161	3103	2952	3871	3290	2145	2672	5117	1468	3657	4146	4179	3498	1030	4565	4550	3560	3272	3006	3200	3410	4772	501	366	2869	2920	4023	3841	4088	4121	508	194	1936	
4854	4599	4781	5348	5070	1204	888	0	5686	3618	884	3105	3274	4893	3420	5279	6075	5694	2733	6279	5201	2531	3363	2787	4549	5283	6138	309	5299	348	3364	5638	908	3807	5609	961	4918	3305	3050	5191	2877	700	3873	2987	4254	814	4372	523	4729	5370	575	4290	3705	3791	855	3498	4787	3683	961	5304	5185	4463	3626	4081	608	4196	854	3863	6025	3612	3634	4719	4125	2998	3205	5979	2327	4291	5033	4889	4386	1917	5143	5412	3860	3465	3354	3832	4249	5634	685	758	3514	3808	4897	4563	4861	4974	484	1081	2613	
2654	1371	3553	445	1262	4695	4815	5686	0	2769	4802	2757	2522	1631	2365	411	2423	1758	3748	2149	509	4842	4168	4312	1688	948	1753	5941	1175	5345	4559	1718	4802	2084	188	4790	1738	4666	2783	882	4588	5028	1816	2730	1544	5484	2766	5269	2839	1806	5122	1710	2495	2218	4835	2908	1208	2698	4734	1027	531	2658	4897	1761	5079	2707	4842	3265	2311	3662	2845	1083	1687	2701	3641	2345	3630	2912	1355	2295	1630	3798	3335	364	4616	4969	4349	3022	1558	2232	5069	4954	3071	2083	1921	2254	1737	2389	5226	4623	3451	
1276	2504	1593	2329	2969	2429	2919	3618	2769	0	2841	2171	1997	1401	1962	2400	4468	3809	1059	4412	2459	2097	1425	1552	1142	2954	4086	3787	3126	3280	1816	3745	2734	2212	2796	2660	1385	1915	858	1970	1820	2921	1628	1194	2139	3134	3548	3108	1205	3609	3061	2457	295	617	2821	147	2593	77	2834	3029	2254	3532	2187	1093	3081	621	2802	707	4368	973	103	1701	1180	1293	872	4362	2577	811	3003	1271	2498	2222	1772	2410	1973	2233	1605	456	1286	4074	2933	2872	309	2212	3310	950	1336	3719	3138	2771	1005	
4105	3725	4143	4467	4203	661	132	884	4802	2841	0	2246	2402	4056	2545	4395	5265	4851	2079	5446	4317	2216	2850	2303	3705	4407	5288	1154	4431	550	2945	4794	212	2939	4725	342	4089	2914	2202	4321	2475	333	2989	2112	3375	1014	3604	563	4001	4532	342	3423	2893	2949	102	2733	3911	2900	120	4431	4303	3685	3277	3214	277	3443	151	3181	5209	2995	2870	3843	3254	2118	2566	5166	1528	3568	4169	4105	3517	1044	4468	4530	3435	3143	2884	3109	3376	4820	399	255	2780	2939	4063	3770	4030	4175	453	238	1850	
3234	1516	3756	2522	1967	2395	2219	3105	2757	2171	2246	0	256	2636	404	2382	3069	2609	2367	3214	2249	3313	3235	2982	2289	2198	3043	3394	2197	2791	3557	2551	2317	714	2640	2353	2727	3606	1363	2546	3287	2539	1052	1010	1221	3139	1590	2788	3251	2296	2588	1191	1978	1770	2308	2185	1708	2170	2152	2211	2333	1627	3971	1667	2511	2700	2332	2856	3002	2988	2266	2036	1647	900	2650	2965	875	2940	1928	3039	1287	1208	3874	2566	3899	3935	3380	2625	1715	2621	2594	2456	2369	714	1835	2713	2668	2028	2699	2028	1863	
3013	1326	3569	2274	1802	2490	2386	3274	2522	1997	2402	256	0	2387	157	2141	2996	2493	2298	3109	2015	3292	3137	2926	2043	2010	2911	3555	2029	2951	3474	2433	2454	540	2412	2478	2480	3531	1231	2291	3235	2680	796	890	1001	3253	1636	2929	3041	2191	2741	1022	1785	1556	2457	2024	1515	1990	2314	2030	2087	1654	3887	1421	2672	2500	2476	2694	2922	2855	2096	1780	1398	780	2541	2890	1109	2746	1771	2807	1116	1359	3667	2320	3792	3863	3289	2453	1462	2551	2732	2598	2216	540	1749	2485	2421	1999	2851	2192	1802	
1039	2067	1927	1205	2357	3746	4110	4893	1631	1401	4056	2636	2387	0	2267	1379	3828	3129	2459	3647	1536	3472	2658	2918	364	2193	3268	5093	2423	4547	3039	3072	3987	2266	1728	3935	125	3154	1855	750	3155	4194	1636	2015	1874	4490	3488	4405	1212	3039	4321	2223	1216	1106	4056	1547	2048	1324	4024	2285	1233	3423	3340	974	4318	1127	4047	1710	3717	2130	1440	867	989	2056	2214	3732	3353	1301	2427	685	2208	3229	1751	1280	3031	3434	2835	1501	935	3520	4217	4135	1651	2265	2914	635	106	3399	4409	3938	2334	
2930	1180	3516	2119	1664	2611	2533	3420	2365	1962	2545	404	157	2267	0	1984	2899	2376	2337	2996	1858	3355	3154	2970	1929	1863	2786	3699	1890	3095	3499	2315	2591	414	2255	2612	2363	3561	1239	2144	3280	2818	654	915	845	3381	1616	3067	2967	2081	2883	888	1734	1486	2598	2000	1367	1949	2459	1886	1931	1622	3912	1310	2817	2439	2616	2666	2822	2848	2063	1635	1281	809	2552	2793	1266	2689	1637	2711	980	1503	3597	2164	3801	3895	3310	2418	1336	2457	2869	2737	2196	414	1650	2396	2306	1930	2992	2339	1849	
2418	1091	3302	237	1130	4284	4409	5279	411	2400	4395	2382	2141	1379	1984	0	2490	1795	3357	2277	214	4456	3813	3932	1366	878	1893	5532	1121	4937	4205	1744	4393	1731	396	4380	1497	4309	2375	658	4213	4619	1414	2319	1189	5073	2557	4859	2588	1767	4713	1405	2119	1831	4427	2535	961	2331	4329	970	152	2459	4553	1364	4672	2392	4434	2933	2377	3317	2481	700	1288	2291	3271	2400	3249	2612	1218	2062	1336	3396	3125	223	4288	4618	3994	2681	1160	2230	4659	4545	2706	1730	1778	1971	1484	2267	4817	4218	3048	
4852	1965	5697	2711	1514	5464	5216	6075	2423	4468	5265	3069	2996	3828	2899	2490	0	699	5153	435	2304	6222	5857	5789	3714	1635	748	6378	1408	5791	6235	756	5362	2493	2251	5409	3951	6317	4018	3146	6098	5577	2883	3761	2346	6201	1757	5822	4998	861	5606	2080	4176	3854	5339	4567	1882	4420	5159	1543	2619	1645	6631	3400	5513	4680	5368	5130	113	5441	4568	2994	3315	3669	5256	108	3750	4928	1470	4508	2014	4257	5576	2660	6441	6649	6030	4862	3236	448	5636	5493	4767	2493	1250	4352	3927	1108	5716	5033	4699	
4155	1326	5002	2020	840	4983	4815	5694	1758	3809	4851	2609	2493	3129	2376	1795	699	0	4544	626	1606	5630	5213	5176	3019	936	464	5989	711	5391	5596	65	4926	1962	1579	4961	3252	5681	3415	2450	5483	5148	2260	3184	1722	5743	1605	5397	4301	331	5193	1505	3515	3192	4916	3914	1216	3757	4752	844	1922	1478	5985	2729	5111	3995	4940	4459	588	4782	3907	2298	2642	3100	4617	605	3377	4241	812	3810	1425	3817	4877	1972	5782	6011	5388	4191	2558	494	5204	5065	4112	1962	806	3657	3228	969	5304	4627	4109	
2157	3220	2066	3320	3723	1532	2185	2733	3748	1059	2079	2367	2298	2459	2337	3357	5153	4544	0	5167	3380	1106	914	638	2189	3777	4880	2856	3912	2418	1194	4480	1922	2701	3750	1821	2441	1239	1135	2998	948	2067	2284	1422	2822	2146	3934	2211	2013	4297	2220	3074	1280	1531	2031	913	3350	1135	2109	3841	3220	3952	1608	1995	2272	1525	1999	1130	5062	918	1028	2666	2074	1527	487	5045	2396	1577	3736	2257	3139	1837	2411	3400	1585	1568	1032	1127	2199	4727	2062	2038	844	2701	3924	1972	2394	4258	2275	2085	506	
4684	1948	5550	2483	1450	5598	5406	6279	2149	4412	5446	3214	3109	3647	2996	2277	435	626	5167	0	2112	6255	5823	5798	3571	1482	397	6577	1288	5982	6208	690	5528	2582	1990	5567	3768	6295	4039	2934	6103	5749	2883	3810	2346	6352	2054	5997	4842	919	5788	2130	4117	3795	5514	4521	1827	4358	5345	1397	2417	1933	6594	3325	5702	4568	5540	5049	378	5383	4509	2849	3238	3726	5230	448	3954	4809	1431	4332	2051	4419	5398	2423	6382	6624	6000	4783	3146	708	5805	5665	4717	2582	1384	4205	3750	1388	5899	5219	4735	
2572	894	3444	450	918	4237	4325	5201	509	2459	4317	2249	2015	1536	1858	214	2304	1606	3380	2112	0	4484	3881	3970	1481	678	1736	5461	918	4862	4273	1553	4324	1576	408	4317	1657	4374	2358	845	4257	4552	1328	2271	1036	5027	2348	4794	2733	1562	4640	1220	2170	1869	4353	2589	754	2393	4246	770	317	2249	4631	1390	4593	2500	4362	3024	2192	3396	2545	774	1308	2233	3324	2212	3122	2730	1005	2220	1146	3303	3287	434	4378	4688	4062	2767	1186	2030	4594	4475	2767	1576	1564	2103	1638	2053	4746	4132	3045	
2953	4309	2538	4409	4816	1556	2347	2531	4842	2097	2216	3313	3292	3472	3355	4456	6222	5630	1106	6255	4484	0	1011	556	3238	4880	5977	2531	5010	2308	866	5566	2008	3742	4850	1879	3434	787	2216	4067	409	2037	3375	2462	3910	1750	4902	2058	2764	5373	2186	4143	2353	2626	2129	1952	4446	2173	2299	4942	4317	4935	1096	3096	2289	2416	2082	1873	6135	1472	2040	3761	3177	2558	1260	6114	3116	2372	4826	3143	4214	2477	2967	4489	1349	941	923	2002	3301	5789	1998	2053	1822	3742	4981	2914	3394	5285	2188	2336	1523	
1993	3894	1528	3724	4374	2227	2969	3363	4168	1425	2850	3235	3137	2658	3154	3813	5857	5213	914	5823	3881	1011	0	576	2491	4375	5505	3419	4540	3088	393	5148	2666	3483	4207	2548	2598	499	1915	3330	606	2764	2979	2247	3512	2647	4769	2852	1793	4996	2921	3803	1718	2035	2784	1305	3997	1488	2902	4448	3664	4775	774	2516	2998	1541	2745	958	5760	531	1336	3116	2603	2357	606	5750	3310	1438	4402	2226	3856	2745	1956	3805	672	808	181	1160	2710	5448	2743	2755	1116	3483	4663	2050	2568	5036	2952	2900	1404	
2413	3851	2071	3875	4351	1666	2426	2787	4312	1552	2303	2982	2926	2918	2970	3932	5789	5176	638	5798	3970	556	576	0	2690	4395	5505	2843	4536	2517	660	5112	2112	3338	4327	1991	2879	664	1772	3523	310	2198	2916	2058	3454	2073	4559	2279	2230	4933	2355	3710	1818	2102	2232	1409	3977	1627	2363	4461	3789	4581	1047	2580	2437	1863	2191	1329	5698	946	1491	3233	2663	2161	704	5681	2923	1828	4367	2592	3775	2317	2482	3956	1136	970	581	1448	2783	5364	2175	2193	1270	3338	4562	2359	2839	4894	2382	2371	1125	
1160	1861	1983	1243	2211	3415	3756	4549	1688	1142	3705	2289	2043	364	1929	1366	3714	3019	2189	3571	1481	3238	2491	2690	0	2093	3207	4755	2308	4202	2881	2959	3642	1961	1749	3593	439	2990	1503	840	2947	3852	1315	1652	1617	4169	3225	4067	1287	2894	3976	1972	915	758	3708	1288	1872	1066	3670	2181	1214	3170	3210	623	3969	1026	3700	1578	3604	1977	1200	723	650	1692	1996	3613	2992	1249	2271	850	1969	2866	1887	1324	2930	3287	2671	1337	621	3376	3876	3790	1423	1961	2718	639	379	3192	4066	3583	2017	
3220	684	4075	1111	330	4428	4395	5283	948	2954	4407	2198	2010	2193	1863	878	1635	936	3777	1482	678	4880	4375	4395	2093	0	1134	5561	243	4957	4764	880	4447	1485	761	4460	2316	4856	2680	1522	4694	4674	1532	2510	1045	5212	1849	4923	3370	890	4743	1014	2658	2339	4458	3070	496	2896	4322	93	994	1734	5140	1861	4679	3086	4474	3574	1524	3919	3048	1370	1774	2445	3793	1540	3057	3327	420	2874	918	3366	3942	1075	4915	5181	4554	3309	1674	1353	4723	4594	3262	1484	977	2729	2293	1441	4853	4201	3384	
4307	1674	5180	2094	1162	5397	5257	6138	1753	4086	5288	3043	2911	3268	2786	1893	748	464	4880	397	1736	5977	5505	5505	3207	1134	0	6431	969	5831	5892	509	5357	2374	1596	5388	3388	5983	3763	2547	5808	5581	2602	3556	2074	6165	2061	5830	4469	794	5630	1901	3791	3471	5351	4200	1531	4029	5191	1057	2036	1934	6272	2994	5551	4213	5374	4708	651	5052	4181	2486	2907	3478	4919	709	3827	4451	1164	3953	1814	4250	5017	2032	6049	6309	5683	4443	2809	816	5635	5498	4393	2374	1266	3837	3372	1411	5741	5067	4464	
5001	4879	4876	5593	5355	1358	1175	309	5941	3787	1154	3394	3555	5093	3699	5532	6378	5989	2856	6577	5461	2531	3419	2843	4755	5561	6431	0	5583	604	3385	5933	1140	4091	5869	1167	5113	3316	3266	5421	2900	916	4133	3226	4528	782	4679	689	4866	5667	821	4575	3893	3998	1109	3661	5066	3854	1242	5585	5434	4769	3618	4309	883	4349	1099	3984	6327	3708	3796	4957	4356	3244	3315	6281	2628	4429	5319	5055	4669	2197	5253	5659	3877	3449	3394	3972	4482	5936	883	988	3662	4092	5195	4736	5056	5278	715	1366	2785	
3445	725	4291	1354	229	4487	4411	5299	1175	3126	4431	2197	2029	2423	1890	1121	1408	711	3912	1288	918	5010	4540	4536	2308	243	969	5583	0	4979	4927	652	4481	1492	987	4501	2547	5017	2798	1762	4839	4708	1639	2603	1119	5265	1674	4957	3590	647	4770	1009	2831	2509	4486	3237	565	3071	4341	152	1235	1554	5310	2037	4700	3288	4505	3762	1298	4096	3222	1587	1950	2531	3951	1310	3037	3533	285	3102	914	3387	4168	1318	5095	5344	4718	3496	1859	1111	4760	4627	3432	1492	778	2946	2521	1221	4880	4219	3501	
4522	4275	4476	5004	4751	886	576	348	5345	3280	550	2791	2951	4547	3095	4937	5791	5391	2418	5982	4862	2308	3088	2517	4202	4957	5831	604	4979	0	3117	5334	561	3487	5270	619	4573	3066	2703	4844	2632	359	3534	2641	3924	713	4107	253	4402	5070	227	3971	3361	3444	510	3162	4461	3343	640	4981	4842	4194	3403	3734	280	3863	507	3545	5737	3310	3298	4373	3778	2653	2896	5693	2042	3965	4716	4551	4066	1592	4830	5069	3614	3249	3091	3505	3902	5347	356	412	3184	3488	4599	4223	4515	4695	143	764	2275	
2326	4274	1755	4115	4759	2296	3071	3364	4559	1816	2945	3557	3474	3039	3499	4205	6235	5596	1194	6208	4273	866	393	660	2881	4764	5892	3385	4927	3117	0	5531	2748	3841	4600	2623	2975	122	2266	3719	487	2816	3354	2586	3889	2603	5110	2871	2118	5374	2971	4174	2109	2425	2869	1695	4381	1880	3011	4837	4057	5121	414	2907	3061	1916	2826	1331	6139	909	1729	3508	2993	2695	979	6128	3564	1794	4784	2581	4230	2969	2199	4196	498	417	211	1546	3102	5823	2786	2818	1507	3841	5034	2424	2947	5398	2988	3024	1699	
4097	1262	4943	1970	776	4922	4759	5638	1718	3745	4794	2551	2433	3072	2315	1744	756	65	4480	690	1553	5566	5148	5112	2959	880	509	5933	652	5334	5531	0	4868	1901	1536	4902	3196	5617	3351	2397	5418	5090	2196	3121	1658	5683	1575	5339	4242	287	5136	1442	3451	3128	4858	3850	1152	3693	4695	788	1869	1447	5921	2665	5054	3933	4883	4396	646	4718	3843	2239	2579	3037	4553	660	3323	4180	747	3752	1361	3759	4820	1924	5718	5947	5324	4128	2495	520	5146	5007	4048	1900	757	3597	3171	948	5247	4570	4045	
3987	3768	3989	4453	4255	455	344	908	4802	2734	212	2317	2454	3987	2591	4393	5362	4926	1922	5528	4324	2008	2666	2112	3642	4447	5357	1140	4481	561	2748	4868	0	2994	4732	130	4014	2714	2143	4286	2275	228	2997	2087	3407	860	3725	476	3875	4611	334	3476	2806	2884	122	2620	3952	2796	317	4475	4294	3802	3074	3175	352	3326	79	3037	5302	2833	2757	3819	3220	2104	2408	5261	1651	3439	4225	4004	3570	1109	4325	4519	3241	2938	2693	2980	3345	4915	278	152	2654	2994	4146	3673	3956	4281	428	406	1733	
3047	802	3708	1898	1264	3024	2920	3807	2084	2212	2939	714	540	2266	414	1731	2493	1962	2701	2582	1576	3742	3483	3338	1961	1485	2374	4091	1492	3487	3841	1901	2994	0	1954	3018	2375	3909	1577	2007	3648	3219	656	1283	542	3791	1340	3469	3111	1668	3279	484	1955	1669	2995	2271	994	2187	2849	1499	1705	1320	4250	1379	3208	2623	3015	2918	2413	3141	2315	1521	1325	1185	2877	2386	1581	2879	1231	2789	578	1896	3743	1931	4116	4243	3646	2659	1341	2053	3272	3137	2473	1	1244	2501	2322	1558	3389	2727	2225	
2762	1216	3655	523	1077	4642	4733	5609	188	2796	4725	2640	2412	1728	2255	396	2251	1579	3750	1990	408	4850	4207	4327	1749	761	1596	5869	987	5270	4600	1536	4732	1954	0	4725	1841	4704	2751	982	4608	4960	1736	2676	1420	5432	2586	5202	2941	1619	5048	1560	2514	2225	4761	2931	1045	2727	4654	839	543	2477	4946	1756	5001	2774	4770	3322	2138	3709	2876	1096	1677	2639	3667	2170	3515	2989	1170	2404	1477	3710	3455	451	4676	5012	4389	3073	1551	2048	5002	4884	3102	1953	1735	2339	1834	2202	5154	4540	3432	
3906	3784	3887	4434	4276	328	474	961	4790	2660	342	2353	2478	3935	2612	4380	5409	4961	1821	5567	4317	1879	2548	1991	3593	4460	5388	1167	4501	619	2623	4902	130	3018	4725	0	3958	2588	2100	4254	2149	261	2994	2065	3417	794	3790	481	3789	4649	404	3499	2744	2835	251	2543	3966	2724	441	4490	4278	3863	2946	3142	453	3246	204	2942	5347	2727	2680	3794	3190	2089	2304	5308	1722	3352	4249	3932	3592	1152	4229	4501	3117	2809	2572	2892	3316	4962	284	217	2569	3019	4187	3604	3901	4335	478	518	1656	
922	2190	1815	1318	2482	3761	4147	4918	1738	1385	4089	2727	2480	125	2363	1497	3951	3252	2441	3768	1657	3434	2598	2879	439	2316	3388	5113	2547	4573	2975	3196	4014	2375	1841	3958	0	3091	1894	860	3109	4218	1739	2072	1992	4496	3606	4425	1101	3164	4348	2342	1223	1146	4086	1529	2172	1309	4061	2408	1353	3543	3266	1060	4348	1059	4076	1645	3840	2068	1416	991	1083	2118	2174	3856	3427	1217	2552	565	2328	3283	1630	1391	2951	3365	2773	1448	1038	3645	4239	4161	1620	2374	3038	555	61	3522	4434	3978	2341	
2448	4358	1873	4222	4846	2260	3041	3305	4666	1915	2914	3606	3531	3154	3561	4309	6317	5681	1239	6295	4374	787	499	664	2990	4856	5983	3316	5017	3066	122	5617	2714	3909	4704	2588	3091	0	2333	3829	439	2772	3434	2647	3971	2534	5168	2818	2240	5456	2927	4251	2206	2520	2836	1790	4469	1980	2984	4928	4161	5182	383	3002	3020	2032	2791	1447	6222	1024	1829	3611	3088	2754	1065	6209	3585	1913	4870	2701	4309	2981	2318	4303	562	334	319	1658	3199	5902	2741	2779	1606	3909	5110	2541	3062	5467	2939	3002	1744	
2079	2094	2446	2389	2602	1948	2255	3050	2783	858	2202	1363	1231	1855	1239	2375	4018	3415	1135	4039	2358	2216	1915	1772	1503	2680	3763	3266	2798	2703	2266	3351	2143	1577	2751	2100	1894	2333	0	2164	2081	2356	1160	354	1694	2726	2855	2578	2040	3164	2476	1939	763	749	2206	840	2233	880	2169	2737	2254	2860	2676	1055	2467	1457	2199	1506	3928	1627	941	1730	1113	463	1313	3910	1721	1667	2610	1988	2005	1420	2627	2462	2563	2667	2073	1293	1243	3592	2384	2293	1012	1577	2790	1642	1834	3135	2569	2084	704	
1781	1567	2675	459	1739	4113	4354	5191	882	1970	4321	2546	2291	750	2144	658	3146	2450	2998	2934	845	4067	3330	3523	840	1522	2547	5421	1762	4844	3719	2397	4286	2007	982	4254	860	3829	2164	0	3784	4506	1496	2209	1508	4888	3052	4735	1961	2402	4617	1812	1719	1489	4338	2115	1492	1895	4270	1615	528	2969	4042	1113	4593	1837	4337	2407	3033	2813	2034	512	1067	2212	2833	3055	3366	2034	1820	1422	1769	3387	2476	531	3750	4123	3510	2174	944	2873	4538	4438	2259	2006	2356	1374	856	2849	4715	4169	2770	
2575	4156	2130	4149	4656	1821	2603	2877	4588	1820	2475	3287	3235	3155	3280	4213	6098	5483	948	6103	4257	409	606	310	2947	4694	5808	2900	4839	2632	487	5418	2275	3648	4608	2149	3109	439	2081	3784	0	2334	3223	2368	3761	2120	4867	2385	2381	5241	2489	4019	2094	2388	2397	1680	4281	1892	2546	4761	4069	4889	806	2869	2582	2070	2352	1507	6006	1092	1750	3513	2952	2471	951	5989	3200	2003	4672	2784	4084	2582	2561	4229	984	698	515	1663	3071	5673	2304	2340	1525	3648	4871	2575	3072	5204	2503	2567	1433	
4164	3996	4129	4678	4481	541	435	700	5028	2921	333	2539	2680	4194	2818	4619	5577	5148	2067	5749	4552	2037	2764	2198	3852	4674	5581	916	4708	359	2816	5090	228	3219	4960	261	4218	2772	2356	4506	2334	0	3225	2310	3635	682	3928	249	4044	4832	157	3702	3005	3093	242	2803	4179	2985	452	4702	4520	4007	3121	3394	254	3505	209	3191	5518	2965	2939	4042	3441	2329	2547	5476	1851	3607	4451	4192	3796	1331	4477	4744	3312	2976	2777	3148	3566	5130	66	84	2826	3220	4366	3865	4161	4492	217	569	1916	
2391	935	3069	1515	1441	2928	2999	3873	1816	1628	2989	1052	796	1636	654	1414	2883	2260	2284	2883	1328	3375	2979	2916	1315	1532	2602	4133	1639	3534	3354	2196	2997	656	1736	2994	1739	3434	1160	1496	3223	3225	0	981	539	3717	1977	3469	2458	2022	3312	831	1351	1045	3025	1708	1073	1591	2919	1584	1336	1943	3752	723	3265	1985	3035	2324	2788	2588	1730	985	672	924	2375	2775	1877	2243	1452	2135	878	1982	3090	1569	3582	3767	3150	2059	701	2470	3268	3149	1911	656	1688	1845	1683	2092	3418	2807	1862	
2368	1883	2787	2368	2395	1967	2146	2987	2730	1194	2112	1010	890	2015	915	2319	3761	3184	1422	3810	2271	2462	2247	2058	1652	2510	3556	3226	2603	2641	2586	3121	2087	1283	2676	2065	2072	2647	354	2209	2368	2310	981	0	1484	2757	2524	2546	2348	2916	2414	1686	1054	948	2132	1188	2040	1206	2062	2558	2214	2535	2999	1109	2386	1771	2134	1857	3675	1978	1282	1733	1144	111	1652	3653	1415	1993	2393	2242	1761	1214	2948	2436	2903	2980	2400	1638	1264	3326	2347	2239	1365	1283	2519	1896	2011	2837	2515	1963	943	
2761	400	3507	1361	911	3383	3369	4254	1544	2139	3375	1221	1001	1874	845	1189	2346	1722	2822	2346	1036	3910	3512	3454	1617	1045	2074	4528	1119	3924	3889	1658	3407	542	1420	3417	1992	3971	1694	1508	3761	3635	539	1484	0	4167	1614	3883	2858	1485	3708	355	1853	1535	3422	2229	558	2097	3293	1083	1168	1553	4285	1127	3649	2435	3437	2823	2251	3108	2241	1055	1052	1412	2910	2239	2096	2693	916	2467	367	2338	3481	1391	4105	4303	3684	2555	1018	1938	3683	3555	2431	542	1174	2218	1946	1610	3817	3175	2392	
4303	4543	4123	5107	5041	790	1114	814	5484	3134	1014	3139	3253	4490	3381	5073	6201	5743	2146	6352	5027	1750	2647	2073	4169	5212	6165	782	5265	713	2603	5683	860	3791	5432	794	4496	2534	2726	4888	2120	682	3717	2757	4167	0	4582	499	4157	5433	739	4269	3275	3421	918	3000	4721	3206	1133	5247	4962	4656	2839	3781	870	3664	877	3260	6137	2960	3131	4454	3839	2797	2583	6098	2510	3722	5018	4387	4360	1944	4512	5178	3095	2672	2616	3272	3968	5753	615	759	2976	3792	4974	4081	4443	5128	663	1247	2156	
4353	1488	5045	2782	1520	3896	3539	4372	2766	3548	3604	1590	1636	3488	1616	2557	1757	1605	3934	2054	2348	4902	4769	4559	3225	1849	2061	4679	1674	4107	5110	1575	3725	1340	2586	3790	3606	5168	2855	3052	4867	3928	1977	2524	1614	4582	0	4166	4432	1294	3937	1266	3294	3008	3686	3600	1595	3525	3491	1793	2604	128	5523	2687	3835	3959	3720	4254	1731	4460	3650	2652	2624	2415	4169	1673	2077	4216	1429	4072	1291	2655	5062	2780	5418	5500	4923	3997	2613	1350	3990	3844	3800	1340	906	3806	3559	666	4046	3367	3435	
4336	4245	4259	4915	4730	684	641	523	5269	3108	563	2788	2929	4405	3067	4859	5822	5397	2211	5997	4794	2058	2852	2279	4067	4923	5830	689	4957	253	2871	5339	476	3469	5202	481	4425	2818	2578	4735	2385	249	3469	2546	3883	499	4166	0	4209	5080	245	3952	3207	3309	484	2986	4428	3175	677	4951	4759	4247	3153	3622	373	3681	457	3341	5765	3091	3121	4275	3671	2569	2683	5722	2090	3771	4700	4379	4045	1580	4621	4982	3369	2998	2850	3313	3797	5377	201	332	2996	3469	4613	4056	4369	4736	165	800	2104	
216	3135	715	2417	3497	3525	4088	4729	2839	1205	4001	3251	3041	1212	2967	2588	4998	4301	2013	4842	2733	2764	1793	2230	1287	3370	4469	4866	3590	4402	2118	4242	3875	3111	2941	3789	1101	2240	2040	1961	2381	4044	2458	2348	2858	4157	4432	4209	0	4180	4192	3211	1295	1485	3971	1283	3157	1167	4005	3460	2440	4390	2330	1745	4226	585	3947	909	4888	1292	1149	2003	1812	2435	1586	4898	3758	438	3558	554	3221	3427	632	2492	1973	2460	1942	897	1841	4663	4048	4005	1221	3110	3993	650	1107	4458	4259	3951	2152	
4046	1105	4870	2001	684	4679	4494	5370	1806	3609	4532	2296	2191	3039	2081	1767	861	331	4297	919	1562	5373	4996	4933	2894	890	794	5667	647	5070	5374	287	4611	1668	1619	4649	3164	5456	3164	2402	5241	4832	2022	2916	1485	5433	1294	5080	4180	0	4874	1230	3318	2996	4599	3707	1033	3562	4432	799	1877	1166	5769	2547	4790	3837	4624	4276	766	4582	3709	2185	2463	2828	4395	754	3050	4089	624	3710	1159	3502	4773	1965	5582	5788	5169	4007	2389	483	4888	4748	3907	1668	476	3531	3134	689	4985	4306	3850	
4309	4062	4284	4778	4542	698	401	575	5122	3061	342	2588	2741	4321	2883	4713	5606	5193	2220	5788	4640	2186	2921	2355	3976	4743	5630	821	4770	227	2971	5136	334	3279	5048	404	4348	2927	2476	4617	2489	157	3312	2414	3708	739	3937	245	4192	4874	0	3762	3138	3218	287	2946	4248	3124	447	4769	4617	4021	3274	3507	131	3649	280	3344	5550	3121	3082	4147	3551	2428	2702	5507	1864	3756	4509	4332	3856	1383	4630	4843	3468	3126	2934	3296	3675	5161	188	189	2973	3279	4405	4003	4290	4514	111	573	2058	
3116	349	3856	1605	780	3498	3403	4290	1710	2457	3423	1191	1022	2223	888	1405	2080	1505	3074	2130	1220	4143	3803	3710	1972	1014	1901	4575	1009	3971	4174	1442	3476	484	1560	3499	2342	4251	1939	1812	4019	3702	831	1686	355	4269	1266	3952	3211	1230	3762	0	2177	1864	3479	2539	538	2419	3333	1022	1415	1201	4576	1475	3692	2780	3498	3150	1992	3418	2560	1388	1402	1598	3198	1972	2044	3038	749	2821	96	2379	3835	1621	4411	4584	3973	2883	1372	1654	3754	3620	2742	483	860	2572	2296	1269	3872	3210	2620	
1318	2213	1784	2058	2675	2539	2961	3705	2495	295	2893	1978	1785	1216	1734	2119	4176	3515	1280	4117	2170	2353	1718	1818	915	2658	3791	3893	2831	3361	2109	3451	2806	1955	2514	2744	1223	2206	763	1719	2094	3005	1351	1054	1853	3275	3294	3207	1295	3318	3138	2177	0	323	2884	418	2299	244	2875	2734	1974	3273	2482	798	3146	724	2870	974	4075	1267	392	1419	885	1140	1154	4070	2467	962	2709	1231	2214	2181	1903	2138	2267	2526	1898	709	992	3784	3023	2950	603	1955	3026	887	1168	3443	3222	2801	1119	
1465	1891	2042	1790	2352	2660	3004	3791	2218	617	2949	1770	1556	1106	1486	1831	3854	3192	1531	3795	1869	2626	2035	2102	758	2339	3471	3998	2509	3444	2425	3128	2884	1669	2225	2835	1146	2520	749	1489	2388	3093	1045	948	1535	3421	3008	3309	1485	2996	3218	1864	323	0	2951	730	1977	566	2918	2414	1691	2981	2802	483	3212	958	2943	1288	3753	1589	715	1135	569	1011	1460	3747	2349	1213	2387	1301	1899	2145	2112	1869	2590	2842	2215	1020	684	3463	3118	3032	923	1668	2709	960	1086	3132	3308	2833	1283	
4080	3777	4097	4494	4258	577	229	855	4835	2821	102	2308	2457	4056	2598	4427	5339	4916	2031	5514	4353	2129	2784	2232	3708	4458	5351	1109	4486	510	2869	4858	122	2995	4761	251	4086	2836	2206	4338	2397	242	3025	2132	3422	918	3686	484	3971	4599	287	3479	2884	2951	0	2710	3962	2881	219	4483	4332	3765	3196	3229	262	3418	50	3141	5281	2943	2847	3865	3271	2143	2517	5239	1609	3536	4226	4089	3573	1101	4429	4559	3362	3059	2813	3077	3395	4893	307	160	2749	2996	4131	3756	4028	4252	395	329	1824	
1372	2602	1611	2469	3074	2304	2816	3498	2908	147	2733	2185	2024	1547	2000	2535	4567	3914	913	4521	2589	1952	1305	1409	1288	3070	4200	3661	3237	3162	1695	3850	2620	2271	2931	2543	1529	1790	840	2115	1680	2803	1708	1188	2229	3000	3600	2986	1283	3707	2946	2539	418	730	2710	0	2698	224	2732	3143	2390	3589	2073	1213	2969	710	2690	672	4468	880	137	1835	1299	1293	736	4460	2541	868	3105	1394	2584	2156	1823	2550	1876	2112	1484	455	1409	4167	2813	2757	203	2271	3396	1082	1481	3795	3019	2673	888	
3030	192	3841	1187	377	3939	3899	4787	1208	2593	3911	1708	1515	2048	1367	961	1882	1216	3350	1827	754	4446	3997	3977	1872	496	1531	5066	565	4461	4381	1152	3952	994	1045	3966	2172	4469	2233	1492	4281	4179	1073	2040	558	4721	1595	4428	3157	1033	4248	538	2299	1977	3962	2698	0	2542	3826	526	1014	1499	4769	1518	4184	2804	3979	3249	1778	3566	2692	1182	1433	1969	3404	1777	2572	3056	412	2703	446	2870	3758	1185	4567	4797	4174	2981	1357	1513	4229	4099	2896	993	871	2507	2137	1362	4357	3706	2935	
1227	2457	1587	2257	2917	2497	2976	3683	2698	77	2900	2170	1990	1324	1949	2331	4420	3757	1135	4358	2393	2173	1488	1627	1066	2896	4029	3854	3071	3343	1880	3693	2796	2187	2727	2724	1309	1980	880	1895	1892	2985	1591	1206	2097	3206	3525	3175	1167	3562	3124	2419	244	566	2881	224	2542	0	2891	2972	2185	3506	2246	1035	3142	581	2864	734	4318	1025	152	1632	1122	1302	943	4313	2601	788	2952	1208	2458	2262	1747	2338	2025	2296	1669	473	1224	4028	2998	2935	375	2186	3269	882	1260	3684	3202	2826	1071	
4104	3639	4167	4406	4113	746	86	961	4734	2834	120	2152	2314	4024	2459	4329	5159	4752	2109	5345	4246	2299	2902	2363	3670	4322	5191	1242	4341	640	3011	4695	317	2849	4654	441	4061	2984	2169	4270	2546	452	2919	2062	3293	1133	3491	677	4005	4432	447	3333	2875	2918	219	2732	3826	2891	0	4344	4239	3574	3350	3168	359	3442	267	3199	5104	3027	2868	3787	3205	2062	2596	5060	1417	3574	4077	4093	3428	956	4485	4468	3498	3220	2942	3117	3326	4715	518	375	2786	2850	3961	3756	4002	4067	557	126	1854	
3311	707	4164	1203	286	4465	4416	5304	1027	3029	4431	2211	2030	2285	1886	970	1543	844	3841	1397	770	4942	4448	4461	2181	93	1057	5585	152	4981	4837	788	4475	1499	839	4490	2408	4928	2737	1615	4761	4702	1584	2558	1083	5247	1793	4951	3460	799	4769	1022	2734	2414	4483	3143	526	2972	4344	0	1087	1676	5215	1937	4702	3171	4501	3655	1432	3996	3124	1458	1850	2491	3864	1448	3064	3413	369	2965	925	3388	4033	1165	4993	5254	4627	3389	1753	1260	4752	4621	3337	1499	909	2818	2384	1364	4878	4223	3441	
2272	1122	3153	193	1223	4175	4321	5185	531	2254	4303	2333	2087	1233	1931	152	2619	1922	3220	2417	317	4317	3664	3789	1214	994	2036	5434	1235	4842	4057	1869	4294	1705	543	4278	1353	4161	2254	528	4069	4520	1336	2214	1168	4962	2604	4759	2440	1877	4617	1415	1974	1691	4332	2390	1014	2185	4239	1087	0	2511	4404	1230	4579	2240	4338	2782	2506	3167	2334	556	1156	2191	3126	2527	3193	2461	1307	1918	1354	3313	2982	234	4136	4469	3845	2531	1027	2346	4559	4447	2559	1705	1856	1820	1337	2349	4720	4130	2920	
4305	1402	5012	2686	1406	3961	3624	4463	2658	3532	3685	1627	1654	3423	1622	2459	1645	1478	3952	1933	2249	4935	4775	4581	3170	1734	1934	4769	1554	4194	5121	1447	3802	1320	2477	3863	3543	5182	2860	2969	4889	4007	1943	2535	1553	4656	128	4247	4390	1166	4021	1201	3273	2981	3765	3589	1499	3506	3574	1676	2511	0	5533	2645	3920	3928	3799	4238	1615	4455	3635	2580	2578	2427	4173	1559	2157	4185	1314	4018	1218	2723	5018	2682	5420	5514	4932	3979	2562	1231	4069	3923	3790	1320	783	3759	3497	545	4130	3449	3456	
2544	4667	1856	4452	5146	2619	3405	3626	4897	2187	3277	3971	3887	3340	3912	4553	6631	5985	1608	6594	4631	1096	774	1047	3210	5140	6272	3618	5310	3403	414	5921	3074	4250	4946	2946	3266	383	2676	4042	806	3121	3752	2999	4285	2839	5523	3153	2330	5769	3274	4576	2482	2802	3196	2073	4769	2246	3350	5215	4404	5533	0	3280	3371	2213	3150	1635	6533	1237	2094	3861	3367	3108	1378	6523	3967	2058	5174	2830	4630	3364	2303	4533	389	187	604	1874	3471	6222	3086	3132	1879	4250	5436	2711	3243	5805	3280	3372	2113	
1669	1451	2380	1347	1890	3003	3253	4081	1761	1093	3214	1667	1421	974	1310	1364	3400	2729	1995	3325	1390	3096	2516	2580	623	1861	2994	4309	2037	3734	2907	2665	3175	1379	1756	3142	1060	3002	1055	1113	2869	3394	723	1109	1127	3781	2687	3622	1745	2547	3507	1475	798	483	3229	1213	1518	1035	3168	1937	1230	2645	3280	0	3486	1309	3227	1731	3296	2059	1187	685	87	1126	1944	3295	2385	1566	1930	1414	1494	2311	2375	1423	3058	3324	2696	1463	205	3021	3426	3327	1402	1378	2292	1123	1001	2738	3603	3071	1695	
4337	3997	4338	4743	4472	771	297	608	5079	3081	277	2511	2672	4318	2817	4672	5513	5111	2272	5702	4593	2289	2998	2437	3969	4679	5551	883	4700	280	3061	5054	352	3208	5001	453	4348	3020	2467	4593	2582	254	3265	2386	3649	870	3835	373	4226	4790	131	3692	3146	3212	262	2969	4184	3142	359	4702	4579	3920	3371	3486	0	3676	279	3388	5459	3179	3106	4117	3527	2393	2756	5415	1766	3791	4436	4349	3786	1314	4676	4807	3556	3227	3017	3331	3650	5069	303	243	3005	3209	4319	4017	4290	4418	220	484	2082	
662	2754	1086	2264	3165	2997	3526	4196	2707	621	3443	2700	2500	1127	2439	2392	4680	3995	1525	4568	2500	2416	1541	1863	1026	3086	4213	4349	3288	3863	1916	3933	3326	2623	2774	3246	1059	2032	1457	1837	2070	3505	1985	1771	2435	3664	3959	3681	585	3837	3649	2780	724	958	3418	710	2804	581	3442	3171	2240	3928	2213	1309	3676	0	3397	585	4573	1010	574	1730	1388	1861	1167	4576	3176	258	3215	737	2803	2842	1179	2344	1913	2307	1714	416	1449	4316	3512	3461	689	2622	3600	509	1032	4046	3720	3383	1595	
4059	3794	4066	4498	4277	532	279	854	4842	2802	151	2332	2476	4047	2616	4434	5368	4940	1999	5540	4362	2082	2745	2191	3700	4474	5374	1099	4505	507	2826	4883	79	3015	4770	204	4076	2791	2199	4337	2352	209	3035	2134	3437	877	3720	457	3947	4624	280	3498	2870	2943	50	2690	3979	2864	267	4501	4338	3799	3150	3227	279	3397	0	3113	5309	2910	2827	3867	3271	2148	2485	5267	1644	3512	4246	4072	3592	1124	4401	4563	3319	3013	2772	3053	3395	4921	270	125	2726	3015	4157	3740	4018	4283	383	372	1803	
1084	3175	988	2821	3620	2661	3279	3863	3265	707	3181	2856	2694	1710	2666	2933	5130	4459	1130	5049	3024	1873	958	1329	1578	3574	4708	3984	3762	3545	1331	4396	3037	2918	3322	2942	1645	1447	1506	2407	1507	3191	2324	1857	2823	3260	4254	3341	909	4276	3344	3150	974	1288	3141	672	3249	734	3199	3655	2782	4238	1635	1731	3388	585	3113	0	5027	426	604	2250	1817	1963	679	5025	3181	499	3661	1277	3186	2745	1288	2902	1355	1724	1130	269	1903	4747	3190	3159	496	2918	3997	1093	1617	4416	3402	3159	1369	
4742	1867	5588	2598	1409	5396	5161	6025	2311	4368	5209	3002	2922	3717	2822	2377	113	588	5062	378	2192	6135	5760	5698	3604	1524	651	6327	1298	5737	6139	646	5302	2413	2138	5347	3840	6222	3928	3033	6006	5518	2788	3675	2251	6137	1731	5765	4888	766	5550	1992	4075	3753	5281	4468	1778	4318	5104	1432	2506	1615	6533	3296	5459	4573	5309	5027	0	5341	4467	2885	3211	3585	5160	69	3699	4821	1367	4397	1923	4195	5465	2547	6341	6553	5934	4759	3131	392	5577	5434	4668	2413	1173	4243	3816	1073	5660	4978	4612	
1483	3477	1169	3217	3941	2425	3103	3612	3662	973	2995	2988	2855	2130	2848	3317	5441	4782	918	5383	3396	1472	531	946	1977	3919	5052	3708	4096	3310	909	4718	2833	3141	3709	2727	2068	1024	1627	2813	1092	2965	2588	1978	3108	2960	4460	3091	1292	4582	3121	3418	1267	1589	2943	880	3566	1025	3027	3996	3167	4455	1237	2059	3179	1010	2910	426	5341	0	874	2625	2146	2089	434	5335	3198	913	3976	1699	3464	2697	1553	3298	1001	1310	705	640	2245	5045	2956	2942	677	3141	4275	1519	2039	4673	3169	3003	1294	
1236	2605	1505	2403	3067	2440	2952	3634	2845	103	2870	2266	2096	1440	2063	2481	4568	3907	1028	4509	2545	2040	1336	1491	1200	3048	4181	3796	3222	3298	1729	3843	2757	2315	2876	2680	1416	1829	941	2034	1750	2939	1730	1282	2241	3131	3650	3121	1149	3709	3082	2560	392	715	2847	137	2692	152	2868	3124	2334	3635	2094	1187	3106	574	2827	604	4467	874	0	1782	1274	1384	799	4462	2655	741	3102	1260	2600	2283	1700	2485	1875	2144	1517	358	1377	4174	2949	2893	226	2315	3413	952	1370	3822	3156	2809	1025	
1862	1203	2705	662	1501	3670	3871	4719	1083	1701	3843	2036	1780	867	1635	700	2994	2298	2666	2849	774	3761	3116	3233	723	1370	2486	4957	1587	4373	3508	2239	3819	1521	1096	3794	991	3611	1730	512	3513	4042	985	1733	1055	4454	2652	4275	2003	2185	4147	1388	1419	1135	3865	1835	1182	1632	3787	1458	556	2580	3861	685	4117	1730	3867	2250	2885	2625	1782	0	618	1726	2571	2895	2854	1965	1567	1526	1362	2890	2588	739	3604	3922	3297	1994	487	2667	4077	3971	2006	1520	2047	1359	956	2533	4247	3684	2379	
1730	1369	2455	1279	1804	3057	3290	4125	1687	1180	3254	1647	1398	989	1281	1288	3315	2642	2074	3238	1308	3177	2603	2663	650	1774	2907	4356	1950	3778	2993	2579	3220	1325	1677	3190	1083	3088	1113	1067	2952	3441	672	1144	1052	3839	2624	3671	1812	2463	3551	1402	885	569	3271	1299	1433	1122	3205	1850	1156	2578	3367	87	3527	1388	3271	1817	3211	2146	1274	618	0	1153	2029	3210	2387	1644	1845	1464	1418	2337	2440	1354	3145	3410	2783	1549	131	2937	3474	3372	1488	1325	2213	1183	1025	2661	3649	3106	1765	
2449	1808	2886	2351	2319	2007	2145	2998	2701	1293	2118	900	780	2056	809	2291	3669	3100	1527	3726	2233	2558	2357	2161	1692	2445	3478	3244	2531	2653	2695	3037	2104	1185	2639	2089	2118	2754	463	2212	2471	2329	924	111	1412	2797	2415	2569	2435	2828	2428	1598	1140	1011	2143	1293	1969	1302	2062	2491	2191	2427	3108	1126	2393	1861	2148	1963	3585	2089	1384	1726	1153	0	1762	3561	1340	2088	2314	2311	1676	1185	3040	2416	3014	3087	2509	1740	1269	3233	2368	2256	1472	1185	2425	1967	2057	2735	2530	1959	1042	
1752	3295	1582	3201	3781	2010	2672	3205	3641	872	2566	2650	2541	2214	2552	3271	5256	4617	487	5230	3324	1260	606	704	1996	3793	4919	3315	3951	2896	979	4553	2408	2877	3667	2304	2174	1065	1313	2833	951	2547	2375	1652	2910	2583	4169	2683	1586	4395	2702	3198	1154	1460	2517	736	3404	943	2596	3864	3126	4173	1378	1944	2756	1167	2485	679	5160	434	799	2571	2029	1762	0	5148	2796	1162	3806	1902	3252	2276	1939	3282	1251	1394	775	751	2143	4845	2540	2521	574	2877	4058	1657	2135	4430	2754	2570	878	
4754	1858	5596	2623	1411	5360	5117	5979	2345	4362	5166	2965	2890	3732	2793	2400	108	605	5045	448	2212	6114	5750	5681	3613	1540	709	6281	1310	5693	6128	660	5261	2386	2170	5308	3856	6209	3910	3055	5989	5476	2775	3653	2239	6098	1673	5722	4898	754	5507	1972	4070	3747	5239	4460	1777	4313	5060	1448	2527	1559	6523	3295	5415	4576	5267	5025	69	5335	4462	2895	3210	3561	5148	0	3653	4826	1365	4411	1906	4155	5478	2574	6335	6541	5923	4757	3132	346	5535	5392	4661	2386	1143	4252	3831	1019	5617	4934	4591	
3783	2380	4151	3379	2808	1864	1468	2327	3630	2577	1528	875	1109	3353	1266	3249	3750	3377	2396	3954	3122	3116	3310	2923	2992	3057	3827	2628	3037	2042	3564	3323	1651	1581	3515	1722	3427	3585	1721	3366	3200	1851	1877	1415	2096	2510	2077	2090	3758	3050	1864	2044	2467	2349	1609	2541	2572	2601	1417	3064	3193	2157	3967	2385	1766	3176	1644	3181	3699	3198	2655	2854	2387	1340	2796	3653	0	3387	2759	3650	2140	649	4348	3427	3980	3891	3421	2996	2477	3308	1914	1768	2688	1581	2575	3307	3367	2653	1973	1292	1920	
590	3009	830	2473	3415	3087	3657	4291	2912	811	3568	2940	2746	1301	2689	2612	4928	4241	1577	4809	2730	2372	1438	1828	1249	3327	4451	4429	3533	3965	1794	4180	3439	2879	2989	3352	1217	1913	1667	2034	2003	3607	2243	1993	2693	3722	4216	3771	438	4089	3756	3038	962	1213	3536	868	3056	788	3574	3413	2461	4185	2058	1566	3791	258	3512	499	4821	913	741	1965	1644	2088	1162	4826	3387	0	3466	789	3060	3023	961	2552	1734	2167	1602	460	1702	4568	3611	3568	788	2879	3857	666	1200	4303	3822	3523	1721	
3425	517	4247	1455	93	4245	4146	5033	1355	3003	4169	1928	1771	2427	1637	1218	1470	812	3736	1431	1005	4826	4402	4367	2271	420	1164	5319	285	4716	4784	747	4225	1231	1170	4249	2552	4870	2610	1820	4672	4451	1452	2393	916	5018	1429	4700	3558	624	4509	749	2709	2387	4226	3105	412	2952	4077	369	1307	1314	5174	1930	4436	3215	4246	3661	1367	3976	3102	1567	1845	2314	3806	1365	2759	3466	0	3093	658	3125	4153	1433	4976	5200	4577	3393	1768	1106	4503	4369	3304	1231	568	2908	2520	1050	4619	3954	3308	
359	2704	1260	1881	3026	3698	4179	4889	2295	1271	4105	3039	2807	685	2711	2062	4508	3810	2257	4332	2220	3143	2226	2592	850	2874	3953	5055	3102	4551	2581	3752	4004	2789	2404	3932	565	2701	1988	1422	2784	4192	2135	2242	2467	4387	4072	4379	554	3710	4332	2821	1231	1301	4089	1394	2703	1208	4093	2965	1918	4018	2830	1414	4349	737	4072	1277	4397	1699	1260	1526	1464	2311	1902	4411	3650	789	3093	0	2819	3409	1068	1953	2490	2948	2390	1152	1460	4192	4204	4143	1414	2789	3559	347	582	4037	4409	4024	2276	
3120	261	3874	1542	686	3587	3498	4386	1630	2498	3517	1287	1116	2208	980	1336	2014	1425	3139	2051	1146	4214	3856	3775	1969	918	1814	4669	914	4066	4230	1361	3570	578	1477	3592	2328	4309	2005	1769	4084	3796	878	1761	367	4360	1291	4045	3221	1159	3856	96	2214	1899	3573	2584	446	2458	3428	925	1354	1218	4630	1494	3786	2803	3592	3186	1923	3464	2600	1362	1418	1676	3252	1906	2140	3060	658	2819	0	2474	3842	1555	4459	4641	4027	2919	1379	1594	3848	3714	2787	578	812	2578	2285	1243	3967	3305	2691	
3485	2683	3732	3486	3159	1242	1030	1917	3798	2222	1044	1208	1359	3229	1503	3396	4257	3817	1837	4419	3303	2477	2745	2317	2866	3366	4250	2197	3387	1592	2969	3759	1109	1896	3710	1152	3283	2981	1420	3387	2582	1331	1982	1214	2338	1944	2655	1580	3427	3502	1383	2379	2181	2145	1101	2156	2870	2262	956	3388	3313	2723	3364	2311	1314	2842	1124	2745	4195	2697	2283	2890	2337	1185	2276	4155	649	3023	3125	3409	2474	0	3978	3545	3407	3278	2841	2596	2449	3810	1387	1248	2269	1896	3037	3062	3222	3185	1494	837	1403	
728	3747	448	2935	4089	3944	4565	5143	3335	1772	4468	3874	3667	1751	3597	3125	5576	4877	2411	5398	3287	2967	1956	2482	1887	3942	5017	5253	4168	4830	2199	4820	4325	3743	3455	4229	1630	2318	2627	2476	2561	4477	3090	2948	3481	4512	5062	4621	632	4773	4630	3835	1903	2112	4429	1823	3758	1747	4485	4033	2982	5018	2303	2375	4676	1179	4401	1288	5465	1553	1700	2588	2440	3040	1939	5478	4348	961	4153	1068	3842	3978	0	3004	1916	2464	2066	1386	2463	5255	4474	4446	1717	3743	4604	1264	1650	5075	4687	4442	2642	
2312	1313	3206	81	1343	4392	4550	5412	364	2410	4530	2566	2320	1280	2164	223	2660	1972	3400	2423	434	4489	3805	3956	1324	1075	2032	5659	1318	5069	4196	1924	4519	1931	451	4501	1391	4303	2462	531	4229	4744	1569	2436	1391	5178	2780	4982	2492	1965	4843	1621	2138	1869	4559	2550	1185	2338	4468	1165	234	2682	4533	1423	4807	2344	4563	2902	2547	3298	2485	739	1354	2416	3282	2574	3427	2552	1433	1953	1555	3545	3004	0	4253	4606	3986	2658	1224	2420	4782	4672	2710	1931	1995	1896	1386	2483	4946	4360	3118	
2189	4476	1470	4172	4942	2790	3560	3860	4616	1973	3435	3899	3792	3031	3801	4288	6441	5782	1585	6382	4378	1349	672	1136	2930	4915	6049	3877	5095	3614	498	5718	3241	4116	4676	3117	2951	562	2563	3750	984	3312	3582	2903	4105	3095	5418	3369	1973	5582	3468	4411	2267	2590	3362	1876	4567	2025	3498	4993	4136	5420	389	3058	3556	1913	3319	1355	6341	1001	1875	3604	3145	3014	1251	6335	3980	1734	4976	2490	4459	3407	1916	4253	0	563	569	1612	3241	6043	3283	3314	1675	4116	5270	2397	2932	5660	3485	3508	2077	
2673	4689	2016	4525	5174	2483	3272	3465	4969	2233	3143	3935	3863	3434	3895	4618	6649	6011	1568	6624	4688	941	808	970	3287	5181	6309	3449	5344	3249	417	5947	2938	4243	5012	2809	3365	334	2667	4123	698	2976	3767	2980	4303	2672	5500	2998	2460	5788	3126	4584	2526	2842	3059	2112	4797	2296	3220	5254	4469	5514	187	3324	3227	2307	3013	1724	6553	1310	2144	3922	3410	3087	1394	6541	3891	2167	5200	2948	4641	3278	2464	4606	563	0	628	1950	3518	6235	2939	2990	1924	4243	5443	2811	3339	5801	3129	3247	2072	
2146	4068	1628	3905	4551	2247	3006	3354	4349	1605	2884	3380	3289	2835	3310	3994	6030	5388	1032	6000	4062	923	181	581	2671	4554	5683	3394	4718	3091	211	5324	2693	3646	4389	2572	2773	319	2073	3510	515	2777	3150	2400	3684	2616	4923	2850	1942	5169	2934	3973	1898	2215	2813	1484	4174	1669	2942	4627	3845	4932	604	2696	3017	1714	2772	1130	5934	705	1517	3297	2783	2509	775	5923	3421	1602	4577	2390	4027	2841	2066	3986	569	628	0	1338	2890	5620	2752	2773	1296	3646	4832	2223	2743	5201	2958	2948	1532	
1031	2906	1156	2577	3352	2628	3200	3832	3022	456	3109	2625	2453	1501	2418	2681	4862	4191	1127	4783	2767	2002	1160	1448	1337	3309	4443	3972	3496	3505	1546	4128	2980	2659	3073	2892	1448	1658	1293	2174	1663	3148	2059	1638	2555	3272	3997	3313	897	4007	3296	2883	709	1020	3077	455	2981	473	3117	3389	2531	3979	1874	1463	3331	416	3053	269	4759	640	358	1994	1549	1740	751	4757	2996	460	3393	1152	2919	2596	1386	2658	1612	1950	1338	0	1637	4478	3151	3108	333	2659	3729	913	1414	4150	3362	3068	1265	
1745	1307	2502	1148	1722	3186	3410	4249	1558	1286	3376	1715	1462	935	1336	1160	3236	2558	2199	3146	1186	3301	2710	2783	621	1674	2809	4482	1859	3902	3102	2495	3345	1341	1551	3316	1038	3199	1243	944	3071	3566	701	1264	1018	3968	2613	3797	1841	2389	3675	1372	992	684	3395	1409	1357	1224	3326	1753	1027	2562	3471	205	3650	1449	3395	1903	3131	2245	1377	487	131	1269	2143	3132	2477	1702	1768	1460	1379	2449	2463	1224	3241	3518	2890	1637	0	2867	3600	3497	1595	1341	2160	1200	983	2618	3773	3225	1895	
4528	1572	5352	2461	1167	5016	4772	5634	2232	4074	4820	2621	2551	3520	2457	2230	448	494	4727	708	2030	5789	5448	5364	3376	1353	816	5936	1111	5347	5823	520	4915	2053	2048	4962	3645	5902	3592	2873	5673	5130	2470	3326	1938	5753	1350	5377	4663	483	5161	1654	3784	3463	4893	4167	1513	4028	4715	1260	2346	1231	6222	3021	5069	4316	4921	4747	392	5045	4174	2667	2937	3233	4845	346	3308	4568	1106	4192	1594	3810	5255	2420	6043	6235	5620	4478	2867	0	5189	5046	4369	2053	808	4014	3616	686	5271	4589	4267	
4170	4046	4121	4715	4533	531	501	685	5069	2933	399	2594	2732	4217	2869	4659	5636	5204	2062	5805	4594	1998	2743	2175	3876	4723	5635	883	4760	356	2786	5146	278	3272	5002	284	4239	2741	2384	4538	2304	66	3268	2347	3683	615	3990	201	4048	4888	188	3754	3023	3118	307	2813	4229	2998	518	4752	4559	4069	3086	3426	303	3512	270	3190	5577	2956	2949	4077	3474	2368	2540	5535	1914	3611	4503	4204	3848	1387	4474	4782	3283	2939	2752	3151	3600	5189	0	147	2831	3272	4423	3879	4182	4552	213	634	1928	
4121	3915	4103	4606	4399	528	366	758	4954	2872	255	2456	2598	4135	2737	4545	5493	5065	2038	5665	4475	2053	2755	2193	3790	4594	5498	988	4627	412	2818	5007	152	3137	4884	217	4161	2779	2293	4438	2340	84	3149	2239	3555	759	3844	332	4005	4748	189	3620	2950	3032	160	2757	4099	2935	375	4621	4447	3923	3132	3327	243	3461	125	3159	5434	2942	2893	3971	3372	2256	2521	5392	1768	3568	4369	4143	3714	1248	4446	4672	3314	2990	2773	3108	3497	5046	147	0	2784	3138	4282	3814	4103	4408	277	489	1869	
1340	2802	1468	2629	3272	2312	2869	3514	3071	309	2780	2369	2216	1651	2196	2706	4767	4112	844	4717	2767	1822	1116	1270	1423	3262	4393	3662	3432	3184	1507	4048	2654	2473	3102	2569	1620	1606	1012	2259	1525	2826	1911	1365	2431	2976	3800	2996	1221	3907	2973	2742	603	923	2749	203	2896	375	2786	3337	2559	3790	1879	1402	3005	689	2726	496	4668	677	226	2006	1488	1472	574	4661	2688	788	3304	1414	2787	2269	1717	2710	1675	1924	1296	333	1595	4369	2831	2784	0	2473	3598	1130	1577	3998	3041	2736	933	
3046	801	3708	1898	1263	3024	2920	3808	2083	2212	2939	714	540	2265	414	1730	2493	1962	2701	2582	1576	3742	3483	3338	1961	1484	2374	4092	1492	3488	3841	1900	2994	1	1953	3019	2374	3909	1577	2006	3648	3220	656	1283	542	3792	1340	3469	3110	1668	3279	483	1955	1668	2996	2271	993	2186	2850	1499	1705	1320	4250	1378	3209	2622	3015	2918	2413	3141	2315	1520	1325	1185	2877	2386	1581	2879	1231	2789	578	1896	3743	1931	4116	4243	3646	2659	1341	2053	3272	3138	2473	0	1244	2501	2321	1559	3389	2727	2225	
3877	858	4661	2013	660	4227	4023	4897	1921	3310	4063	1835	1749	2914	1650	1778	1250	806	3924	1384	1564	4981	4663	4562	2718	977	1266	5195	778	4599	5034	757	4146	1244	1735	4187	3038	5110	2790	2356	4871	4366	1688	2519	1174	4974	906	4613	3993	476	4405	860	3026	2709	4131	3396	871	3269	3961	909	1856	783	5436	2292	4319	3600	4157	3997	1173	4275	3413	2047	2213	2425	4058	1143	2575	3857	568	3559	812	3037	4604	1995	5270	5443	4832	3729	2160	808	4423	4282	3598	1244	0	3345	3001	493	4516	3836	3461	
547	2487	1346	1819	2849	3379	3841	4563	2254	950	3770	2713	2485	635	2396	1971	4352	3657	1972	4205	2103	2914	2050	2359	639	2729	3837	4736	2946	4223	2424	3597	3673	2501	2339	3604	555	2541	1642	1374	2575	3865	1845	1896	2218	4081	3806	4056	650	3531	4003	2572	887	960	3756	1082	2507	882	3756	2818	1820	3759	2711	1123	4017	509	3740	1093	4243	1519	952	1359	1183	1967	1657	4252	3307	666	2908	347	2578	3062	1264	1896	2397	2811	2223	913	1200	4014	3879	3814	1130	2501	3345	0	535	3812	4082	3684	1952	
935	2151	1821	1311	2451	3706	4088	4861	1737	1336	4030	2668	2421	106	2306	1484	3927	3228	2394	3750	1638	3394	2568	2839	379	2293	3372	5056	2521	4515	2947	3171	3956	2322	1834	3901	61	3062	1834	856	3072	4161	1683	2011	1946	4443	3559	4369	1107	3134	4290	2296	1168	1086	4028	1481	2137	1260	4002	2384	1337	3497	3243	1001	4290	1032	4018	1617	3816	2039	1370	956	1025	2057	2135	3831	3367	1200	2520	582	2285	3222	1650	1386	2932	3339	2743	1414	983	3616	4182	4103	1577	2321	3001	535	0	3484	4377	3918	2287	
4350	1334	5116	2503	1140	4410	4121	4974	2389	3719	4175	2028	1999	3399	1930	2267	1108	969	4258	1388	2053	5285	5036	4894	3192	1441	1411	5278	1221	4695	5398	948	4281	1558	2202	4335	3522	5467	3135	2849	5204	4492	2092	2837	1610	5128	666	4736	4458	689	4514	1269	3443	3132	4252	3795	1362	3684	4067	1364	2349	545	5805	2738	4418	4046	4283	4416	1073	4673	3822	2533	2661	2735	4430	1019	2653	4303	1050	4037	1243	3185	5075	2483	5660	5801	5201	4150	2618	686	4552	4408	3998	1559	493	3812	3484	0	4624	3942	3777	
4379	4172	4334	4880	4652	744	508	484	5226	3138	453	2699	2851	4409	2992	4817	5716	5304	2275	5899	4746	2188	2952	2382	4066	4853	5741	715	4880	143	2988	5247	428	3389	5154	478	4434	2939	2569	4715	2503	217	3418	2515	3817	663	4046	165	4259	4985	111	3872	3222	3308	395	3019	4357	3202	557	4878	4720	4130	3280	3603	220	3720	383	3402	5660	3169	3156	4247	3649	2530	2754	5617	1973	3822	4619	4409	3967	1494	4687	4946	3485	3129	2958	3362	3773	5271	213	277	3041	3389	4516	4082	4377	4624	0	683	2133	
4044	3518	4133	4298	3990	797	194	1081	4623	2771	238	2028	2192	3938	2339	4218	5033	4627	2085	5219	4132	2336	2900	2371	3583	4201	5067	1366	4219	764	3024	4570	406	2727	4540	518	3978	3002	2084	4169	2567	569	2807	1963	3175	1247	3367	800	3951	4306	573	3210	2801	2833	329	2673	3706	2826	126	4223	4130	3449	3372	3071	484	3383	372	3159	4978	3003	2809	3684	3106	1959	2570	4934	1292	3523	3954	4024	3305	837	4442	4360	3508	3247	2948	3068	3225	4589	634	489	2736	2727	3836	3684	3918	3942	683	0	1803	
2256	2793	2355	3042	3302	1427	1936	2613	3451	1005	1850	1863	1802	2334	1849	3048	4699	4109	506	4735	3045	1523	1404	1125	2017	3384	4464	2785	3501	2275	1699	4045	1733	2225	3432	1656	2341	1744	704	2770	1433	1916	1862	943	2392	2156	3435	2104	2152	3850	2058	2620	1119	1283	1824	888	2935	1071	1854	3441	2920	3456	2113	1695	2082	1595	1803	1369	4612	1294	1025	2379	1765	1042	878	4591	1920	1721	3308	2276	2691	1403	2642	3118	2077	2072	1532	1265	1895	4267	1928	1869	933	2225	3461	1952	2287	3777	2133	1803	0	


0	 CF142BN	 0 	 0 	 540  	 1080  	 0  	 0 

1	 CF145HA	 1 	 1 	 600  	 840  	 5  	 2 
2	 CF52QN 	 1 	 2 	 600  	 840  	 10  	 5 
3	 CF146UU	 1 	 1 	 600  	 840  	 9  	 4 
4	 CF145LB 	 1 	 4 	 720  	 960  	 8  	 4 
5	 CF244LU 	 1 	 6 	 720  	 960  	 9  	 4 
6	 CF244QT 	 1 	 8 	 720  	 960  	 7  	 3 
7	 CF244DG	 1 	 8 	 540  	 780  	 9  	 4 
8	 CF146TP 	 1 	 4 	 660  	 900  	 8  	 4 
9	 CF141NX	 1 	 6 	 660  	 900  	 8  	 4 
10	 CF244QJ 	 1 	 4 	 660  	 900  	 9  	 4 
11	 CF144NA	 1 	 5 	 720  	 960  	 8  	 4 
12	 CF144LS 	 0 	 8 	 720  	 960  	 6  	 3 
13	 CF147BA 	 1 	 8 	 660  	 900  	 5  	 2 
14	 CF144JS 	 1 	 9 	 660  	 900  	 6  	 3 
15	 CF146SZ 	 1 	 6 	 540  	 780  	 9  	 4 
16	 CF149HA	 1 	 5 	 540  	 780  	 8  	 4 
17	 CF149EB 	 1 	 1 	 540  	 780  	 9  	 4 
18	 CF142QY	 1 	 9 	 600  	 840  	 5  	 2 
19	 CF149JD 	 1 	 9 	 720  	 960  	 6  	 3 
20	 CF146RN	 1 	 8 	 720  	 960  	 6  	 3 
21	 CF52AR 	 1 	 5 	 600  	 840  	 10  	 5 
22	 CF52EJ 	 1 	 5 	 660  	 900  	 8  	 4 
23	 CF52AZ 	 1 	 5 	 660  	 900  	 8  	 4 
24	 CF147AD	 1 	 10 	 660  	 900  	 10  	 5 
25	 CF145HP 	 0 	 6 	 660  	 900  	 9  	 4 
26	 CF149EW	 1 	 4 	 600  	 840  	 6  	 3 
27	 CF244AA 	 1 	 10 	 600  	 840  	 8  	 4 
28	 CF145HR 	 1 	 4 	 600  	 840  	 5  	 2 
29	 CF244DB 	 0 	 17 	 540  	 780  	 6  	 3 
30	 CF52HT 	 1 	 6 	 540  	 780  	 9  	 4 
31	 CF149ED 	 1 	 10 	 660  	 900  	 10  	 5 
32	 CF244JW 	 1 	 8 	 540  	 780  	 9  	 4 
33	 CF148HR 	 1 	 9 	 540  	 780  	 9  	 4 
34	 CF146SJ 	 1 	 2 	 720  	 960  	 6  	 3 
35	 CF244LH 	 1 	 5 	 660  	 900  	 7  	 3 
36	 CF147BB 	 1 	 8 	 720  	 960  	 6  	 3 
37	 CF52JB 	 1 	 8 	 540  	 780  	 7  	 3 
38	 CF141BZ 	 1 	 9 	 720  	 960  	 8  	 4 
39	 CF146HU	 1 	 3 	 600  	 840  	 9  	 4 
40	 CF52AB 	 1 	 7 	 600  	 840  	 10  	 5 
41	 CF244HH	 0 	 4 	 720  	 960  	 8  	 4 
42	 CF144SJ 	 1 	 7 	 660  	 900  	 8  	 4 
43	 CF141RS 	 0 	 12 	 600  	 840  	 7  	 3 
44	 CF145FJ 	 0 	 22 	 600  	 840  	 8  	 4 
45	 CF103EB 	 1 	 2 	 720  	 960  	 7  	 3 
46	 CF140RH 	 1 	 3 	 540  	 780  	 5  	 2 
47	 CF244EF 	 1 	 3 	 660  	 900  	 10  	 5 
48	 CF142HF 	 1 	 10 	 600  	 840  	 7  	 3 
49	 CF149BG 	 1 	 9 	 660  	 900  	 8  	 4 
50	 CF244ES 	 1 	 6 	 660  	 900  	 8  	 4 
51	 CF145ZA 	 1 	 9 	 660  	 900  	 6  	 3 
52	 CF141DE 	 1 	 1 	 600  	 840  	 5  	 2 
53	 CF141PW	 1 	 10 	 540  	 780  	 9  	 4 
54	 CF244NH	 1 	 5 	 600  	 840  	 6  	 3 
55	 CF142NT 	 1 	 3 	 660  	 900  	 7  	 3 
56	 CF145HE 	 1 	 6 	 540  	 780  	 6  	 3 
57	 CF141NQ	 1 	 5 	 600  	 840  	 7  	 3 
58	 CF244QL 	 1 	 6 	 720  	 960  	 5  	 2 
59	 CF145HQ	 1 	 5 	 660  	 900  	 8  	 4 
60	 CF146JX 	 1 	 5 	 600  	 840  	 6  	 3 
61	 CF140RE 	 1 	 1 	 540  	 780  	 8  	 4 
62	 CF52BD 	 1 	 6 	 540  	 780  	 10  	 5 
63	 CF146BJ 	 1 	 8 	 540  	 780  	 10  	 5 
64	 CF244NE 	 1 	 4 	 720  	 960  	 5  	 2 
65	 CF141LY 	 1 	 9 	 600  	 840  	 8  	 4 
66	 CF244JA 	 1 	 2 	 660  	 900  	 5  	 2 
67	 CF142LN 	 1 	 4 	 540  	 780  	 6  	 3 
68	 CF149HD	 0 	 11 	 600  	 840  	 8  	 4 
69	 CF142JG 	 1 	 2 	 600  	 840  	 10  	 5 
70	 CF141NY	 1 	 6 	 600  	 840  	 7  	 3 
71	 CF146EA 	 1 	 1 	 540  	 780  	 9  	 4 
72	 CF146BZ 	 0 	 1 	 540  	 780  	 10  	 5 
73	 CF144QG	 1 	 10 	 600  	 840  	 10  	 5 
74	 CF142QQ	 1 	 6 	 660  	 900  	 8  	 4 
75	 CF149HE 	 1 	 9 	 540  	 780  	 6  	 3 
76	 CF143QN	 1 	 4 	 720  	 960  	 7  	 3 
77	 CF142FA 	 1 	 6 	 660  	 900  	 9  	 4 
78	 CF145JG 	 1 	 4 	 660  	 900  	 5  	 2 
79	 CF142TG 	 1 	 7 	 660  	 900  	 6  	 3 
80	 CF145XZ 	 1 	 6 	 660  	 900  	 8  	 4 
81	 CF144UJ 	 1 	 6 	 600  	 840  	 8  	 4 
82	 CF52AU 	 1 	 4 	 720  	 960  	 7  	 3 
83	 CF146SF 	 1 	 5 	 720  	 960  	 10  	 5 
84	 CF52HF 	 1 	 4 	 600  	 840  	 7  	 3 
85	 CF51DP 	 0 	 8 	 720  	 960  	 10  	 5 
86	 CF52LS 	 1 	 6 	 600  	 840  	 7  	 3 
87	 CF142LE 	 1 	 5 	 720  	 960  	 8  	 4 
88	 CF146BW	 1 	 2 	 660  	 900  	 8  	 4 
89	 CF149BW	 1 	 2 	 660  	 900  	 6  	 3 
90	 CF244JU 	 1 	 6 	 660  	 900  	 10  	 5 
91	 CF244HZ 	 1 	 7 	 540  	 780  	 9  	 4 
92	 CF142NN	 0 	 9 	 660  	 900  	 7  	 3 
93	 CF148NQ	 0 	 23 	 600  	 840  	 7  	 3 
94	 CF145JR 	 1 	 1 	 660  	 900  	 7  	 3 
95	 CF142AH	 1 	 9 	 660  	 900  	 8  	 4 
96	 CF147BD 	 1 	 9 	 660  	 900  	 6  	 3 
97	 CF145AX 	 1 	 4 	 660  	 900  	 10  	 5 
98	 CF244EP 	 1 	 4 	 660  	 900  	 9  	 4 
99	 CF244QA	 1 	 6 	 720  	 960  	 6  	 3 
100	 CF143HR 	 1 	 9 	 720  	 960  	 5  	 2 
