100

1200
32
10
500

0	3503	2506	3337	3545	1183	2359	3235	725	2524	661	2288	1183	3294	2464	1939	3092	3866	2708	4295	3550	369	3227	3952	3385	2208	2536	2454	2006	1642	4266	1785	2302	2614	1589	2325	2844	1120	1937	2788	1183	3115	2987	3469	3172	846	1947	2383	1493	2673	2531	3217	2516	1839	3560	1511	872	2515	3543	2025	1495	1991	2373	2123	1314	2342	3523	2144	2514	2515	2635	168	3155	2606	3109	2885	2086	1755	3541	3326	1183	1134	2106	1183	3477	3497	2036	2237	1946	2189	3172	2813	1752	3494	1014	2192	751	2948	3391	1183	3392	
3503	0	1638	4399	176	3722	1639	6086	2971	2074	3859	2601	3722	3509	4939	2074	2861	4022	2481	1142	4363	3291	3218	728	2032	2675	2642	4706	4131	4755	1085	2686	1711	2761	3304	1956	5751	3615	4916	3266	3722	1111	4546	1915	2382	3197	5171	1198	4403	4285	1114	4745	2351	3276	3555	4807	2721	5263	3705	4722	3449	2195	2035	2784	2439	2201	640	3506	2251	4550	4846	3592	5479	929	1221	2907	1576	2870	2336	1724	3722	4238	2604	3722	360	1560	2538	3097	4742	2958	2834	1290	2777	2723	3451	2411	2871	1466	3490	3722	2392	
2506	1638	0	2784	1562	2293	2018	4540	1808	460	2623	2865	2293	1976	3364	598	3488	2554	3002	1941	2776	2454	1710	1704	989	2883	1022	3109	2550	3360	1929	1122	205	3171	1761	326	4229	2200	3460	1657	2293	703	2908	1021	1033	1898	3791	730	2973	2650	650	3109	734	1683	2088	3491	1635	3724	2205	3204	1929	2305	397	2926	1197	2552	1276	1881	2703	2935	3239	2527	3865	926	654	1344	597	1300	1247	842	2293	2896	2763	2293	1392	992	2664	1462	3247	1324	3507	395	1214	1444	2068	2645	2158	444	1985	2293	1176	
3337	4399	2784	0	4299	2189	4517	2732	2835	2331	2847	5075	2189	1035	1743	2556	5851	1027	5367	4333	303	3597	1317	4271	2614	5044	1762	1440	1456	2651	4350	2034	2771	5427	1797	2492	2632	2228	2458	1133	2189	3323	586	2779	2156	2545	2953	3435	2345	751	3411	567	2053	1592	1194	2998	2956	2192	1013	2029	1850	4554	2397	5024	2709	4898	3917	1247	5080	1182	1391	3212	1722	3682	3222	1515	3111	1906	2432	2864	2189	2635	4917	2189	4108	3120	4817	1433	2169	1570	5899	3110	1981	2015	2324	4886	3653	2953	1124	2189	2273	
3545	176	1562	4299	0	3707	1773	6052	2987	1983	3875	2744	3707	3391	4895	2033	3027	3891	2639	985	4252	3348	3097	568	1887	2816	2549	4655	4084	4751	931	2639	1654	2915	3265	1885	5723	3602	4901	3166	3707	987	4464	1764	2251	3199	5171	1197	4392	4211	1091	4659	2259	3223	3426	4816	2743	5230	3579	4693	3416	2321	1957	2920	2437	2345	473	3441	2402	4491	4791	3628	5421	944	1094	2797	1564	2822	2187	1579	3707	4241	2740	3707	203	1403	2671	3023	4718	2885	3001	1196	2730	2582	3442	2550	2935	1351	3367	3707	2250	
1183	3722	2293	2189	3707	0	3051	2413	941	2094	665	3275	1	2334	1403	1712	4092	2842	3654	4233	2425	1497	2346	3972	2914	3215	1846	1318	824	1067	4220	1212	2127	3624	656	2003	2053	112	1194	1858	1	2993	1806	3042	2572	605	1499	2525	686	1496	2616	2035	1958	893	2615	1232	1182	1601	2557	1051	478	2855	1996	3156	1294	3225	3532	1095	3410	1343	1499	1040	2077	2799	2946	2087	2146	1070	2973	2964	0	649	3097	1	3581	3193	3010	1359	1039	1378	4161	2679	1131	2794	293	3132	1692	2711	2445	0	2796	
2359	1639	2018	4517	1773	3051	0	5440	2119	2423	2907	983	3051	3904	4441	1982	1474	4512	997	2750	4591	2044	3671	2333	2919	1046	2891	4299	3720	3911	2698	2490	1909	1212	2916	2174	5063	2941	4156	3488	3051	2072	4449	2884	3050	2447	4270	1306	3647	4135	1442	4682	2648	3019	4060	3848	1869	4645	4153	4098	2987	569	2283	1148	1879	595	2049	3345	706	4231	4470	2498	5089	1231	2152	3278	1479	2637	3215	2667	3051	3369	966	3051	1836	2653	899	3084	4069	2949	1489	1965	2553	3459	2759	779	1614	2222	3936	3051	3176	
3235	6086	4540	2732	6052	2413	5440	0	3322	4217	2589	5520	2413	3606	1194	4019	6327	3759	5935	6443	3025	3604	3806	6243	4876	5443	3763	1496	1997	1596	6440	3422	4411	5848	2788	4219	392	2525	1301	3380	2413	5233	2169	5033	4438	3006	1396	4901	1794	2197	4972	2175	3993	2861	3843	1816	3577	823	3685	1370	2637	5179	4175	5357	3698	5543	5815	2735	5722	1740	1432	3068	1030	5178	5164	3780	4517	3241	4812	5027	2413	2109	5339	2413	5906	5284	5266	3187	1376	3296	6407	4934	3330	4477	2704	5414	3942	4900	3722	2413	4628	
725	2971	1808	2835	2987	941	2119	3322	0	1801	889	2357	941	2646	2343	1226	3170	3240	2722	3660	3011	819	2550	3342	2663	2304	1827	2239	1692	1831	3636	1080	1607	2709	1038	1607	2948	834	2048	2138	941	2449	2582	2751	2448	343	2225	1793	1534	2256	1922	2820	1794	1256	2901	1841	262	2525	2902	1981	1015	1917	1652	2257	611	2286	2904	1593	2472	2222	2417	722	3013	2046	2432	2191	1454	1078	2816	2614	941	1293	2182	941	2894	2795	2091	1589	1950	1520	3235	2139	1059	2777	656	2203	822	2252	2734	941	2668	
2524	2074	460	2331	1983	2094	2423	4217	1801	0	2523	3216	2094	1520	3028	623	3880	2107	3390	2226	2317	2540	1262	2051	864	3224	569	2754	2220	3149	2224	881	514	3537	1494	263	3927	2014	3210	1201	2094	1044	2483	966	704	1806	3581	1171	2750	2241	1107	2676	278	1363	1646	3321	1686	3414	1755	2916	1675	2654	167	3253	1229	2929	1647	1504	3089	2560	2871	2516	3487	1383	961	887	949	1033	1028	870	2094	2729	3100	2094	1801	1103	2998	1062	2974	934	3905	788	964	1099	1911	2999	2309	689	1535	2094	901	
661	3859	2623	2847	3875	665	2907	2589	889	2523	0	2933	665	2977	1811	2025	3743	3501	3346	4522	3088	1027	2966	4217	3379	2858	2386	1825	1435	1011	4501	1671	2432	3265	1254	2377	2200	655	1288	2489	665	3295	2434	3490	3088	726	1366	2679	832	2137	2804	2655	2443	1510	3256	960	1141	1855	3207	1366	1104	2598	2397	2777	1462	2959	3777	1750	3136	1915	2003	493	2502	2934	3268	2675	2331	1576	3481	3381	665	480	2751	665	3778	3586	2677	1963	1285	1956	3821	2980	1609	3354	656	2825	1355	3063	3085	665	3314	
2288	2601	2865	5075	2744	3275	983	5520	2357	3216	2933	0	3275	4609	4668	2679	817	5229	441	3726	5196	1919	4409	3308	3819	108	3607	4590	4049	3930	3673	3062	2720	354	3334	2955	5130	3175	4221	4148	3275	3026	4905	3803	3890	2698	4221	2206	3753	4581	2362	5144	3403	3498	4800	3779	2164	4781	4868	4263	3353	563	3060	245	2368	400	3032	3842	407	4578	4770	2453	5350	2183	3097	4010	2279	3172	4102	3589	3275	3413	182	3275	2817	3601	266	3674	4202	3554	890	2883	3103	4299	3004	221	1595	3134	4660	3275	4041	
1183	3722	2293	2189	3707	1	3051	2413	941	2094	665	3275	0	2334	1403	1712	4091	2843	3654	4234	2426	1496	2347	3972	2914	3215	1847	1318	825	1066	4220	1213	2127	3623	656	2003	2053	112	1194	1859	0	2994	1806	3042	2572	604	1498	2525	686	1497	2616	2035	1958	894	2616	1231	1182	1601	2557	1051	479	2855	1996	3156	1294	3224	3532	1096	3409	1343	1499	1039	2077	2799	2947	2088	2146	1071	2973	2964	1	648	3097	0	3581	3193	3010	1360	1039	1379	4160	2679	1131	2795	293	3132	1692	2711	2446	1	2797	
3294	3509	1976	1035	3391	2334	3904	3606	2646	1520	2977	4609	2334	0	2481	1938	5328	621	4836	3328	891	3464	299	3299	1608	4599	1014	2156	1885	3126	3349	1610	2022	4948	1732	1743	3433	2323	3027	508	2334	2404	1469	1770	1165	2449	3506	2689	2748	1413	2626	1558	1265	1474	283	3425	2676	2940	262	2617	1873	4056	1635	4605	2306	4367	2976	1243	4538	1890	2181	3210	2655	2902	2297	634	2429	1570	1404	1879	2334	2930	4471	2334	3192	2126	4368	1059	2735	1129	5362	2238	1604	981	2341	4402	3395	2043	121	2334	1252	
2464	4939	3364	1743	4895	1403	4441	1194	2343	3028	1811	4668	1403	2481	0	2865	5484	2730	5054	5253	2046	2819	2654	5063	3683	4603	2569	325	814	1104	5252	2257	3245	5013	1637	3040	957	1509	813	2206	1403	4051	1159	3840	3248	2004	1278	3770	1002	1077	3828	1265	2800	1681	2737	1463	2579	461	2596	467	1506	4258	2992	4537	2615	4627	4639	1540	4812	594	360	2298	692	4049	3979	2597	3387	2073	3627	3833	1403	1384	4488	1403	4742	4090	4404	1993	594	2103	5556	3757	2165	3306	1689	4531	3075	3713	2601	1403	3443	
1939	2074	598	2556	2033	1712	1982	4019	1226	623	2025	2679	1712	1938	2865	0	3390	2555	2898	2526	2612	1927	1730	2261	1457	2675	928	2636	2057	2777	2510	618	416	3014	1232	390	3693	1615	2893	1506	1712	1286	2567	1532	1324	1300	3207	929	2397	2277	965	2787	736	1210	2121	2897	1080	3197	2193	2663	1384	2122	458	2692	625	2429	1822	1475	2600	2492	2781	1948	3415	1202	1248	1330	566	800	1648	1389	1712	2303	2549	1712	1889	1572	2446	1131	2695	990	3425	970	706	1707	1476	2469	1686	1039	1983	1712	1524	
3092	2861	3488	5851	3027	4092	1474	6327	3170	3880	3743	817	4091	5328	5484	3390	0	5944	492	4001	5957	2723	5110	3590	4390	886	4316	5405	4861	4733	3943	3823	3369	479	4133	3625	5936	3991	5029	4886	4091	3520	5704	4350	4521	3512	5011	2780	4566	5380	2914	5942	4091	4286	5502	4568	2970	5594	5583	5079	4160	1297	3733	972	3143	962	3398	4629	792	5390	5585	3259	6167	2689	3607	4713	2931	3945	4689	4132	4092	4222	997	4091	3146	4101	1081	4434	5016	4309	98	3435	3871	4931	3819	973	2411	3693	5370	4092	4650	
3866	4022	2554	1027	3891	2842	4512	3759	3240	2107	3501	5229	2843	621	2730	2555	5944	0	5452	3711	747	4055	846	3737	2033	5219	1628	2412	2275	3524	3739	2224	2617	5567	2283	2342	3646	2846	3379	1111	2843	2911	1597	2182	1641	3023	3871	3277	3172	1666	3202	1592	1865	2028	470	3848	3283	3187	362	2953	2405	4675	2233	5225	2924	4983	3454	1751	5153	2143	2391	3772	2749	3476	2801	1234	3035	2173	1771	2330	2842	3399	5091	2843	3690	2554	4989	1652	3084	1736	5977	2782	2212	1338	2887	5021	4004	2566	576	2842	1661	
2708	2481	3002	5367	2639	3654	997	5935	2722	3390	3346	441	3654	4836	5054	2898	492	5452	0	3623	5470	2343	4618	3207	3916	542	3824	4961	4408	4349	3567	3337	2880	308	3664	3134	5546	3551	4634	4395	3654	3062	5232	3881	4035	3065	4649	2300	4157	4909	2439	5470	3599	3810	5010	4208	2512	5184	5091	4660	3698	820	3242	670	2663	471	2981	4151	301	4935	5139	2872	5731	2224	3145	4221	2441	3462	4211	3664	3654	3826	614	3654	2741	3644	673	3947	4604	3821	532	2962	3387	4446	3376	524	1996	3219	4878	3654	4168	
4295	1142	1941	4333	985	4233	2750	6443	3660	2226	4522	3726	4234	3328	5253	2526	4001	3711	3623	0	4219	4150	3031	418	1722	3795	2716	4976	4446	5300	60	3054	2110	3900	3691	2245	6149	4139	5399	3249	4234	1240	4619	1558	2177	3807	5731	1924	4914	4416	1766	4780	2460	3585	3281	5420	3442	5637	3458	5130	3865	3286	2274	3897	3061	3328	781	3723	3387	4773	5087	4352	5691	1746	1291	2836	2213	3226	1944	1476	4233	4827	3716	4234	921	1216	3644	3273	5180	3154	3970	1556	3145	2380	4001	3529	3764	1545	3271	4233	2078	
3550	4363	2776	303	4252	2425	4591	3025	3011	2317	3088	5196	2426	891	2046	2612	5957	747	5470	4219	0	3792	1189	4185	2499	5171	1758	1742	1728	2941	4240	2135	2786	5546	1981	2504	2932	2456	2755	1124	2426	3268	889	2662	2052	2738	3251	3457	2624	1038	3417	851	2043	1756	989	3284	3111	2495	802	2326	2055	4663	2402	5157	2830	4999	3851	1420	5178	1482	1694	3432	2007	3692	3163	1456	3153	2027	2290	2767	2425	2902	5042	2426	4057	3016	4942	1523	2464	1650	6001	3078	2093	1861	2537	5001	3821	2902	956	2425	2143	
369	3291	2454	3597	3348	1497	2044	3604	819	2540	1027	1919	1496	3464	2819	1927	2723	4055	2343	4150	3792	0	3368	3788	3384	1839	2632	2794	2320	2011	4117	1892	2249	2244	1812	2316	3213	1420	2307	2956	1496	3012	3282	3452	3218	1055	2308	2226	1858	2963	2386	3516	2572	2049	3719	1868	857	2882	3719	2387	1747	1642	2380	1753	1312	1986	3370	2374	2155	2839	2976	537	3511	2425	3020	3005	1972	1897	3567	3292	1497	1503	1738	1496	3298	3440	1670	2406	2311	2339	2803	2725	1876	3566	1287	1829	437	2886	3553	1497	3431	
3227	3218	1710	1317	3097	2346	3671	3806	2550	1262	2966	4409	2347	299	2654	1730	5110	846	4618	3031	1189	3368	0	3000	1310	4404	804	2331	1997	3211	3051	1482	1772	4743	1712	1498	3611	2321	3141	495	2347	2110	1708	1473	866	2386	3607	2432	2821	1610	2359	1818	1023	1459	392	3491	2552	3108	496	2745	1872	3851	1389	4417	2155	4151	2679	1290	4319	2071	2374	3157	2882	2634	2003	400	2192	1475	1115	1580	2346	2968	4277	2347	2898	1827	4175	1005	2854	1039	5141	1955	1492	705	2316	4198	3264	1753	276	2346	958	
3952	728	1704	4271	568	3972	2333	6243	3342	2051	4217	3308	3972	3299	5063	2261	3590	3737	3207	418	4185	3788	3000	0	1706	3378	2582	4799	4250	5034	366	2826	1850	3482	3465	2024	5934	3873	5153	3157	3972	1012	4508	1555	2134	3513	5462	1569	4657	4283	1423	4684	2307	3383	3288	5134	3113	5428	3456	4907	3631	2871	2071	3480	2756	2910	441	3554	2969	4610	4920	4018	5538	1367	1090	2757	1888	3004	1973	1420	3972	4546	3299	3972	511	1184	3227	3113	4948	2984	3562	1310	2918	2399	3726	3111	3392	1363	3256	3972	2077	
3385	2032	989	2614	1887	2914	2919	4876	2663	864	3379	3819	2914	1608	3683	1457	4390	2033	3916	1722	2499	3384	1310	1706	0	3845	1124	3382	2908	3947	1742	1716	1177	4109	2282	1067	4620	2843	3975	1556	2914	950	2928	166	462	2667	4376	1619	3544	2755	1477	3076	956	2104	1581	4145	2536	4103	1751	3643	2468	3266	1011	3896	2079	3484	1432	2148	3621	3154	3470	3379	4047	1710	843	1137	1582	1844	312	308	2914	3558	3729	2914	1684	523	3631	1701	3719	1612	4399	956	1790	700	2754	3598	3122	698	1555	2914	372	
2208	2675	2883	5044	2816	3215	1046	5443	2304	3224	2858	108	3215	4599	4603	2675	886	5219	542	3795	5171	1839	4404	3378	3845	0	3600	4531	3996	3850	3743	3039	2733	410	3293	2961	5052	3117	4144	4133	3215	3067	4863	3833	3903	2644	4135	2237	3680	4538	2396	5102	3403	3462	4794	3693	2119	4708	4858	4194	3307	579	3065	137	2341	482	3092	3808	510	4525	4712	2374	5288	2227	3136	4004	2293	3145	4124	3621	3215	3337	128	3215	2883	3640	230	3651	4131	3533	964	2915	3077	4311	2948	267	1528	3164	4652	3215	4058	
2536	2642	1022	1762	2549	1846	2891	3763	1827	569	2386	3607	1847	1014	2569	928	4316	1628	3824	2716	1758	2632	804	2582	1124	3600	0	2276	1785	2847	2722	751	1029	3942	1194	747	3499	1790	2857	636	1847	1591	1929	1275	730	1725	3272	1701	2442	1704	1659	2114	291	992	1194	3068	1792	2982	1267	2520	1379	3050	644	3613	1371	3355	2194	1029	3525	2061	2376	2490	2975	1933	1499	405	1420	811	1132	1266	1846	2495	3473	1847	2363	1526	3371	579	2598	491	4349	1354	791	970	1734	3397	2489	1224	1055	1846	952	
2454	4706	3109	1440	4655	1318	4299	1496	2239	2754	1825	4590	1318	2156	325	2636	5405	2412	4961	4976	1742	2794	2331	4799	3382	4531	2276	0	588	1284	4976	2020	3001	4939	1426	2784	1280	1415	1040	1889	1318	3787	862	3541	2942	1896	1530	3554	1082	753	3600	1000	2517	1431	2412	1646	2458	785	2272	626	1320	4154	2729	4474	2441	4522	4381	1253	4708	270	182	2295	794	3831	3712	2285	3173	1837	3317	3542	1318	1450	4412	1318	4496	3801	4324	1705	769	1822	5472	3499	1930	2988	1586	4441	3010	3442	2276	1318	3133	
2006	4131	2550	1456	4084	824	3720	1997	1692	2220	1435	4049	825	1885	814	2057	4861	2275	4408	4446	1728	2320	1997	4250	2908	3996	1785	588	0	1251	4443	1445	2432	4401	839	2227	1715	902	1145	1514	825	3239	1000	3061	2489	1352	1620	2970	901	715	3021	1221	2001	867	2163	1574	1897	1199	2057	754	735	3595	2180	3945	1856	3962	3826	764	4149	530	751	1858	1381	3248	3168	1868	2589	1262	2879	3040	824	1179	3874	825	3930	3295	3783	1207	857	1306	4925	2944	1354	2595	1055	3892	2489	2903	2006	824	2694	
1642	4755	3360	2651	4751	1067	3911	1596	1831	3149	1011	3930	1066	3126	1104	2777	4733	3524	4349	5300	2941	2011	3211	5034	3947	3850	2847	1284	1251	0	5286	2271	3192	4255	1666	3068	1204	1162	331	2718	1066	4060	2110	4083	3577	1561	433	3559	404	1903	3661	2277	2993	1855	3407	362	2092	950	3306	661	1480	3609	3058	3762	2316	3969	4594	1926	4145	1496	1420	1477	1726	3827	4013	3024	3187	2117	3978	4017	1067	543	3748	1066	4633	4251	3677	2304	519	2358	4814	3745	2185	3752	1311	3830	2364	3776	3246	1067	3797	
4266	1085	1929	4350	931	4220	2698	6440	3636	2224	4501	3673	4220	3349	5252	2510	3943	3739	3567	60	4240	4117	3051	366	1742	3743	2722	4976	4443	5286	0	3045	2094	3845	3683	2236	6143	4124	5388	3261	4220	1227	4629	1579	2195	3787	5716	1891	4901	4423	1735	4792	2462	3581	3306	5402	3416	5633	3483	5123	3855	3237	2268	3846	3039	3275	746	3724	3333	4775	5089	4325	5696	1707	1282	2849	2186	3219	1971	1489	4220	4810	3664	4220	873	1231	3593	3275	5172	3154	3912	1541	3136	2406	3985	3477	3728	1541	3294	4220	2101	
1785	2686	1122	2034	2639	1212	2490	3422	1080	881	1671	3062	1213	1610	2257	618	3823	2224	3337	3054	2135	1892	1482	2826	1716	3039	751	2020	1445	2271	3045	0	989	3411	639	809	3108	1133	2347	1115	1213	1823	1978	1836	1419	982	2703	1544	1874	1677	1581	2205	771	593	1847	2440	1071	2604	1871	2082	811	2528	788	3032	705	2867	2394	873	3048	1874	2163	1741	2798	1819	1764	1113	1171	184	1810	1752	1212	1848	2911	1213	2486	1981	2810	612	2127	496	3869	1516	92	1714	1038	2866	1786	1514	1686	1212	1645	
2302	1711	205	2771	1654	2127	1909	4411	1607	514	2432	2720	2127	2022	3245	416	3369	2617	2880	2110	2786	2249	1772	1850	1177	2733	1029	3001	2432	3192	2094	989	0	3035	1623	282	4092	2030	3304	1661	2127	870	2854	1219	1170	1709	3622	672	2810	2582	642	3063	757	1570	2158	3312	1431	3591	2262	3063	1784	2158	388	2770	996	2422	1413	1796	2580	2840	3138	2326	3769	911	836	1388	442	1172	1420	1046	2127	2719	2611	2127	1498	1196	2510	1399	3100	1258	3393	554	1081	1579	1891	2502	1956	646	2043	2127	1333	
2614	2761	3171	5427	2915	3624	1212	5848	2709	3537	3265	354	3623	4948	5013	3014	479	5567	308	3900	5546	2244	4743	3482	4109	410	3942	4939	4401	4255	3845	3411	3035	0	3689	3277	5457	3525	4550	4492	3623	3284	5260	4084	4201	3050	4534	2490	4089	4935	2639	5499	3731	3851	5134	4091	2518	5117	5206	4604	3707	892	3384	495	2719	626	3239	4196	517	4931	5120	2780	5697	2441	3362	4344	2593	3523	4398	3868	3624	3744	527	3623	3007	3864	619	4023	4540	3902	562	3162	3453	4611	3355	547	1938	3417	4997	3624	4344	
1589	3304	1761	1797	3265	656	2916	2788	1038	1494	1254	3334	656	1732	1637	1232	4133	2283	3664	3691	1981	1812	1712	3465	2282	3293	1194	1426	839	1666	3683	639	1623	3689	0	1447	2470	614	1717	1236	656	2462	1571	2417	1923	758	2096	2134	1263	1247	2191	1810	1327	258	2008	1874	1177	1968	1971	1443	186	2845	1420	3260	1038	3205	3033	562	3392	1321	1584	1490	2217	2412	2402	1435	1752	465	2324	2356	656	1302	3167	656	3118	2596	3071	712	1489	723	4190	2155	548	2139	610	3160	1858	2148	1836	656	2146	
2325	1956	326	2492	1885	2003	2174	4219	1607	263	2377	2955	2003	1743	3040	390	3625	2342	3134	2245	2504	2316	1498	2024	1067	2961	747	2784	2227	3068	2236	809	282	3277	1447	0	3912	1914	3155	1379	2003	1016	2593	1145	963	1652	3501	954	2676	2329	918	2797	478	1360	1886	3216	1469	3405	1985	2889	1620	2392	109	2990	1013	2672	1599	1556	2834	2609	2913	2328	3540	1190	954	1110	696	983	1265	1010	2003	2620	2837	2003	1717	1210	2736	1142	2936	1002	3652	717	900	1362	1793	2738	2067	708	1767	2003	1151	
2844	5751	4229	2632	5723	2053	5063	392	2948	3927	2200	5130	2053	3433	957	3693	5936	3646	5546	6149	2932	3213	3611	5934	4620	5052	3499	1280	1715	1204	6143	3108	4092	5457	2470	3912	0	2164	914	3162	2053	4928	2050	4774	4193	2638	1020	4560	1416	2022	4637	2098	3714	2564	3684	1430	3206	517	3537	1030	2309	4793	3875	4966	3345	5157	5502	2472	5335	1544	1260	2678	1037	4837	4863	3549	4177	2930	4576	4755	2053	1720	4949	2053	5583	5009	4876	2920	1014	3021	6016	4624	3016	4262	2342	5025	3554	4603	3552	2053	4391	
1120	3615	2200	2228	3602	112	2941	2525	834	2014	655	3175	112	2323	1509	1615	3991	2846	3551	4139	2456	1420	2321	3873	2843	3117	1790	1415	902	1162	4124	1133	2030	3525	614	1914	2164	0	1301	1839	112	2898	1868	2968	2512	495	1592	2417	790	1553	2511	2100	1889	863	2603	1307	1072	1713	2552	1163	451	2750	1911	3060	1185	3119	3433	1095	3305	1427	1595	985	2180	2691	2854	2048	2040	1000	2911	2884	112	716	2998	112	3478	3110	2910	1325	1151	1333	4060	2583	1055	2747	182	3030	1597	2621	2432	112	2737	
1937	4916	3460	2458	4901	1194	4156	1301	2048	3210	1288	4221	1194	3027	813	2893	5029	3379	4634	5399	2755	2307	3141	5153	3975	4144	2857	1040	1145	331	5388	2347	3304	4550	1717	3155	914	1301	0	2655	1194	4163	1895	4117	3582	1751	496	3719	518	1724	3810	2040	3031	1871	3303	664	2308	619	3188	429	1537	3880	3134	4060	2484	4243	4715	1880	4422	1279	1153	1770	1404	3992	4108	2992	3340	2180	3980	4068	1194	808	4039	1194	4772	4311	3965	2293	295	2366	5108	3851	2258	3722	1470	4113	2641	3861	3149	1194	3796	
2788	3266	1657	1133	3166	1858	3488	3380	2138	1201	2489	4148	1859	508	2206	1506	4886	1111	4395	3249	1124	2956	495	3157	1556	4133	636	1889	1514	2718	3261	1115	1661	4492	1236	1379	3162	1839	2655	0	1859	2193	1373	1721	1096	1942	3116	2332	2326	1208	2294	1531	924	979	774	2996	2173	2652	764	2266	1388	3601	1278	4133	1817	3924	2791	795	4099	1639	1952	2706	2501	2568	2094	419	2034	1064	1443	1774	1858	2474	4004	1859	2977	2035	3902	551	2370	625	4924	1977	1101	1100	1845	3945	2893	1824	604	1858	1263	
1183	3722	2293	2189	3707	1	3051	2413	941	2094	665	3275	0	2334	1403	1712	4091	2843	3654	4234	2426	1496	2347	3972	2914	3215	1847	1318	825	1066	4220	1213	2127	3623	656	2003	2053	112	1194	1859	0	2994	1806	3042	2572	604	1498	2525	686	1497	2616	2035	1958	894	2616	1231	1182	1601	2557	1051	479	2855	1996	3156	1294	3224	3532	1096	3409	1343	1499	1039	2077	2799	2947	2088	2146	1071	2973	2964	1	648	3097	0	3581	3193	3010	1360	1039	1379	4160	2679	1131	2795	293	3132	1692	2711	2446	1	2797	
3115	1111	703	3323	987	2993	2072	5233	2449	1044	3295	3026	2994	2404	4051	1286	3520	2911	3062	1240	3268	3012	2110	1012	950	3067	1591	3787	3239	4060	1227	1823	870	3284	2462	1016	4928	2898	4163	2193	2994	0	3520	863	1271	2575	4491	866	3675	3284	693	3705	1309	2372	2444	4183	2247	4420	2594	3904	2632	2497	1059	3139	1841	2661	603	2544	2778	3601	3910	3156	4529	844	110	1814	1040	1999	1262	650	2993	3589	2962	2994	790	582	2871	2106	3949	1976	3519	316	1914	1623	2762	2807	2664	370	2381	2993	1294	
2987	4546	2908	586	4464	1806	4449	2169	2582	2483	2434	4905	1806	1469	1159	2567	5704	1597	5232	4619	889	3282	1708	4508	2928	4863	1929	862	1000	2110	4629	1978	2854	5260	1571	2593	2050	1868	1895	1373	1806	3520	0	3094	2467	2260	2388	3488	1837	326	3493	239	2212	1431	1685	2465	2745	1606	1520	1470	1566	4413	2511	4828	2581	4771	4123	1107	4956	617	805	2846	1187	3752	3428	1792	3133	1816	2795	3144	1806	2160	4738	1806	4285	3406	4642	1454	1612	1597	5760	3270	1905	2409	1996	4731	3402	3153	1579	1806	2621	
3469	1915	1021	2779	1764	3042	2884	5033	2751	966	3490	3803	3042	1770	3840	1532	4350	2182	3881	1558	2662	3452	1473	1555	166	3833	1275	3541	3061	4083	1579	1836	1219	4084	2417	1145	4774	2968	4117	1721	3042	863	3094	0	628	2772	4513	1597	3680	2918	1445	3242	1090	2247	1736	4273	2612	4257	1909	3792	2602	3254	1102	3890	2158	3458	1301	2302	3589	3314	3631	3471	4210	1661	761	1302	1600	1972	426	218	3042	3684	3719	3042	1561	373	3623	1854	3865	1760	4355	921	1913	845	2873	3582	3175	669	1716	3042	525	
3172	2382	1033	2156	2251	2572	3050	4438	2448	704	3088	3890	2572	1165	3248	1324	4521	1641	4035	2177	2052	3218	866	2134	462	3903	730	2942	2489	3577	2195	1419	1170	4201	1923	963	4193	2512	3582	1096	2572	1271	2467	628	0	2399	4001	1751	3173	2299	1641	2614	656	1722	1175	3797	2361	3677	1332	3233	2108	3328	871	3939	1909	3584	1821	1725	3736	2708	3024	3145	3592	1904	1161	677	1611	1517	402	715	2572	3221	3781	2572	2050	965	3681	1290	3317	1219	4539	1168	1479	410	2443	3671	3007	934	1125	2572	226	
846	3197	1898	2545	3199	605	2447	3006	343	1806	726	2698	604	2449	2004	1300	3512	3023	3065	3807	2738	1055	2386	3513	2667	2644	1725	1896	1352	1561	3787	982	1709	3050	758	1652	2638	495	1751	1942	604	2575	2260	2772	2399	0	1974	2003	1233	1936	2114	2498	1746	1000	2715	1622	578	2201	2698	1652	700	2259	1675	2594	762	2628	3072	1320	2814	1882	2075	772	2670	2268	2545	2054	1638	923	2785	2658	605	1042	2522	604	3089	2861	2432	1392	1631	1348	3578	2259	934	2693	314	2546	1144	2338	2545	605	2624	
1947	5171	3791	2953	5171	1499	4270	1396	2225	3581	1366	4221	1498	3506	1278	3207	5011	3871	4649	5731	3251	2308	3607	5462	4376	4135	3272	1530	1620	433	5716	2703	3622	4534	2096	3501	1020	1592	496	3116	1498	4491	2388	4513	4001	1974	0	3976	833	2219	4083	2527	3423	2280	3783	443	2485	968	3673	925	1911	3937	3491	4039	2734	4289	5021	2330	4461	1774	1631	1791	1789	4242	4445	3436	3608	2549	4402	4449	1499	935	4040	1498	5056	4684	3976	2722	788	2782	5096	4175	2618	4166	1736	4136	2691	4209	3627	1499	4220	
2383	1198	730	3435	1197	2525	1306	4901	1793	1171	2679	2206	2525	2689	3770	929	2780	3277	2300	1924	3457	2226	2432	1569	1619	2237	1701	3554	2970	3559	1891	1544	672	2490	2134	954	4560	2417	3719	2332	2525	866	3488	1597	1751	2003	3976	0	3206	3203	174	3704	1427	2136	2814	3619	1554	4077	2925	3533	2269	1660	1059	2298	1243	1865	1145	2403	2004	3418	3703	2452	4338	279	916	2055	384	1725	1911	1384	2525	3045	2125	2525	1102	1414	2031	2039	3549	1896	2794	678	1630	2159	2253	1985	1845	928	2705	2525	1871	
1493	4403	2973	2345	4392	686	3647	1794	1534	2750	832	3753	686	2748	1002	2397	4566	3172	4157	4914	2624	1858	2821	4657	3544	3680	2442	1082	901	404	4901	1874	2810	4089	1263	2676	1416	790	518	2326	686	3675	1837	3680	3173	1233	833	3206	0	1594	3300	2027	2590	1451	3030	678	1793	1028	2938	541	1078	3389	2663	3603	1968	3755	4218	1532	3936	1242	1247	1325	1685	3478	3625	2624	2829	1717	3574	3616	686	382	3571	686	4267	3853	3493	1902	453	1954	4642	3361	1788	3351	954	3634	2162	3384	2867	686	3393	
2673	4285	2650	751	4211	1496	4135	2197	2256	2241	2137	4581	1497	1413	1077	2277	5380	1666	4909	4416	1038	2963	1610	4283	2755	4538	1704	753	715	1903	4423	1677	2582	4935	1247	2329	2022	1553	1724	1208	1497	3284	326	2918	2299	1936	2219	3203	1594	0	3216	565	1977	1116	1663	2247	2419	1538	1519	1295	1241	4090	2254	4502	2263	4449	3887	804	4635	483	768	2535	1294	3471	3196	1624	2841	1510	2651	2950	1496	1893	4413	1497	4036	3212	4317	1188	1431	1327	5437	3022	1600	2292	1676	4407	3077	2921	1531	1496	2471	
2531	1114	650	3411	1091	2616	1442	4972	1922	1107	2804	2362	2616	2626	3828	965	2914	3202	2439	1766	3417	2386	2359	1423	1477	2396	1659	3600	3021	3661	1735	1581	642	2639	2191	918	4637	2511	3810	2294	2616	693	3493	1445	1641	2114	4083	174	3300	3216	0	3703	1376	2173	2735	3735	1690	4149	2855	3608	2335	1821	1016	2461	1352	2013	991	2423	2145	3454	3745	2595	4379	276	747	1994	475	1764	1775	1229	2616	3155	2286	2616	975	1247	2193	2039	3630	1896	2924	524	1671	2045	2351	2141	2011	780	2635	2616	1746	
3217	4745	3109	567	4659	2035	4682	2175	2820	2676	2655	5144	2035	1558	1265	2787	5942	1592	5470	4780	851	3516	1818	4684	3076	5102	2114	1000	1221	2277	4792	2205	3063	5499	1810	2797	2098	2100	2040	1531	2035	3705	239	3242	2614	2498	2527	3704	2027	565	3703	0	2401	1666	1746	2636	2984	1690	1570	1624	1805	4650	2712	5067	2817	5008	4307	1337	5193	787	905	3074	1157	3966	3610	1945	3353	2047	2924	3304	2035	2363	4977	2035	4476	3565	4881	1666	1767	1809	5998	3464	2134	2524	2231	4969	3640	3336	1659	2035	2755	
2516	2351	734	2053	2259	1958	2648	3993	1794	278	2443	3403	1958	1265	2800	736	4091	1865	3599	2460	2043	2572	1023	2307	956	3403	291	2517	2001	2993	2462	771	757	3731	1327	478	3714	1889	3031	924	1958	1309	2212	1090	656	1746	3423	1427	2590	1977	1376	2401	0	1163	1413	3190	1717	3199	1508	2716	1513	2842	370	3424	1271	3133	1912	1264	3299	2313	2627	2489	3235	1651	1220	632	1169	889	1040	1042	1958	2603	3277	1958	2075	1294	3175	813	2784	697	4120	1064	839	996	1806	3189	2384	945	1290	1958	879	
1839	3276	1683	1592	3223	893	3019	2861	1256	1363	1510	3498	894	1474	1681	1210	4286	2028	3810	3585	1756	2049	1459	3383	2104	3462	992	1431	867	1855	3581	593	1570	3851	258	1360	2564	863	1871	979	894	2372	1431	2247	1722	1000	2280	2136	1451	1116	2173	1666	1163	0	1750	2088	1364	2052	1713	1555	415	2991	1314	3437	1151	3345	2959	346	3530	1282	1571	1744	2205	2412	2303	1196	1761	412	2123	2205	893	1531	3335	894	3066	2453	3237	466	1620	503	4339	2076	506	1911	868	3316	2066	2040	1579	893	1941	
3560	3555	2088	1194	3426	2615	4060	3843	2901	1646	3256	4800	2616	283	2737	2121	5502	470	5010	3281	989	3719	392	3288	1581	4794	1194	2412	2163	3407	3306	1847	2158	5134	2008	1886	3684	2603	3303	774	2616	2444	1685	1736	1175	2715	3783	2814	3030	1663	2735	1746	1413	1750	0	3707	2917	3198	187	2890	2153	4243	1777	4806	2532	4543	2993	1526	4710	2143	2426	3480	2872	3009	2335	791	2581	1823	1337	1873	2615	3213	4667	2616	3225	2104	4565	1323	3010	1381	5532	2312	1849	901	2617	4589	3634	2097	171	2615	1211	
1511	4807	3491	2998	4816	1232	3848	1816	1841	3321	960	3779	1231	3425	1463	2897	4568	3848	4208	5420	3284	1868	3491	5134	4145	3693	3068	1646	1574	362	5402	2440	3312	4091	1874	3216	1430	1307	664	2996	1231	4183	2465	4273	3797	1622	443	3619	678	2247	3735	2636	3190	2088	3707	0	2098	1267	3616	1023	1689	3502	3217	3597	2384	3852	4693	2201	4023	1853	1782	1357	2067	3880	4144	3277	3260	2302	4199	4192	1232	595	3598	1231	4711	4416	3535	2549	881	2589	4653	3866	2361	3999	1424	3696	2258	3920	3544	1232	4020	
872	2721	1635	2956	2743	1182	1869	3577	262	1686	1141	2164	1182	2676	2579	1080	2970	3283	2512	3442	3111	857	2552	3113	2536	2119	1792	2458	1897	2092	3416	1071	1431	2518	1177	1469	3206	1072	2308	2173	1182	2247	2745	2612	2361	578	2485	1554	1793	2419	1690	2984	1717	1364	2917	2098	0	2777	2935	2229	1189	1698	1528	2084	457	2066	2678	1709	2252	2423	2635	911	3240	1799	2239	2176	1230	1113	2712	2461	1182	1554	1994	1182	2656	2626	1900	1637	2203	1548	3032	1943	1072	2712	891	1999	721	2076	2755	1182	2575	
2515	5263	3724	2192	5230	1601	4645	823	2525	3414	1855	4781	1601	2940	461	3197	5594	3187	5184	5637	2495	2882	3108	5428	4103	4708	2982	785	1199	950	5633	2604	3591	5117	1968	3405	517	1713	619	2652	1601	4420	1606	4257	3677	2201	968	4077	1028	1538	4149	1690	3199	2052	3198	1267	2777	0	3056	551	1814	4410	3365	4631	2879	4777	4998	1955	4959	1055	801	2347	821	4355	4354	3036	3694	2424	4061	4239	1601	1383	4599	1601	5085	4493	4521	2404	580	2505	5670	4119	2512	3751	1894	4661	3189	4092	3060	1601	3876	
3543	3705	2205	1013	3579	2557	4153	3685	2902	1755	3207	4868	2557	262	2596	2193	5583	362	5091	3458	802	3719	496	3456	1751	4858	1267	2272	2057	3306	3483	1871	2262	5206	1971	1985	3537	2552	3188	764	2557	2594	1520	1909	1332	2698	3673	2925	2938	1519	2855	1570	1508	1713	187	3616	2935	3056	0	2769	2105	4313	1877	4865	2568	4622	3153	1462	4792	2001	2277	3455	2705	3130	2486	876	2676	1828	1515	2038	2557	3138	4730	2557	3379	2274	4628	1313	2893	1388	5616	2448	1863	1080	2579	4659	3655	2241	220	2557	1384	
2025	4722	3204	2029	4693	1051	4098	1370	1981	2916	1366	4263	1051	2617	467	2663	5079	2953	4660	5130	2326	2387	2745	4907	3643	4194	2520	626	754	661	5123	2082	3063	4604	1443	2889	1030	1163	429	2266	1051	3904	1470	3792	3233	1652	925	3533	541	1295	3608	1624	2716	1555	2890	1023	2229	551	2769	0	1279	3877	2856	4122	2328	4245	4474	1512	4428	853	760	1858	1144	3811	3842	2621	3150	1905	3627	3758	1051	922	4082	1051	4553	4008	4002	1945	144	2032	5153	3598	1990	3348	1344	4136	2668	3585	2739	1051	3442	
1495	3449	1929	1850	3416	478	2987	2637	1015	1675	1104	3353	479	1873	1506	1384	4160	2405	3698	3865	2055	1747	1872	3631	2468	3307	1379	1320	735	1480	3855	811	1784	3707	186	1620	2309	451	1537	1388	479	2632	1566	2602	2108	700	1911	2269	1078	1241	2335	1805	1513	415	2153	1689	1189	1814	2105	1279	0	2881	1596	3266	1122	3246	3196	657	3432	1246	1486	1382	2114	2548	2574	1609	1885	643	2510	2540	478	1121	3182	479	3274	2778	3088	881	1317	903	4220	2323	720	2319	486	3187	1836	2324	1982	478	2331	
1991	2195	2305	4554	2321	2855	569	5179	1917	2654	2598	563	2855	4056	4258	2122	1297	4675	820	3286	4663	1642	3851	2871	3266	579	3050	4154	3595	3609	3237	2528	2158	892	2845	2392	4793	2750	3880	3601	2855	2497	4413	3254	3328	2259	3937	1660	3389	4090	1821	4650	2842	2991	4243	3502	1698	4410	4313	3877	2881	0	2498	641	1846	369	2558	3332	555	4121	4331	2146	4930	1663	2564	3452	1717	2648	3545	3042	2855	3075	466	2855	2366	3067	374	3140	3830	3016	1348	2337	2574	3737	2573	347	1247	2586	4104	2855	3481	
2373	2035	397	2397	1957	1996	2283	4175	1652	167	2397	3060	1996	1635	2992	458	3733	2233	3242	2274	2402	2380	1389	2071	1011	3065	644	2729	2180	3058	2268	788	388	3384	1420	109	3875	1911	3134	1278	1996	1059	2511	1102	871	1675	3491	1059	2663	2254	1016	2712	370	1314	1777	3217	1528	3365	1877	2856	1596	2498	0	3093	1070	2779	1652	1492	2942	2548	2854	2370	3478	1290	989	1002	805	954	1191	984	1996	2622	2941	1996	1784	1200	2839	1066	2908	929	3760	773	877	1265	1798	2844	2144	729	1658	1996	1067	
2123	2784	2926	5024	2920	3156	1148	5357	2257	3253	2777	245	3156	4605	4537	2692	972	5225	670	3897	5157	1753	4417	3480	3896	137	3613	4474	3945	3762	3846	3032	2770	495	3260	2990	4966	3060	4060	4133	3156	3139	4828	3890	3939	2594	4039	2298	3603	4502	2461	5067	3424	3437	4806	3597	2084	4631	4865	4122	3266	641	3093	0	2329	605	3185	3783	646	4475	4655	2290	5224	2303	3204	4018	2332	3130	4171	3679	3156	3255	182	3156	2982	3707	268	3642	4055	3527	1057	2975	3066	4346	2894	375	1465	3222	4661	3156	4100	
1314	2439	1197	2709	2437	1294	1879	3698	611	1229	1462	2368	1294	2306	2615	625	3143	2924	2663	3061	2830	1312	2155	2756	2079	2341	1371	2441	1856	2316	3039	705	996	2719	1038	1013	3345	1185	2484	1817	1294	1841	2581	2158	1909	762	2734	1243	1968	2263	1352	2817	1271	1151	2532	2384	457	2879	2568	2328	1122	1846	1070	2329	0	2196	2316	1489	2381	2357	2607	1330	3235	1512	1822	1767	876	804	2256	2012	1294	1804	2213	1294	2327	2186	2112	1313	2330	1201	3194	1530	737	2267	1014	2178	1119	1641	2376	1294	2120	
2342	2201	2552	4898	2345	3225	595	5543	2286	2929	2959	400	3224	4367	4627	2429	962	4983	471	3328	4999	1986	4151	2910	3484	482	3355	4522	3962	3969	3275	2867	2422	626	3205	2672	5157	3119	4243	3924	3224	2661	4771	3458	3584	2628	4289	1865	3755	4449	2013	5008	3133	3345	4543	3852	2066	4777	4622	4245	3246	369	2779	605	2196	0	2640	3685	187	4487	4700	2500	5299	1817	2737	3753	1982	2994	3774	3242	3225	3438	441	3224	2421	3240	420	3476	4197	3349	1003	2537	2917	3995	2942	240	1605	2792	4410	3225	3724	
3523	640	1276	3917	473	3532	2049	5815	2904	1647	3777	3032	3532	2976	4639	1822	3398	3454	2981	781	3851	3370	2679	441	1432	3092	2194	4381	3826	4594	746	2394	1413	3239	3033	1599	5502	3433	4715	2791	3532	603	4123	1301	1821	3072	5021	1145	4218	3887	991	4307	1912	2959	2993	4693	2678	4998	3153	4474	3196	2558	1652	3185	2316	2640	0	3142	2722	4199	4506	3585	5128	968	697	2404	1450	2574	1727	1127	3532	4105	3003	3532	281	936	2924	2707	4513	2575	3380	882	2487	2131	3285	2825	2983	971	2944	3532	1801	
2144	3506	1881	1247	3441	1095	3345	2735	1593	1504	1750	3842	1096	1243	1540	1475	4629	1751	4151	3723	1420	2374	1290	3554	2148	3808	1029	1253	764	1926	3724	873	1796	4196	562	1556	2472	1095	1880	795	1096	2544	1107	2302	1725	1320	2330	2403	1532	804	2423	1337	1264	346	1526	2201	1709	1955	1462	1512	657	3332	1492	3783	1489	3685	3142	0	3869	1057	1367	2037	1986	2673	2465	1112	2038	710	2116	2293	1095	1688	3680	1096	3273	2550	3582	453	1604	570	4681	2265	799	1842	1143	3659	2408	2193	1358	1095	1931	
2514	2251	2703	5080	2402	3410	706	5722	2472	3089	3136	407	3409	4538	4812	2600	792	5153	301	3387	5178	2155	4319	2969	3621	510	3525	4708	4149	4145	3333	3048	2580	517	3392	2834	5335	3305	4422	4099	3409	2778	4956	3589	3736	2814	4461	2004	3936	4635	2145	5193	3299	3530	4710	4023	2252	4959	4792	4428	3432	555	2942	646	2381	187	2722	3869	0	4674	4886	2673	5484	1937	2858	3922	2140	3176	3915	3372	3410	3615	516	3409	2492	3359	530	3657	4379	3529	825	2669	3099	4146	3127	345	1781	2926	4579	3410	3870	
2515	4550	2935	1182	4491	1343	4231	1740	2222	2560	1915	4578	1343	1890	594	2492	5390	2143	4935	4773	1482	2839	2071	4610	3154	4525	2061	270	530	1496	4775	1874	2840	4931	1321	2609	1544	1427	1279	1639	1343	3601	617	3314	2708	1882	1774	3418	1242	483	3454	787	2313	1282	2143	1853	2423	1055	2001	853	1246	4121	2548	4475	2357	4487	4199	1057	4674	0	316	2362	930	3693	3521	2043	3042	1693	3076	3325	1343	1587	4404	1343	4326	3586	4312	1500	995	1626	5454	3321	1788	2737	1584	4420	3018	3249	2009	1343	2893	
2635	4846	3239	1391	4791	1499	4470	1432	2417	2871	2003	4770	1499	2181	360	2781	5585	2391	5139	5087	1694	2976	2374	4920	3470	4712	2376	182	751	1420	5089	2163	3138	5120	1584	2913	1260	1595	1153	1952	1499	3910	805	3631	3024	2075	1631	3703	1247	768	3745	905	2627	1571	2426	1782	2635	801	2277	760	1486	4331	2854	4655	2607	4700	4506	1367	4886	316	0	2475	635	3980	3831	2358	3324	1981	3390	3641	1499	1619	4593	1499	4629	3902	4504	1813	901	1937	5652	3627	2075	3047	1765	4620	3191	3560	2298	1499	3207	
168	3592	2527	3212	3628	1040	2498	3068	722	2516	493	2453	1039	3210	2298	1948	3259	3772	2872	4352	3432	537	3157	4018	3379	2374	2490	2295	1858	1477	4325	1741	2326	2780	1490	2328	2678	985	1770	2706	1039	3156	2846	3471	3145	772	1791	2452	1325	2535	2595	3074	2489	1744	3480	1357	911	2347	3455	1858	1382	2146	2370	2290	1330	2500	3585	2037	2673	2362	2475	0	2990	2685	3145	2826	2140	1694	3522	3336	1040	966	2271	1039	3552	3516	2200	2159	1778	2119	3339	2850	1700	3455	896	2354	901	2971	3310	1040	3368	
3155	5479	3865	1722	5421	2077	5089	1030	3013	3487	2502	5350	2077	2655	692	3415	6167	2749	5731	5691	2007	3511	2882	5538	4047	5288	2975	794	1381	1726	5696	2798	3769	5697	2217	3540	1037	2180	1404	2501	2077	4529	1187	4210	3592	2670	1789	4338	1685	1294	4379	1157	3235	2205	2872	2067	3240	821	2705	1144	2114	4930	3478	5224	3235	5299	5128	1986	5484	930	635	2990	0	4615	4448	2918	3959	2615	3943	4234	2077	2067	5171	2077	5256	4496	5086	2425	1252	2554	6237	4251	2709	3576	2357	5209	3760	4175	2765	2077	3764	
2606	929	926	3682	944	2799	1231	5178	2046	1383	2934	2183	2799	2902	4049	1202	2689	3476	2224	1746	3692	2425	2634	1367	1710	2227	1933	3831	3248	3827	1707	1819	911	2441	2412	1190	4837	2691	3992	2568	2799	844	3752	1661	1904	2268	4242	279	3478	3471	276	3966	1651	2412	3009	3880	1799	4355	3130	3811	2548	1663	1290	2303	1512	1817	968	2673	1937	3693	3980	2685	4615	0	922	2270	662	2000	2014	1443	2799	3309	2124	2799	874	1423	2036	2300	3825	2157	2694	755	1906	2303	2525	1966	2025	1013	2910	2799	1998	
3109	1221	654	3222	1094	2946	2152	5164	2432	961	3268	3097	2947	2297	3979	1248	3607	2801	3145	1291	3163	3020	2003	1090	843	3136	1499	3712	3168	4013	1282	1764	836	3362	2402	954	4863	2854	4108	2094	2947	110	3428	761	1161	2545	4445	916	3625	3196	747	3610	1220	2303	2335	4144	2239	4354	2486	3842	2574	2564	989	3204	1822	2737	697	2465	2858	3521	3831	3145	4448	922	0	1711	1052	1937	1154	546	2946	3550	3029	2947	896	504	2937	2023	3890	1895	3608	296	1854	1512	2721	2878	2681	275	2273	2946	1184	
2885	2907	1344	1515	2797	2087	3278	3780	2191	887	2675	4010	2088	634	2597	1330	4713	1234	4221	2836	1456	3005	400	2757	1137	4004	405	2285	1868	3024	2849	1113	1388	4344	1435	1110	3549	2048	2992	419	2088	1814	1792	1302	677	2054	3436	2055	2624	1624	1994	1945	632	1196	791	3277	2176	3036	876	2621	1609	3452	1002	4018	1767	3753	2404	1112	3922	2043	2358	2826	2918	2270	1711	0	1801	1132	1033	1360	2087	2727	3877	2088	2603	1620	3775	730	2716	719	4744	1624	1135	730	2019	3799	2882	1447	659	2087	850	
2086	1576	597	3111	1564	2146	1479	4517	1454	949	2331	2279	2146	2429	3387	566	2931	3035	2441	2213	3153	1972	2192	1888	1582	2293	1420	3173	2589	3187	2186	1171	442	2593	1752	696	4177	2040	3340	2034	2146	1040	3133	1600	1611	1638	3608	384	2829	2841	475	3353	1169	1761	2581	3260	1230	3694	2676	3150	1885	1717	805	2332	876	1982	1450	2038	2140	3042	3324	2140	3959	662	1052	1801	0	1350	1844	1405	2146	2679	2172	2146	1451	1504	2072	1694	3167	1552	2956	761	1256	2020	1878	2060	1630	958	2459	2146	1768	
1755	2870	1300	1906	2822	1070	2637	3241	1078	1033	1576	3172	1071	1570	2073	800	3945	2173	3462	3226	2027	1897	1475	3004	1844	3145	811	1837	1262	2117	3219	184	1172	3523	465	983	2930	1000	2180	1064	1071	1999	1816	1972	1517	923	2549	1725	1717	1510	1764	2047	889	412	1823	2302	1113	2424	1828	1905	643	2648	954	3130	804	2994	2574	710	3176	1693	1981	1694	2615	2000	1937	1132	1350	0	1914	1900	1070	1715	3016	1071	2669	2136	2916	525	1954	442	3994	1695	94	1781	927	2981	1833	1683	1656	1070	1743	
3541	2336	1247	2432	2187	2973	3215	4812	2816	1028	3481	4102	2973	1404	3627	1648	4689	1771	4211	1944	2290	3567	1115	1973	312	4124	1132	3317	2879	3978	1971	1810	1420	4398	2324	1265	4576	2911	3980	1443	2973	1262	2795	426	402	2785	4402	1911	3574	2651	1775	2924	1040	2123	1337	4199	2712	4061	1515	3627	2510	3545	1191	4171	2256	3774	1727	2116	3915	3076	3390	3522	3943	2014	1154	1033	1844	1914	0	615	2973	3621	4006	2973	1985	797	3908	1687	3713	1620	4699	1259	1873	436	2840	3882	3332	1002	1335	2973	185	
3326	1724	842	2864	1579	2964	2667	5027	2614	870	3381	3589	2964	1879	3833	1389	4132	2330	3664	1476	2767	3292	1580	1420	308	3621	1266	3542	3040	4017	1489	1752	1046	3868	2356	1010	4755	2884	4068	1774	2964	650	3144	218	715	2658	4449	1384	3616	2950	1229	3304	1042	2205	1873	4192	2461	4239	2038	3758	2540	3042	984	3679	2012	3242	1127	2293	3372	3325	3641	3336	4234	1443	546	1360	1405	1900	615	0	2964	3599	3508	2964	1376	262	3413	1840	3825	1734	4137	706	1834	1004	2779	3368	3000	458	1836	2964	673	
1183	3722	2293	2189	3707	0	3051	2413	941	2094	665	3275	1	2334	1403	1712	4092	2842	3654	4233	2425	1497	2346	3972	2914	3215	1846	1318	824	1067	4220	1212	2127	3624	656	2003	2053	112	1194	1858	1	2993	1806	3042	2572	605	1499	2525	686	1496	2616	2035	1958	893	2615	1232	1182	1601	2557	1051	478	2855	1996	3156	1294	3225	3532	1095	3410	1343	1499	1040	2077	2799	2946	2087	2146	1070	2973	2964	0	649	3097	1	3581	3193	3010	1359	1039	1378	4161	2679	1131	2794	293	3132	1692	2711	2445	0	2796	
1134	4238	2896	2635	4241	649	3369	2109	1293	2729	480	3413	648	2930	1384	2303	4222	3399	3826	4827	2902	1503	2968	4546	3558	3337	2495	1450	1179	543	4810	1848	2719	3744	1302	2620	1720	716	808	2474	648	3589	2160	3684	3221	1042	935	3045	382	1893	3155	2363	2603	1531	3213	595	1554	1383	3138	922	1121	3075	2622	3255	1804	3438	4105	1688	3615	1587	1619	966	2067	3309	3550	2727	2679	1715	3621	3599	649	0	3232	648	4129	3822	3157	1997	825	2024	4301	3272	1770	3440	829	3305	1834	3325	3045	649	3445	
2106	2604	2763	4917	2740	3097	966	5339	2182	3100	2751	182	3097	4471	4488	2549	997	5091	614	3716	5042	1738	4277	3299	3729	128	3473	4412	3874	3748	3664	2911	2611	527	3167	2837	4949	2998	4039	4004	3097	2962	4738	3719	3781	2522	4040	2125	3571	4413	2286	4977	3277	3335	4667	3598	1994	4599	4730	4082	3182	466	2941	182	2213	441	3003	3680	516	4404	4593	2271	5171	2124	3029	3877	2172	3016	4006	3508	3097	3232	0	3097	2800	3532	102	3523	4021	3405	1071	2803	2949	4189	2828	202	1414	3051	4524	3097	3938	
1183	3722	2293	2189	3707	1	3051	2413	941	2094	665	3275	0	2334	1403	1712	4091	2843	3654	4234	2426	1496	2347	3972	2914	3215	1847	1318	825	1066	4220	1213	2127	3623	656	2003	2053	112	1194	1859	0	2994	1806	3042	2572	604	1498	2525	686	1497	2616	2035	1958	894	2616	1231	1182	1601	2557	1051	479	2855	1996	3156	1294	3224	3532	1096	3409	1343	1499	1039	2077	2799	2947	2088	2146	1071	2973	2964	1	648	3097	0	3581	3193	3010	1360	1039	1379	4160	2679	1131	2795	293	3132	1692	2711	2446	1	2797	
3477	360	1392	4108	203	3581	1836	5906	2894	1801	3778	2817	3581	3192	4742	1889	3146	3690	2741	921	4057	3298	2898	511	1684	2883	2363	4496	3930	4633	873	2486	1498	3007	3118	1717	5583	3478	4772	2977	3581	790	4285	1561	2050	3089	5056	1102	4267	4036	975	4476	2075	3066	3225	4711	2656	5085	3379	4553	3274	2366	1784	2982	2327	2421	281	3273	2492	4326	4629	3552	5256	874	896	2603	1451	2669	1985	1376	3581	4129	2800	3581	0	1203	2726	2849	4582	2713	3125	1015	2578	2379	3322	2616	2895	1156	3168	3581	2048	
3497	1560	992	3120	1403	3193	2653	5284	2795	1103	3586	3601	3193	2126	4090	1572	4101	2554	3644	1216	3016	3440	1827	1184	523	3640	1526	3801	3295	4251	1231	1981	1196	3864	2596	1210	5009	3110	4311	2035	3193	582	3406	373	965	2861	4684	1414	3853	3212	1247	3565	1294	2453	2104	4416	2626	4493	2274	4008	2778	3067	1200	3707	2186	3240	936	2550	3359	3586	3902	3516	4496	1423	504	1620	1504	2136	797	262	3193	3822	3532	3193	1203	0	3440	2098	4072	1989	4100	753	2066	1217	2997	3382	3127	555	2077	3193	893	
2036	2538	2664	4817	2671	3010	899	5266	2091	2998	2677	266	3010	4368	4404	2446	1081	4989	673	3644	4942	1670	4175	3227	3631	230	3371	4324	3783	3677	3593	2810	2510	619	3071	2736	4876	2910	3965	3902	3010	2871	4642	3623	3681	2432	3976	2031	3493	4317	2193	4881	3175	3237	4565	3535	1900	4521	4628	4002	3088	374	2839	268	2112	420	2924	3582	530	4312	4504	2200	5086	2036	2937	3775	2072	2916	3908	3413	3010	3157	102	3010	2726	3440	0	3422	3942	3303	1152	2708	2848	4088	2739	187	1333	2955	4422	3010	3839	
2237	3097	1462	1433	3023	1359	3084	3187	1589	1062	1963	3674	1360	1059	1993	1131	4434	1652	3947	3273	1523	2406	1005	3113	1701	3651	579	1705	1207	2304	3275	612	1399	4023	712	1142	2920	1325	2293	551	1360	2106	1454	1854	1290	1392	2722	2039	1902	1188	2039	1666	813	466	1323	2549	1637	2404	1313	1945	881	3140	1066	3642	1313	3476	2707	453	3657	1500	1813	2159	2425	2300	2023	730	1694	525	1687	1840	1359	1997	3523	1360	2849	2098	3422	0	2027	143	4479	1836	577	1450	1312	3478	2358	1750	1154	1359	1503	
1946	4742	3247	2169	4718	1039	4069	1376	1950	2974	1285	4202	1039	2735	594	2695	5016	3084	4604	5180	2464	2311	2854	4948	3719	4131	2598	769	857	519	5172	2127	3100	4540	1489	2936	1014	1151	295	2370	1039	3949	1612	3865	3317	1631	788	3549	453	1431	3630	1767	2784	1620	3010	881	2203	580	2893	144	1317	3830	2908	4055	2330	4197	4513	1604	4379	995	901	1778	1252	3825	3890	2716	3167	1954	3713	3825	1039	825	4021	1039	4582	4072	3942	2027	0	2107	5092	3640	2035	3445	1329	4081	2610	3637	2856	1039	3529	
2189	2958	1324	1570	2885	1378	2949	3296	1520	934	1956	3554	1379	1129	2103	990	4309	1736	3821	3154	1650	2339	1039	2984	1612	3533	491	1822	1306	2358	3154	496	1258	3902	723	1002	3021	1333	2366	625	1379	1976	1597	1760	1219	1348	2782	1896	1954	1327	1896	1809	697	503	1381	2589	1548	2505	1388	2032	903	3016	929	3527	1201	3349	2575	570	3529	1626	1937	2119	2554	2157	1895	719	1552	442	1620	1734	1378	2024	3405	1379	2713	1989	3303	143	2107	0	4352	1701	476	1416	1300	3356	2268	1623	1215	1378	1438	
3172	2834	3507	5899	3001	4161	1489	6407	3235	3905	3821	890	4160	5362	5556	3425	98	5977	532	3970	6001	2803	5141	3562	4399	964	4349	5472	4925	4814	3912	3869	3393	562	4190	3652	6016	4060	5108	4924	4160	3519	5760	4355	4539	3578	5096	2794	4642	5437	2924	5998	4120	4339	5532	4653	3032	5670	5616	5153	4220	1348	3760	1057	3194	1003	3380	4681	825	5454	5652	3339	6237	2694	3608	4744	2956	3994	4699	4137	4161	4301	1071	4160	3125	4100	1152	4479	5092	4352	0	3443	3918	4949	3887	1033	2485	3701	5402	4161	4664	
2813	1290	395	3110	1196	2679	1965	4934	2139	788	2980	2883	2679	2238	3757	970	3435	2782	2962	1556	3078	2725	1955	1310	956	2915	1354	3499	2944	3745	1541	1516	554	3162	2155	717	4624	2583	3851	1977	2679	316	3270	921	1168	2259	4175	678	3361	3022	524	3464	1064	2076	2312	3866	1943	4119	2448	3598	2323	2337	773	2975	1530	2537	882	2265	2669	3321	3627	2850	4251	755	296	1624	761	1695	1259	706	2679	3272	2803	2679	1015	753	2708	1836	3640	1701	3443	0	1608	1557	2445	2662	2391	258	2230	2679	1245	
1752	2777	1214	1981	2730	1131	2553	3330	1059	964	1609	3103	1131	1604	2165	706	3871	2212	3387	3145	2093	1876	1492	2918	1790	3077	791	1930	1354	2185	3136	92	1081	3453	548	900	3016	1055	2258	1101	1131	1914	1905	1913	1479	934	2618	1630	1788	1600	1671	2134	839	506	1849	2361	1072	2512	1863	1990	720	2574	877	3066	737	2917	2487	799	3099	1788	2075	1700	2709	1906	1854	1135	1256	94	1873	1834	1131	1770	2949	1131	2578	2066	2848	577	2035	476	3918	1608	0	1760	967	2910	1792	1604	1685	1131	1705	
3494	2723	1444	2015	2582	2794	3459	4477	2777	1099	3354	4299	2795	981	3306	1707	4931	1338	4446	2380	1861	3566	705	2399	700	4311	970	2988	2595	3752	2406	1714	1579	4611	2139	1362	4262	2747	3722	1100	2795	1623	2409	845	410	2693	4166	2159	3351	2292	2045	2524	996	1911	901	3999	2712	3751	1080	3348	2319	3737	1265	4346	2267	3995	2131	1842	4146	2737	3047	3455	3576	2303	1512	730	2020	1781	436	1004	2794	3440	4189	2795	2379	1217	4088	1450	3445	1416	4949	1557	1760	0	2700	4080	3378	1312	905	2794	331	
1014	3451	2068	2324	3442	293	2759	2704	656	1911	656	3004	293	2341	1689	1476	3819	2887	3376	4001	2537	1287	2316	3726	2754	2948	1734	1586	1055	1311	3985	1038	1891	3355	610	1793	2342	182	1470	1845	293	2762	1996	2873	2443	314	1736	2253	954	1676	2351	2231	1806	868	2617	1424	891	1894	2579	1344	486	2573	1798	2894	1014	2942	3285	1143	3127	1584	1765	896	2357	2525	2721	2019	1878	927	2840	2779	293	829	2828	293	3322	2997	2739	1312	1329	1300	3887	2445	967	2700	0	2856	1435	2496	2446	293	2669	
2192	2411	2645	4886	2550	3132	779	5414	2203	2999	2825	221	3132	4402	4531	2469	973	5021	524	3529	5001	1829	4198	3111	3598	267	3397	4441	3892	3830	3477	2866	2502	547	3160	2738	5025	3030	4113	3945	3132	2807	4731	3582	3671	2546	4136	1985	3634	4407	2141	4969	3189	3316	4589	3696	1999	4661	4659	4136	3187	347	2844	375	2178	240	2825	3659	345	4420	4620	2354	5209	1966	2878	3799	2060	2981	3882	3368	3132	3305	202	3132	2616	3382	187	3478	4081	3356	1033	2662	2910	4080	2856	0	1473	2913	4451	3132	3821	
751	2871	2158	3653	2935	1692	1614	3942	822	2309	1355	1595	1692	3395	3075	1686	2411	4004	1996	3764	3821	437	3264	3392	3122	1528	2489	3010	2489	2364	3728	1786	1956	1938	1858	2067	3554	1597	2641	2893	1692	2664	3402	3175	3007	1144	2691	1845	2162	3077	2011	3640	2384	2066	3634	2258	721	3189	3655	2668	1836	1247	2144	1465	1119	1605	2983	2408	1781	3018	3191	901	3760	2025	2681	2882	1630	1833	3332	3000	1692	1834	1414	1692	2895	3127	1333	2358	2610	2268	2485	2391	1792	3378	1435	1473	0	2573	3473	1692	3210	
2948	1466	444	2953	1351	2711	2222	4900	2252	689	3063	3134	2711	2043	3713	1039	3693	2566	3219	1545	2902	2886	1753	1363	698	3164	1224	3442	2903	3776	1541	1514	646	3417	2148	708	4603	2621	3861	1824	2711	370	3153	669	934	2338	4209	928	3384	2921	780	3336	945	2040	2097	3920	2076	4092	2241	3585	2324	2586	729	3222	1641	2792	971	2193	2926	3249	3560	2971	4175	1013	275	1447	958	1683	1002	458	2711	3325	3051	2711	1156	555	2955	1750	3637	1623	3701	258	1604	1312	2496	2913	2573	0	2026	2711	995	
3391	3490	1985	1124	3367	2445	3936	3722	2734	1535	3085	4660	2446	121	2601	1983	5370	576	4878	3271	956	3553	276	3256	1555	4652	1055	2276	2006	3246	3294	1686	2043	4997	1836	1767	3552	2432	3149	604	2446	2381	1579	1716	1125	2545	3627	2705	2867	1531	2635	1659	1290	1579	171	3544	2755	3060	220	2739	1982	4104	1658	4661	2376	4410	2944	1358	4579	2009	2298	3310	2765	2910	2273	659	2459	1656	1335	1836	2445	3045	4524	2446	3168	2077	4422	1154	2856	1215	5402	2230	1685	905	2446	4451	3473	2026	0	2445	1193	
1183	3722	2293	2189	3707	0	3051	2413	941	2094	665	3275	1	2334	1403	1712	4092	2842	3654	4233	2425	1497	2346	3972	2914	3215	1846	1318	824	1067	4220	1212	2127	3624	656	2003	2053	112	1194	1858	1	2993	1806	3042	2572	605	1499	2525	686	1496	2616	2035	1958	893	2615	1232	1182	1601	2557	1051	478	2855	1996	3156	1294	3225	3532	1095	3410	1343	1499	1040	2077	2799	2946	2087	2146	1070	2973	2964	0	649	3097	1	3581	3193	3010	1359	1039	1378	4161	2679	1131	2794	293	3132	1692	2711	2445	0	2796	
3392	2392	1176	2273	2250	2796	3176	4628	2668	901	3314	4041	2797	1252	3443	1524	4650	1661	4168	2078	2143	3431	958	2077	372	4058	952	3133	2694	3797	2101	1645	1333	4344	2146	1151	4391	2737	3796	1263	2797	1294	2621	525	226	2624	4220	1871	3393	2471	1746	2755	879	1941	1211	4020	2575	3876	1384	3442	2331	3481	1067	4100	2120	3724	1801	1931	3870	2893	3207	3368	3764	1998	1184	850	1768	1743	185	673	2796	3445	3938	2797	2048	893	3839	1503	3529	1438	4664	1245	1705	331	2669	3821	3210	995	1193	2796	0	


0	 CF235QB	 0 	 0 	 540  	 1080  	 0  	 0 

1	 CF52AJ 	 1 	 8 	 660  	 900  	 5  	 2 
2	 CF141JL 	 1 	 3 	 660  	 900  	 9  	 4 
3	 CF146UQ	 1 	 1 	 720  	 960  	 6  	 3 
4	 CF52BG 	 1 	 6 	 660  	 900  	 9  	 4 
5	 CF148NS 	 1 	 6 	 660  	 900  	 7  	 3 
6	 CF143UA	 1 	 9 	 720  	 960  	 5  	 2 
7	 CF149HD	 1 	 4 	 540  	 780  	 9  	 4 
8	 CF144EF 	 1 	 4 	 660  	 900  	 10  	 5 
9	 CF141NT 	 1 	 5 	 600  	 840  	 9  	 4 
10	 CF145LP 	 1 	 6 	 600  	 840  	 6  	 3 
11	 CF244LX 	 1 	 2 	 600  	 840  	 8  	 4 
12	 CF143WE	 1 	 3 	 660  	 900  	 6  	 3 
13	 CF147DF 	 1 	 7 	 540  	 780  	 7  	 3 
14	 CF145JZ 	 1 	 5 	 540  	 780  	 7  	 3 
15	 CF141EA 	 1 	 3 	 600  	 840  	 7  	 3 
16	 CF244AA 	 1 	 4 	 600  	 840  	 5  	 2 
17	 CF147EQ 	 1 	 3 	 660  	 900  	 5  	 2 
18	 CF244BJ 	 1 	 4 	 660  	 900  	 6  	 3 
19	 CF52JR 	 1 	 2 	 720  	 960  	 6  	 3 
20	 CF147TJ 	 1 	 3 	 720  	 960  	 6  	 3 
21	 CF143QL 	 1 	 1 	 720  	 960  	 6  	 3 
22	 CF147AY 	 1 	 10 	 540  	 780  	 6  	 3 
23	 CF52LN 	 1 	 6 	 720  	 960  	 10  	 5 
24	 CF142BB 	 1 	 1 	 600  	 840  	 10  	 5 
25	 CF244NX	 1 	 1 	 660  	 900  	 7  	 3 
26	 CF141AR 	 1 	 6 	 720  	 960  	 9  	 4 
27	 CF145LD 	 1 	 7 	 660  	 900  	 6  	 3 
28	 CF146PF 	 1 	 5 	 600  	 840  	 6  	 3 
29	 CF145NG	 1 	 1 	 600  	 840  	 6  	 3 
30	 CF52JT 	 1 	 4 	 540  	 780  	 10  	 5 
31	 CF141TG 	 1 	 4 	 540  	 780  	 7  	 3 
32	 CF141LA 	 1 	 2 	 720  	 960  	 9  	 4 
33	 CF244BT 	 1 	 10 	 540  	 780  	 8  	 4 
34	 CF144SJ 	 1 	 10 	 540  	 780  	 5  	 2 
35	 CF141LD 	 1 	 2 	 540  	 780  	 9  	 4 
36	 CF149BW 1 	 4 	 540  	 780  	 10  	 5 
37	 CF144UH	 1 	 6 	 600  	 840  	 10  	 5 
38	 CF145YL 	 1 	 8 	 720  	 960  	 8  	 4 
39	 CF141BH 	 1 	 10 	 660  	 900  	 7  	 3 
40	 CF145XW	 1 	 3 	 660  	 900  	 8  	 4 
41	 CF142QJ 	 1 	 7 	 600  	 840  	 8  	 4 
42	 CF146SY 	 1 	 6 	 720  	 960  	 7  	 3 
43	 CF142FJ 	 1 	 9 	 540  	 780  	 6  	 3 
44	 CF142BA 	 1 	 9 	 600  	 840  	 10  	 5 
45	 CF144JU 	 1 	 8 	 540  	 780  	 7  	 3 
46	 CF140SB 	 1 	 3 	 600  	 840  	 6  	 3 
47	 CF142SE 	 1 	 9 	 600  	 840  	 9  	 4 
48	 CF145EZ 	 1 	 1 	 660  	 900  	 5  	 2 
49	 CF146RL 	 1 	 2 	 720  	 960  	 6  	 3 
50	 CF142SJ 	 1 	 5 	 660  	 900  	 9  	 4 
51	 CF146SN 	 1 	 1 	 720  	 960  	 6  	 3 
52	 CF141DR 	 1 	 3 	 720  	 960  	 7  	 3 
53	 CF146AT 	 1 	 7 	 540  	 780  	 5  	 2 
54	 CF147BS 	 1 	 6 	 720  	 960  	 10  	 5 
55	 CF140NQ	 0 	 13 	 720  	 960  	 10  	 5 
56	 CF144DJ 	 1 	 10 	 540  	 780  	 9  	 4 
57	 CF149DQ	 1 	 6 	 540  	 780  	 8  	 4 
58	 CF147TB 	 1 	 7 	 600  	 840  	 10  	 5 
59	 CF145BT 	 1 	 7 	 720  	 960  	 9  	 4 
60	 CF144NJ 	 1 	 6 	 720  	 960  	 7  	 3 
61	 CF244JZ 	 1 	 9 	 720  	 960  	 6  	 3 
62	 CF142NW 1 	 8 	 540  	 780  	 9  	 4 
63	 CF244NZ	 1 	 9 	 660  	 900  	 7  	 3 
64	 CF144AG	 1 	 6 	 720  	 960  	 5  	 2 
65	 CF244JG 	 1 	 8 	 720  	 960  	 8  	 4 
66	 CF52FQ 	 1 	 3 	 660  	 900  	 8  	 4 
67	 CF146LX 	 1 	 2 	 720  	 960  	 5  	 2 
68	 CF244HR 	 1 	 3 	 720  	 960  	 8  	 4 
69	 CF146QP	 1 	 2 	 600  	 840  	 6  	 3 
70	 CF145HQ	 1 	 2 	 540  	 780  	 9  	 4 
71	 CF235QJ 	 1 	 1 	 600  	 840  	 9  	 4 
72	 CF149FA 	 1 	 10 	 540  	 780  	 9  	 4 
73	 CF142SD 	 1 	 3 	 600  	 840  	 7  	 3 
74	 CF142JZ 	 1 	 8 	 720  	 960  	 5  	 2 
75	 CF147AR 	 1 	 9 	 720  	 960  	 9  	 4 
76	 CF143HX 	 1 	 4 	 600  	 840  	 9  	 4 
77	 CF141UF 	 1 	 3 	 600  	 840  	 9  	 4 
78	 CF142EF 	 1 	 9 	 540  	 780  	 6  	 3 
79	 CF142LY 	 1 	 8 	 600  	 840  	 10  	 5 
80	 CF148NN	 1 	 5 	 600  	 840  	 7  	 3 
81	 CF145QA	 1 	 2 	 600  	 840  	 9  	 4 
82	 CF244NY	 1 	 1 	 720  	 960  	 10  	 5 
83	 CF148HF 	 1 	 9 	 540  	 780  	 7  	 3 
84	 CF52EA 	 1 	 6 	 600  	 840  	 6  	 3 
85	 CF142JN 	 1 	 9 	 720  	 960  	 6  	 3 
86	 CF244QW 1 	 9 	 720  	 960  	 7  	 3 
87	 CF146BX 	 1 	 2 	 600  	 840  	 8  	 4 
88	 CF145DA	 1 	 1 	 540  	 780  	 5  	 2 
89	 CF146BJ 	 1 	 10 	 720  	 960  	 10  	 5 
90	 CF244AG	 1 	 1 	 720  	 960  	 5  	 2 
91	 CF142PH 	 1 	 1 	 600  	 840  	 7  	 3 
92	 CF141TY 	 1 	 3 	 600  	 840  	 8  	 4 
93	 CF142BY 	 1 	 4 	 720  	 960  	 6  	 3 
94	 CF144HE 	 1 	 1 	 600  	 840  	 6  	 3 
95	 CF244HB 	 1 	 10 	 600  	 840  	 8  	 4 
96	 CF144EQ 	 1 	 1 	 540  	 780  	 6  	 3 
97	 CF142NR	 1 	 8 	 720  	 960  	 7  	 3 
98	 CF147BT 	 1 	 7 	 660  	 900  	 6  	 3 
99	 CF148NJ 	 1 	 10 	 660  	 900  	 6  	 3 
100	 CF142EH 	 1 	 2 	 720  	 960  	 5  	 2 
