100

1200
32
10
500

0	2024	167	2422	5614	2363	835	2597	3679	5262	1464	5301	2260	3799	3969	2230	649	2007	671	5534	4417	3193	3800	3032	4214	1457	3362	2435	4772	3892	509	1304	2284	2033	2231	4828	1316	4218	1862	2458	431	2969	152	4624	2863	4183	3799	4650	1101	3517	907	3799	4506	3327	5352	6133	3844	1678	1154	4080	4584	1962	5299	2636	3544	2413	293	532	5025	2226	4018	4466	965	5062	2710	3336	5231	916	3863	4078	2531	625	4458	4176	4684	1271	4372	3611	3012	506	2617	3987	628	2748	2924	2694	1814	2685	2050	3780	3994	
2024	0	2165	502	3599	409	2318	1936	1658	3287	650	3278	339	1807	2854	1463	2163	397	2535	3575	2468	1777	3083	3196	2241	1014	1838	2789	2849	2535	1606	1117	2684	2456	2427	2829	1318	2284	1379	2365	2167	2786	2134	2631	1194	2332	1807	2722	956	2007	1265	1807	2498	1519	3329	4122	2356	554	1991	2176	2710	2095	3352	652	2094	1622	2167	2288	3003	2090	2000	2487	1109	3048	694	1501	3271	1237	1875	2056	2174	2069	2776	2404	2733	820	2387	1590	2913	1720	618	1965	2407	1639	2963	1066	2002	2595	624	2102	2492	
167	2165	0	2574	5760	2512	729	2627	3815	5383	1587	5443	2410	3949	4010	2282	563	2128	509	5689	4572	3360	3810	3160	4338	1542	3528	2561	4930	3954	677	1384	2410	1986	2198	4955	1372	4335	1911	2606	327	3114	204	4774	3026	4344	3949	4765	1255	3684	1003	3949	4654	3488	5494	6264	3917	1836	1120	4193	4691	2110	5456	2767	3617	2459	171	401	5162	2380	4162	4590	1123	5208	2846	3446	5386	1081	4013	4215	2688	742	4545	4274	4840	1393	4497	3747	3153	557	2750	4129	482	2809	3060	2795	1802	2829	2158	3871	4067	
2422	502	2574	0	3201	100	2793	2342	1364	3049	1141	2906	172	1377	3092	1893	2629	846	2978	3121	2005	1334	3414	3075	2031	1517	1366	2748	2376	2708	1962	1618	2665	2951	2910	2563	1820	2122	1856	2250	2613	2605	2516	2201	720	1838	1377	2551	1322	1533	1736	1377	2090	1017	2958	3816	2486	770	2489	2051	2590	2081	2891	632	2260	2031	2596	2737	2669	2000	1617	2261	1465	2648	548	1496	2817	1558	1441	1739	2007	2366	2785	2375	2273	1296	2155	1296	2745	2173	572	1602	2858	1970	2826	1281	2496	2456	1053	2152	2607	
5614	3599	5760	3201	0	3253	5873	4495	2002	1385	4218	402	3357	1829	4138	4301	5737	3719	6129	732	1358	3095	4848	5458	1807	4455	2876	5412	1212	3614	5162	4602	5392	5585	5423	1281	4757	1984	4509	4815	5762	4887	5714	1036	2972	1815	1829	1839	4519	2840	4845	1829	1112	2490	368	1102	3329	3967	5450	2167	2117	4908	846	3050	3413	4301	5766	5879	810	4685	1599	1622	4664	552	2940	2742	778	4758	1771	1615	4497	5552	2827	2571	1144	4404	1644	2063	5035	5312	3051	1641	5997	3951	5205	3359	5176	4908	3788	2905	3299	
2363	409	2512	100	3253	0	2712	2245	1383	3060	1053	2952	105	1437	3015	1794	2551	746	2907	3191	2078	1431	3326	3123	2034	1422	1466	2781	2453	2640	1911	1526	2693	2852	2810	2580	1727	2114	1756	2295	2541	2663	2461	2263	819	1925	1437	2546	1266	1632	1656	1437	2144	1111	3003	3845	2424	732	2399	2034	2574	2106	2964	574	2192	1933	2529	2664	2704	2040	1663	2268	1411	2701	512	1452	2887	1513	1502	1766	2061	2330	2745	2340	2345	1214	2163	1315	2801	2098	515	1642	2785	1880	2877	1201	2398	2506	953	2103	2548	
835	2318	729	2793	5873	2712	0	2188	3878	5326	1671	5527	2621	4119	3578	1951	203	2154	467	5891	4785	3788	3273	3865	4304	1431	3929	3270	5165	3609	1228	1276	3119	1326	1569	4941	1153	4262	1594	3265	407	3780	931	4939	3361	4625	4119	4672	1588	4094	1057	4119	4793	3782	5577	6255	3625	2151	573	4102	4558	2772	5669	2823	3331	2095	559	342	5208	3019	4282	4557	1506	5330	2935	3349	5588	1540	4188	4276	3309	1459	4306	4093	5050	1499	4473	3814	3831	664	2822	4232	336	2490	3751	2670	1255	3498	2106	3664	3772	
2597	1936	2627	2342	4495	2245	2188	0	2614	3574	1668	4101	2228	3121	1393	489	2196	1538	2639	4760	3805	3676	1254	4953	2705	1312	3698	4452	4202	1456	2541	1404	4320	1212	982	3318	1305	2571	773	4151	2385	4624	2749	3796	3057	3880	3120	2893	2203	3860	1792	3120	3594	3236	4143	4558	1539	2312	1616	2385	2700	3774	4590	1874	1280	314	2503	2429	3712	3865	3104	2926	2292	4023	2035	1758	4481	2455	3189	2933	4020	3058	2265	2177	4029	1737	2877	2575	4735	2091	1920	3015	2491	544	4748	1244	968	4397	1312	1737	1672	
3679	1658	3815	1364	2002	1383	3878	2614	0	1690	2242	1649	1486	617	2690	2346	3749	1726	4154	2154	1220	1994	3267	4242	721	2455	1861	4009	1606	2177	3262	2604	3946	3620	3482	1200	2755	883	2522	3458	3788	3712	3791	1183	1511	1433	617	1261	2611	1951	2866	617	987	1240	1699	2468	1881	2113	3448	900	1378	3382	1977	1058	1810	2377	3805	3902	1347	3246	492	919	2763	1473	969	912	1870	2880	667	401	3171	3706	1819	1384	1422	2433	811	69	3862	3339	1067	402	4017	2081	3983	1399	3197	3627	1786	1417	1937	
5262	3287	5383	3049	1385	3060	5326	3574	1690	0	3798	1059	3160	1970	2918	3509	5228	3256	5663	2044	1989	3510	3661	5861	1049	3906	3328	5673	2126	2427	4885	4066	5617	4758	4551	508	4172	1064	3797	5106	5308	5310	5386	1638	3141	2469	1970	682	4240	3363	4394	1970	1498	2762	1062	986	2178	3782	4825	1231	896	5062	2053	2641	2343	3453	5349	5410	768	4910	1622	800	4394	1311	2598	1978	1942	4524	1956	1356	4806	5356	1550	1424	1948	3991	901	1756	5462	4868	2670	1573	5517	3054	5600	2658	4404	5257	3241	1845	2109	
1464	650	1587	1141	4218	1053	1671	1668	2242	3798	0	3885	969	2449	2841	1183	1522	543	1912	4221	3116	2310	2908	3285	2751	441	2406	2793	3498	2632	1134	495	2666	1904	1923	3369	707	2755	951	2486	1546	2966	1592	3270	1783	2978	2448	3188	581	2576	627	2448	3128	2153	3935	4679	2520	699	1350	2620	3131	2109	3999	1186	2228	1376	1564	1662	3588	2199	2621	3004	710	3672	1280	1883	3917	876	2518	2643	2369	1654	3065	2748	3380	193	2911	2176	3073	1097	1175	2578	1779	1556	3081	1273	1462	2733	619	2377	2668	
5301	3278	5443	2906	402	2952	5527	4101	1649	1059	3885	0	3056	1563	3739	3916	5397	3374	5797	985	1224	2947	4446	5330	1406	4103	2736	5242	1203	3214	4862	4252	5212	5201	5034	886	4400	1581	4135	4650	5431	4761	5406	858	2750	1716	1562	1449	4214	2723	4510	1562	857	2286	51	1075	2928	3676	5091	1765	1727	4706	1009	2705	3010	3912	5442	5547	409	4501	1289	1220	4362	356	2605	2351	905	4464	1513	1253	4334	5271	2439	2172	1073	4074	1242	1713	4912	4981	2711	1314	5663	3557	5074	2979	4797	4760	3431	2503	2900	
2260	339	2410	172	3357	105	2621	2228	1486	3160	969	3056	0	1539	3045	1768	2457	707	2809	3289	2175	1455	3333	3063	2131	1352	1505	2707	2547	2683	1806	1450	2616	2795	2762	2682	1653	2207	1710	2233	2443	2614	2357	2364	859	2010	1539	2641	1162	1673	1564	1539	2248	1185	3107	3949	2475	628	2319	2123	2663	2028	3061	638	2236	1915	2429	2567	2808	1973	1767	2367	1307	2805	596	1523	2985	1408	1604	1870	2008	2225	2817	2417	2442	1124	2262	1417	2749	2002	582	1746	2688	1884	2820	1230	2341	2449	924	2167	2602	
3799	1807	3949	1377	1829	1437	4119	3121	617	1970	2449	1563	1539	0	3302	2797	3969	1996	4340	1774	698	1542	3861	3895	1209	2744	1370	3738	1098	2793	3338	2876	3695	4037	3927	1464	3054	1418	2914	3158	3972	3341	3894	826	1208	819	1	1718	2699	1428	3071	1	718	793	1613	2554	2498	2140	3749	1477	1893	3167	1560	1355	2417	2858	3965	4094	1399	2983	349	1325	2842	1278	1213	1501	1472	2931	71	665	2852	3723	2409	1981	949	2626	1227	617	3493	3526	1336	415	4214	2607	3635	1878	3595	3297	2115	2034	2554	
3969	2854	4010	3092	4138	3015	3578	1393	2690	2918	2841	3739	3045	3302	0	1748	3589	2502	4032	4596	3879	4342	752	6043	2399	2589	4295	5601	4236	532	3858	2713	5482	2470	2198	2857	2657	2186	2109	5215	3776	5639	4121	3737	3719	4120	3301	2311	3418	4433	3119	3301	3517	3719	3769	3868	833	3356	3007	2019	2044	4906	4486	2476	893	1559	3891	3822	3331	4936	3138	2531	3534	3785	2606	1819	4366	3701	3356	2849	5027	4387	1373	1567	4038	2963	2534	2685	5767	3465	2537	3033	3884	1285	5815	1815	2337	5448	2299	1300	839	
2230	1463	2282	1893	4301	1794	1951	489	2346	3509	1183	3916	1768	2797	1748	0	1918	1067	2372	4499	3493	3223	1727	4468	2559	854	3258	3973	3893	1677	2114	967	3843	1284	1136	3194	914	2462	372	3664	2077	4135	2381	3524	2612	3520	2796	2832	1730	3422	1372	2796	3333	2827	3962	4479	1674	1823	1391	2284	2678	3291	4314	1485	1380	198	2177	2141	3546	3377	2826	2798	1827	3801	1645	1575	4210	1992	2867	2699	3531	2641	2360	2182	3730	1263	2734	2298	4247	1729	1524	2746	2220	540	4261	948	896	3909	845	1742	1821	
649	2163	563	2629	5737	2551	203	2196	3749	5228	1522	5397	2457	3969	3589	1918	0	2023	455	5738	4628	3596	3325	3671	4199	1322	3741	3077	5004	3590	1025	1163	2926	1434	1660	4832	1068	4167	1551	3063	238	3579	758	4791	3181	4456	3968	4582	1399	3905	898	3968	4650	3609	5447	6147	3589	1968	601	4010	4479	2572	5513	2691	3292	2074	393	234	5086	2817	4142	4452	1311	5192	2797	3256	5434	1340	4037	4148	3106	1274	4255	4026	4894	1343	4366	3684	3631	473	2687	4096	303	2457	3554	2581	1300	3297	1994	3603	3737	
2007	397	2128	846	3719	746	2154	1538	1726	3256	543	3374	707	1996	2502	1067	2023	0	2434	3768	2684	2161	2696	3541	2210	748	2209	3105	3077	2221	1662	886	2991	2118	2066	2831	1058	2212	1011	2715	2071	3154	2134	2802	1562	2608	1996	2645	1054	2376	1148	1996	2646	1836	3424	4143	2071	854	1753	2078	2593	2408	3556	670	1792	1225	2099	2181	3064	2434	2132	2463	1201	3178	788	1347	3467	1357	2067	2125	2542	2170	2563	2226	2942	736	2371	1661	3276	1624	671	2080	2295	1259	3315	781	1664	2951	227	1877	2214	
671	2535	509	2978	6129	2907	467	2639	4154	5663	1912	5797	2809	4340	4032	2372	455	2434	0	6098	4983	3843	3739	3633	4627	1759	4005	3033	5351	4043	1170	1598	2883	1785	2033	5257	1518	4603	2006	3107	367	3612	692	5165	3479	4782	4339	5022	1688	4163	1288	4339	5033	3928	5848	6572	4044	2272	1027	4449	4924	2611	5869	3096	3747	2527	403	253	5497	2886	4530	4881	1572	5580	3192	3696	5794	1556	4406	4554	3195	1222	4710	4476	5251	1725	4793	4088	3646	816	3087	4489	152	2912	3545	3023	1718	3327	2422	4055	4192	
5534	3575	5689	3121	732	3191	5891	4760	2154	2044	4221	985	3289	1774	4596	4499	5738	3768	6098	0	1117	2715	5270	5001	2198	4516	2492	5023	786	4064	5054	4650	5021	5768	5635	1816	4826	2411	4657	4427	5732	4432	5618	978	2737	1434	1775	2376	4434	2419	4840	1775	1168	2246	983	1822	3767	3857	5522	2578	2654	4585	246	3117	3801	4531	5716	5856	1339	4333	1674	2076	4569	816	2982	3015	304	4640	1705	1833	4108	5391	3359	3043	849	4395	2063	2201	4575	5289	3103	1754	5976	4222	4757	3554	5337	4488	3878	3313	3761	
4417	2468	4572	2005	1358	2078	4785	3805	1220	1989	3116	1224	2175	698	3879	3493	4628	2684	4983	1117	0	1739	4482	4115	1575	3429	1523	4054	400	3355	3938	3558	4035	4735	4624	1542	3740	1807	3612	3458	4618	3544	4502	373	1646	498	699	1976	3317	1500	3731	699	496	1155	1267	2298	3054	2740	4433	1923	2211	3556	886	2051	3015	3549	4600	4742	1255	3329	743	1583	3452	872	1906	2131	814	3525	627	1043	3140	4284	2835	2437	268	3286	1515	1245	3694	4176	2031	847	4863	3283	3859	2566	4293	3555	2811	2584	3088	
3193	1777	3360	1334	3095	1431	3788	3676	1994	3510	2310	2947	1455	1542	4342	3223	3596	2161	3843	2715	1739	0	4726	2386	2699	2740	223	2320	1942	3906	2684	2804	2310	4207	4197	3005	3017	2877	3155	1723	3507	1820	3234	2091	630	1294	1542	3231	2200	335	2786	1542	2113	762	2992	4007	3648	1662	3618	2886	3370	1877	2471	1883	3469	3365	3441	3636	2886	1618	1891	2850	2287	2603	1741	2588	2450	2287	1554	2193	1404	2879	3773	3335	1957	2406	2748	1951	1972	3124	1824	1951	3756	3293	2128	2572	3757	1816	2379	3242	3746	
3800	3083	3810	3414	4848	3326	3273	1254	3267	3661	2908	4446	3333	3861	752	1727	3325	2696	3739	5270	4482	4726	0	6189	3075	2567	4710	5700	4855	1240	3786	2656	5570	2025	1751	3573	2545	2873	2026	5378	3537	5838	3950	4376	4096	4673	3860	3038	3455	4860	3037	3860	4158	4174	4480	4617	1519	3520	2724	2697	2778	5017	5145	2846	1475	1532	3670	3559	4038	5093	3740	3229	3546	4468	2995	2360	5026	3709	3921	3479	5229	4294	2121	2281	4661	2988	3221	3251	5955	3298	2903	3637	3600	1449	5978	2155	2025	5622	2472	1957	1559	
3032	3196	3160	3075	5458	3123	3865	4953	4242	5861	3285	5330	3063	3895	6043	4468	3671	3541	3633	5001	4115	2386	6189	0	4963	3665	2595	600	4268	5729	2696	3616	750	4899	5024	5353	3787	5106	4214	833	3463	572	2958	4473	2734	3643	3896	5504	2772	2618	3323	3896	4499	3103	5376	6393	5535	2689	4051	5071	5596	1187	4765	3697	5285	4660	3320	3559	5268	1107	4242	5150	2716	4984	3623	4571	4766	2574	3917	4514	1077	2419	5858	5441	4315	3228	5043	4186	426	3333	3639	4288	3639	4789	261	4260	4547	621	3751	5226	5664	
4214	2241	4338	2031	1807	2034	4304	2705	721	1049	2751	1406	2131	1209	2399	2559	4199	2210	4627	2198	1575	2699	3075	4963	0	2877	2551	4723	1885	1867	3837	3035	4656	3836	3655	641	3153	232	2814	4176	4270	4432	4338	1362	2232	1941	1209	540	3193	2626	3352	1209	1145	1938	1446	1951	1569	2746	3820	380	684	4086	2088	1593	1615	2534	4306	4375	1009	3960	905	253	3346	1394	1557	985	1967	3478	1229	561	3891	4310	1260	873	1682	2945	175	778	4583	3827	1623	810	4484	2163	4704	1655	3452	4348	2206	1118	1570	
1457	1014	1542	1517	4455	1422	1431	1312	2455	3906	441	4103	1352	2744	2589	854	1322	748	1759	4516	3429	2740	2567	3665	2877	0	2826	3148	3821	2454	1270	161	3014	1468	1482	3512	311	2845	550	2883	1412	3374	1603	3549	2193	3334	2743	3264	897	2996	554	2743	3391	2533	4152	4826	2390	1139	1005	2691	3170	2479	4303	1410	2090	1051	1473	1507	3778	2597	2876	3130	980	3918	1536	1937	4214	1143	2814	2850	2786	1802	3004	2736	3689	437	3045	2393	3475	991	1416	2820	1612	1321	3471	1267	1022	3131	676	2330	2540	
3362	1838	3528	1366	2876	1466	3929	3698	1861	3328	2406	2736	1505	1370	4295	3258	3741	2209	4005	2492	1523	223	4710	2595	2551	2826	0	2542	1719	3844	2853	2901	2533	4288	4265	2826	3113	2738	3215	1945	3663	2026	3409	1878	647	1071	1370	3077	2343	170	2911	1370	1910	622	2781	3799	3577	1786	3733	2759	3229	2099	2247	1865	3413	3390	3602	3792	2688	1842	1716	2690	2439	2390	1715	2513	2227	2450	1375	2030	1626	3070	3661	3223	1737	2516	2590	1823	2177	3268	1810	1783	3913	3291	2338	2556	3836	2032	2420	3157	3669	
2435	2789	2561	2748	5412	2781	3270	4452	4009	5673	2793	5242	2707	3738	5601	3973	3077	3105	3033	5023	4054	2320	5700	600	4723	3148	2542	0	4259	5320	2116	3086	151	4330	4465	5166	3246	4844	3698	597	2866	782	2359	4394	2536	3613	3739	5259	2251	2604	2771	3739	4391	2964	5290	6282	5146	2253	3472	4789	5325	696	4780	3345	4882	4168	2722	2960	5134	763	4076	4927	2179	4908	3292	4230	4766	2029	3770	4317	917	1819	5524	5121	4278	2716	4820	3948	728	2750	3289	4109	3040	4329	561	3854	3992	577	3303	4870	5281	
4772	2849	4930	2376	1212	2453	5165	4202	1606	2126	3498	1203	2547	1098	4236	3893	5004	3077	5351	786	400	1942	4855	4268	1885	3821	1719	4259	0	3708	4287	3947	4252	5134	5024	1735	4132	2117	4012	3662	4987	3697	4852	532	1954	652	1099	2227	3675	1660	4109	1099	741	1465	1234	2258	3407	3094	4823	2250	2481	3804	541	2450	3384	3948	4964	5112	1359	3558	1119	1852	3807	856	2303	2515	508	3872	1027	1387	3343	4612	3137	2757	203	3666	1800	1635	3843	4549	2428	1220	5233	3678	4019	2965	4692	3736	3208	2937	3431	
3892	2535	3954	2708	3614	2640	3609	1456	2177	2427	2632	3214	2683	2793	532	1677	3590	2221	4043	4064	3355	3906	1240	5729	1867	2454	3844	5320	3708	0	3715	2596	5209	2643	2387	2336	2582	1654	2048	4896	3754	5296	4042	3206	3293	3611	2792	1798	3212	3974	3005	2792	2987	3252	3246	3394	302	3067	3039	1487	1539	4623	3954	2078	448	1516	3853	3816	2805	4625	2616	2002	3341	3254	2192	1337	3834	3507	2845	2321	4688	4248	912	1043	3509	2779	2003	2177	5430	3398	2139	2510	3892	1145	5492	1470	2422	5122	2042	772	320	
509	1606	677	1962	5162	1911	1228	2541	3262	4885	1134	4862	1806	3338	3858	2114	1025	1662	1170	5054	3938	2684	3786	2696	3837	1270	2853	2116	4287	3715	0	1147	1968	2220	2372	4434	1241	3861	1770	2046	867	2564	566	4159	2364	3688	3338	4297	651	3008	749	3338	4051	2833	4913	5728	3629	1200	1356	3735	4254	1559	4818	2244	3332	2309	770	990	4603	1794	3573	4086	500	4610	2299	3009	4753	415	3400	3657	2082	533	4196	3881	4206	956	3988	3193	2623	637	2218	3550	1103	2590	2558	2406	1910	2284	1751	3509	3779	
1304	1117	1384	1618	4602	1526	1276	1404	2604	4066	495	4252	1450	2876	2713	967	1163	886	1598	4650	3558	2804	2656	3616	3035	161	2901	3086	3947	2596	1147	0	2948	1422	1466	3669	214	3006	630	2848	1250	3348	1451	3687	2276	3448	2876	3425	846	3071	410	2876	3532	2634	4302	4984	2540	1170	877	2852	3331	2429	4435	1553	2240	1162	1312	1346	3932	2564	3018	3289	907	4063	1674	2098	4348	1063	2947	3000	2769	1674	3161	2896	3819	424	3203	2541	3443	832	1557	2964	1451	1457	3430	1428	992	3098	831	2488	2690	
2284	2684	2410	2665	5392	2693	3119	4320	3946	5617	2666	5212	2616	3695	5482	3843	2926	2991	2883	5021	4035	2310	5570	750	4656	3014	2533	151	4252	5209	1968	2948	0	4183	4320	5112	3106	4771	3563	603	2715	880	2208	4369	2489	3603	3696	5190	2118	2604	2628	3696	4359	2929	5260	6245	5040	2142	3324	4712	5249	590	4778	3252	4774	4039	2572	2810	5094	713	4029	4864	2042	4882	3205	4139	4759	1889	3730	4262	916	1669	5432	5033	4263	2584	4757	3883	845	2601	3198	4059	2889	4208	693	3746	3848	643	3185	4773	5177	
2033	2456	1986	2951	5585	2852	1326	1212	3620	4758	1904	5201	2795	4037	2470	1284	1434	2118	1785	5768	4735	4207	2025	4899	3836	1468	4288	4330	5134	2643	2220	1422	4183	0	276	4467	1210	3728	1125	4186	1670	4699	2166	4790	3649	4713	4036	4076	2210	4458	1596	4036	4605	3954	5246	5736	2748	2592	882	3545	3898	3729	5576	2689	2492	1307	1822	1652	4829	3910	4094	4071	2220	5082	2841	2856	5475	2341	4108	3981	4145	2629	3476	3380	4981	1843	4011	3570	4780	1600	2716	4017	1662	1705	4741	2228	455	4434	1946	2937	2879	
2231	2427	2198	2910	5423	2810	1569	982	3482	4551	1923	5034	2762	3927	2198	1136	1660	2066	2033	5635	4624	4197	1751	5024	3655	1482	4265	4465	5024	2387	2372	1466	4320	276	0	4279	1265	3535	1055	4288	1892	4795	2370	4660	3620	4629	3926	3870	2291	4434	1701	3926	4469	3897	5078	5534	2506	2620	1080	3350	3682	3844	5450	2594	2258	1123	2040	1885	4655	4007	3962	3884	2319	4931	2751	2683	5346	2451	3998	3830	4227	2809	3235	3159	4864	1889	3829	3434	4883	1773	2626	3882	1905	1500	4855	2083	480	4537	1876	2719	2633	
4828	2829	4955	2563	1281	2580	4941	3318	1200	508	3369	886	2682	1464	2857	3194	4832	2831	5257	1816	1542	3005	3573	5353	641	3512	2826	5166	1735	2336	4434	3669	5112	4467	4279	0	3790	748	3454	4598	4898	4802	4948	1216	2633	2004	1464	565	3785	2867	3977	1464	1046	2255	914	1315	2055	3308	4460	935	844	4559	1770	2193	2161	3162	4930	5004	484	4404	1115	396	3938	1011	2136	1624	1650	4063	1453	850	4298	4893	1555	1293	1544	3562	468	1268	4954	4453	2217	1064	5115	2781	5092	2296	4089	4748	2838	1650	2020	
1316	1318	1372	1820	4757	1727	1153	1305	2755	4172	707	4400	1653	3054	2657	914	1068	1058	1518	4826	3740	3017	2545	3787	3153	311	3113	3246	4132	2582	1241	214	3106	1210	1265	3790	0	3109	547	3032	1192	3535	1467	3858	2486	3643	3053	3520	1029	3283	494	3053	3698	2837	4449	5104	2550	1383	696	2949	3411	2601	4614	1716	2251	1098	1277	1272	4070	2749	3182	3405	1071	4221	1844	2196	4524	1217	3124	3148	2963	1753	3198	2958	4000	632	3323	2694	3627	817	1724	3124	1367	1437	3607	1517	788	3281	969	2538	2700	
4218	2284	4335	2122	1984	2114	4262	2571	883	1064	2755	1581	2207	1418	2186	2462	4167	2212	4603	2411	1807	2877	2873	5106	232	2845	2738	4844	2117	1654	3861	3006	4771	3728	3535	748	3109	0	2739	4308	4250	4584	4347	1593	2384	2166	1417	438	3224	2821	3340	1417	1376	2120	1617	2017	1359	2807	3762	188	495	4195	2309	1632	1429	2421	4295	4351	1175	4084	1127	363	3377	1600	1618	914	2188	3516	1443	784	4030	4348	1028	644	1914	2947	349	931	4733	3813	1669	1028	4457	2036	4848	1595	3359	4488	2184	922	1351	
1862	1379	1911	1856	4509	1756	1594	773	2522	3797	951	4135	1710	2914	2109	372	1551	1011	2006	4657	3612	3155	2026	4214	2814	550	3215	3698	4012	2048	1770	630	3563	1125	1055	3454	547	2739	0	3427	1706	3914	2013	3679	2569	3589	2914	3127	1447	3383	1022	2914	3500	2843	4182	4755	2038	1638	1046	2567	2991	3029	4460	1564	1741	551	1805	1772	3779	3141	2985	3061	1526	3993	1716	1832	4361	1686	2986	2895	3320	2291	2712	2510	3860	985	2989	2468	4018	1359	1591	2913	1854	908	4018	1162	681	3675	824	2075	2186	
2458	2365	2606	2250	4815	2295	3265	4151	3458	5106	2486	4650	2233	3158	5215	3664	3063	2715	3107	4427	3458	1723	5378	833	4176	2883	1945	597	3662	4896	2046	2848	603	4186	4288	4598	3032	4308	3427	0	2879	518	2416	3800	1965	3016	3159	4715	2004	2008	2591	3159	3801	2377	4697	5694	4703	1865	3369	4264	4795	497	4184	2868	4452	3853	2751	2989	4551	286	3499	4373	1969	4314	2798	3745	4169	1846	3187	3751	319	1896	5034	4621	3680	2446	4266	3398	596	2674	2810	3536	3085	3967	601	3427	3808	249	2927	4397	4832	
431	2167	327	2613	5762	2541	407	2385	3788	5308	1546	5431	2443	3972	3776	2077	238	2071	367	5732	4618	3507	3537	3463	4270	1412	3663	2866	4987	3754	867	1250	2715	1670	1892	4898	1192	4250	1706	2879	0	3392	526	4798	3125	4422	3972	4672	1332	3824	923	3972	4665	3569	5481	6211	3738	1915	821	4100	4581	2384	5504	2731	3439	2243	156	129	5132	2640	4163	4523	1224	5213	2826	3346	5428	1225	4039	4189	2938	1053	4390	4142	4885	1358	4434	3722	3438	450	2721	4122	251	2613	3354	2679	1516	3108	2067	3727	3888	
2969	2786	3114	2605	4887	2663	3780	4624	3712	5310	2966	4761	2614	3341	5639	4135	3579	3154	3612	4432	3544	1820	5838	572	4432	3374	2026	782	3697	5296	2564	3348	880	4699	4795	4802	3535	4584	3914	518	3392	0	2921	3904	2201	3072	3341	4973	2506	2047	3103	3341	3933	2548	4806	5825	5087	2318	3886	4558	5076	1008	4195	3235	4849	4321	3262	3501	4705	789	3689	4612	2479	4414	3148	4094	4195	2360	3360	3969	612	2394	5370	4946	3743	2939	4506	3657	152	3192	3176	3739	3595	4412	327	3834	4316	286	3373	4755	5211	
152	2134	204	2516	5714	2461	931	2749	3791	5386	1592	5406	2357	3894	4121	2381	758	2134	692	5618	4502	3234	3950	2958	4338	1603	3409	2359	4852	4042	566	1451	2208	2166	2370	4948	1467	4347	2013	2416	526	2921	0	4717	2930	4255	3894	4779	1195	3562	1051	3894	4605	3400	5457	6250	3991	1762	1291	4211	4718	1919	5382	2755	3691	2564	372	605	5137	2195	4121	4590	1052	5162	2823	3469	5316	982	3957	4189	2507	539	4601	4315	4769	1400	4494	3723	2957	658	2734	4093	681	2898	2861	2833	1959	2636	2186	3922	4141	
4624	2631	4774	2201	1036	2263	4939	3796	1183	1638	3270	858	2364	826	3737	3524	4791	2802	5165	978	373	2091	4376	4473	1362	3549	1878	4394	532	3206	4159	3687	4369	4790	4660	1216	3858	1593	3679	3800	4798	3904	4717	0	1935	871	826	1695	3523	1865	3893	826	219	1455	903	1928	2905	2959	4554	1733	1949	3876	794	2144	2900	3560	4791	4919	889	3660	697	1320	3665	514	2014	2066	687	3750	761	897	3483	4532	2608	2236	332	3449	1270	1226	4054	4351	2134	781	5039	3261	4216	2580	4359	3906	2904	2438	2921	
2863	1194	3026	720	2972	819	3361	3057	1511	3141	1783	2750	859	1208	3719	2612	3181	1562	3479	2737	1646	630	4096	2734	2232	2193	647	2536	1954	3293	2364	2276	2489	3649	3620	2633	2486	2384	2569	1965	3125	2201	2930	1935	0	1331	1208	2772	1793	814	2321	1208	1893	492	2799	3762	3043	1213	3125	2366	2878	1960	2494	1253	2852	2747	3081	3254	2607	1777	1540	2416	1908	2437	1114	1990	2444	1949	1246	1786	1668	2660	3216	2783	1904	1907	2310	1456	2351	2710	1195	1573	3376	2664	2474	1942	3196	2122	1773	2652	3147	
4183	2332	4344	1838	1815	1925	4625	3880	1433	2469	2978	1716	2010	819	4120	3520	4456	2608	4782	1434	498	1294	4673	3643	1941	3334	1071	3613	652	3611	3688	3448	3603	4713	4629	2004	3643	2166	3589	3016	4422	3072	4255	871	1331	0	819	2393	3096	1025	3570	819	972	856	1757	2791	3315	2511	4323	2255	2608	3153	1189	2037	3235	3602	4389	4549	1748	2907	1040	1993	3221	1361	1879	2316	1159	3273	766	1382	2697	3990	3185	2767	671	3133	1912	1436	3220	3992	2003	1143	4671	3384	3391	2639	4262	3098	2767	2849	3367	
3799	1807	3949	1377	1829	1437	4119	3120	617	1970	2448	1562	1539	1	3301	2796	3968	1996	4339	1775	699	1542	3860	3896	1209	2743	1370	3739	1099	2792	3338	2876	3696	4036	3926	1464	3053	1417	2914	3159	3972	3341	3894	826	1208	819	0	1718	2699	1428	3071	0	718	793	1613	2554	2497	2140	3748	1477	1892	3167	1560	1355	2416	2858	3965	4094	1399	2983	349	1325	2842	1278	1212	1501	1472	2931	72	665	2852	3723	2409	1980	949	2626	1227	616	3493	3526	1336	414	4214	2607	3635	1878	3595	3297	2115	2034	2553	
4650	2722	4765	2551	1839	2546	4672	2893	1261	682	3188	1449	2641	1718	2311	2832	4582	2645	5022	2376	1976	3231	3038	5504	540	3264	3077	5259	2227	1798	4297	3425	5190	4076	3870	565	3520	438	3127	4715	4672	4973	4779	1695	2772	2393	1718	0	3662	3145	3767	1718	1497	2469	1474	1666	1530	3244	4161	573	279	4617	2318	2070	1672	2773	4721	4771	1049	4497	1390	401	3815	1565	2054	1327	2197	3954	1729	1053	4431	4785	990	764	2027	3379	491	1318	5123	4238	2107	1306	4875	2372	5244	2003	3726	4887	2609	1169	1479	
1101	956	1255	1322	4519	1266	1588	2203	2611	4240	581	4214	1162	2699	3418	1730	1399	1054	1688	4434	3317	2200	3455	2772	3193	897	2343	2251	3675	3212	651	846	2118	2210	2291	3785	1029	3224	1447	2004	1332	2506	1195	3523	1793	3096	2699	3662	0	2507	629	2699	3410	2241	4265	5077	3094	585	1470	3105	3630	1585	4200	1600	2804	1927	1293	1460	3952	1720	2927	3440	153	3967	1650	2392	4131	303	2763	3006	1937	1125	3616	3279	3584	467	3341	2542	2599	926	1571	2901	1582	2134	2584	1826	1811	2253	1183	2928	3240	
3517	2007	3684	1533	2840	1632	4094	3860	1951	3363	2576	2723	1673	1428	4433	3422	3905	2376	4163	2419	1500	335	4860	2618	2626	2996	170	2604	1660	3974	3008	3071	2604	4458	4434	2867	3283	2821	3383	2008	3824	2047	3562	1865	814	1025	1428	3145	2507	0	3078	1428	1916	728	2766	3793	3704	1953	3902	2852	3308	2196	2176	2018	3547	3553	3761	3953	2700	1926	1767	2753	2601	2372	1866	2640	2164	2608	1424	2092	1689	3212	3763	3325	1696	2685	2654	1917	2196	3432	1964	1842	4073	3447	2366	2708	4005	2076	2586	3277	3791	
907	1265	1003	1736	4845	1656	1057	1792	2866	4394	627	4510	1564	3071	3119	1372	898	1148	1288	4840	3731	2786	3037	3323	3352	554	2911	2771	4109	3005	749	410	2628	1596	1701	3977	494	3340	1022	2591	923	3103	1051	3893	2321	3570	3071	3767	629	3078	0	3071	3754	2729	4561	5290	2943	1125	844	3195	3689	2142	4616	1808	2643	1565	955	1036	4209	2314	3248	3605	624	4298	1906	2445	4536	750	3139	3266	2551	1270	3551	3272	3997	445	3515	2800	3186	476	1799	3204	1152	1866	3154	1792	1224	2840	1158	2873	3094	
3799	1807	3949	1377	1829	1437	4119	3120	617	1970	2448	1562	1539	1	3301	2796	3968	1996	4339	1775	699	1542	3860	3896	1209	2743	1370	3739	1099	2792	3338	2876	3696	4036	3926	1464	3053	1417	2914	3159	3972	3341	3894	826	1208	819	0	1718	2699	1428	3071	0	718	793	1613	2554	2497	2140	3748	1477	1892	3167	1560	1355	2416	2858	3965	4094	1399	2983	349	1325	2842	1278	1212	1501	1472	2931	72	665	2852	3723	2409	1980	949	2626	1227	616	3493	3526	1336	414	4214	2607	3635	1878	3595	3297	2115	2034	2553	
4506	2498	4654	2090	1112	2144	4793	3594	987	1498	3128	857	2248	718	3517	3333	4650	2646	5033	1168	496	2113	4158	4499	1145	3391	1910	4391	741	2987	4051	3532	4359	4605	4469	1046	3698	1376	3500	3801	4665	3933	4605	219	1893	972	718	1497	3410	1916	3754	718	0	1430	907	1895	2685	2855	4394	1515	1744	3849	1001	1982	2683	3363	4664	4785	786	3646	517	1114	3554	560	1859	1857	888	3646	663	681	3487	4441	2395	2019	539	3311	1059	1035	4085	4217	1976	588	4903	3057	4241	2387	4178	3919	2737	2218	2702	
3327	1519	3488	1017	2490	1111	3782	3236	1240	2762	2153	2286	1185	793	3719	2827	3609	1836	3928	2246	1155	762	4174	3103	1938	2533	622	2964	1465	3252	2833	2634	2929	3954	3897	2255	2837	2120	2843	2377	3569	2548	3400	1455	492	856	793	2469	2241	728	2729	793	1430	0	2334	3318	2979	1656	3503	2138	2612	2422	2004	1364	2829	2938	3533	3696	2174	2216	1141	2089	2365	1963	1204	1916	1952	2418	814	1433	2067	3147	3040	2602	1412	2298	1986	1201	2700	3142	1315	1195	3818	2788	2843	2038	3499	2508	2021	2549	3064	
5352	3329	5494	2958	368	3003	5577	4143	1699	1062	3935	51	3107	1613	3769	3962	5447	3424	5848	983	1267	2992	4480	5376	1446	4152	2781	5290	1234	3246	4913	4302	5260	5246	5078	914	4449	1617	4182	4697	5481	4806	5457	903	2799	1757	1613	1474	4265	2766	4561	1613	907	2334	0	1035	2961	3727	5139	1802	1752	4755	1020	2756	3047	3956	5492	5597	443	4549	1340	1255	4413	396	2656	2395	919	4515	1563	1302	4381	5322	2463	2203	1110	4124	1280	1763	4957	5032	2761	1365	5713	3600	5119	3025	4843	4807	3480	2539	2931	
6133	4122	6264	3816	1102	3845	6255	4558	2468	986	4679	1075	3949	2554	3868	4479	6147	4143	6572	1822	2298	4007	4617	6393	1951	4826	3799	6282	2258	3394	5728	4984	6245	5736	5534	1315	5104	2017	4755	5694	6211	5825	6250	1928	3762	2791	2554	1666	5077	3793	5290	2554	1895	3318	1035	0	3155	4577	5770	2195	1879	5721	1948	3497	3328	4430	6241	6319	1159	5532	2235	1700	5229	1431	3429	2924	1874	5347	2516	2078	5381	6172	2496	2408	2144	4872	1781	2536	5977	5766	3517	2227	6429	4035	6135	3602	5375	5814	4153	2831	3078	
3844	2356	3917	2486	3329	2424	3625	1539	1881	2178	2520	2928	2475	2498	833	1674	3589	2071	4044	3767	3054	3648	1519	5535	1569	2390	3577	5146	3407	302	3629	2540	5040	2748	2506	2055	2550	1359	2038	4703	3738	5087	3991	2905	3043	3315	2497	1530	3094	3704	2943	2497	2685	2979	2961	3155	0	2900	3061	1189	1282	4451	3654	1854	300	1538	3827	3809	2519	4436	2315	1711	3229	2959	1957	1064	3534	3394	2549	2020	4483	4160	730	767	3207	2679	1708	1883	5224	3360	1914	2210	3892	1134	5294	1296	2484	4923	1911	471	151	
1678	554	1836	770	3967	732	2151	2312	2113	3782	699	3676	628	2140	3356	1823	1968	854	2272	3857	2740	1662	3520	2689	2746	1139	1786	2253	3094	3067	1200	1170	2142	2592	2620	3308	1383	2807	1638	1865	1915	2318	1762	2959	1213	2511	2140	3244	585	1953	1125	2140	2855	1656	3727	4577	2900	0	1956	2709	3247	1557	3622	1185	2631	2006	1878	2043	3435	1583	2387	2985	713	3415	1191	2053	3554	791	2201	2498	1710	1598	3331	2956	3007	755	2882	2045	2436	1497	1142	2370	2165	2102	2466	1605	2156	2105	1063	2656	3038	
1154	1991	1120	2489	5450	2399	573	1616	3448	4825	1350	5091	2319	3749	3007	1391	601	1753	1027	5522	4433	3618	2724	4051	3820	1005	3733	3472	4823	3039	1356	877	3324	882	1080	4460	696	3762	1046	3369	821	3886	1291	4554	3125	4323	3748	4161	1470	3902	844	3748	4394	3503	5139	5770	3061	1956	0	3595	4033	2896	5308	2412	2770	1527	964	835	4755	3101	3878	4070	1442	4916	2541	2848	5220	1535	3819	3839	3359	1747	3751	3555	4694	1219	3992	3387	3957	725	2421	3819	881	1928	3905	2168	699	3614	1662	3121	3207	
4080	2176	4193	2051	2167	2034	4102	2385	900	1231	2620	1765	2123	1477	2019	2284	4010	2078	4449	2578	1923	2886	2697	5071	380	2691	2759	4789	2250	1487	3735	2852	4712	3545	3350	935	2949	188	2567	4264	4100	4558	4211	1733	2366	2255	1477	573	3105	2852	3195	1477	1515	2138	1802	2195	1189	2709	3595	0	540	4131	2467	1526	1246	2238	4148	4198	1360	4032	1215	550	3257	1771	1528	754	2347	3400	1510	883	3993	4229	933	515	2047	2811	525	937	4705	3666	1568	1112	4302	1850	4814	1432	3180	4451	2037	742	1191	
4584	2710	4691	2590	2117	2574	4558	2700	1378	896	3131	1727	2663	1893	2044	2678	4479	2593	4924	2654	2211	3370	2778	5596	684	3170	3229	5325	2481	1539	4254	3331	5249	3898	3682	844	3411	495	2991	4795	4581	5076	4718	1949	2878	2608	1892	279	3630	3308	3689	1892	1744	2612	1752	1879	1282	3247	4033	540	0	4669	2591	2062	1450	2603	4638	4675	1328	4566	1583	630	3782	1841	2068	1248	2470	3928	1912	1238	4520	4755	711	530	2279	3319	698	1426	5225	4155	2106	1490	4775	2195	5339	1903	3565	4977	2534	963	1220	
1962	2095	2110	2081	4908	2106	2772	3774	3382	5062	2109	4706	2028	3167	4906	3291	2572	2408	2611	4585	3556	1877	5017	1187	4086	2479	2099	696	3804	4623	1559	2429	590	3729	3844	4559	2601	4195	3029	497	2384	1008	1919	3876	1960	3153	3167	4617	1585	2196	2142	3167	3849	2422	4755	5721	4451	1557	2896	4131	4669	0	4340	2663	4186	3485	2255	2493	4565	315	3493	4300	1530	4385	2618	3550	4311	1393	3206	3710	644	1402	4842	4445	3797	2044	4192	3318	1064	2192	2609	3516	2589	3636	1012	3158	3366	726	2607	4183	4587	
5299	3352	5456	2891	846	2964	5669	4590	1977	2053	3999	1009	3061	1560	4486	4314	5513	3556	5869	246	886	2471	5145	4765	2088	4303	2247	4780	541	3954	4818	4435	4778	5576	5450	1770	4614	2309	4460	4184	5504	4195	5382	794	2494	1189	1560	2318	4200	2176	4616	1560	1001	2004	1020	1948	3654	3622	5308	2467	2591	4340	0	2910	3671	4353	5486	5628	1311	4089	1489	1990	4335	761	2772	2857	121	4403	1489	1679	3865	5150	3286	2949	619	4171	1966	2019	4339	5062	2895	1575	5749	4055	4520	3372	5141	4248	3672	3194	3658	
2636	652	2767	632	3050	574	2823	1874	1058	2641	1186	2705	638	1355	2476	1485	2691	670	3096	3117	2051	1883	2846	3697	1593	1410	1865	3345	2450	2078	2244	1553	3252	2689	2594	2193	1716	1632	1564	2868	2731	3235	2755	2144	1253	2037	1355	2070	1600	2018	1808	1355	1982	1364	2756	3497	1854	1185	2412	1526	2062	2663	2910	0	1631	1580	2751	2844	2401	2610	1466	1841	1753	2509	161	887	2817	1887	1426	1458	2634	2719	2179	1785	2304	1378	1743	993	3374	2282	61	1411	2959	1430	3451	691	2244	3080	762	1530	1975	
3544	2094	3617	2260	3413	2192	3331	1280	1810	2343	2228	3010	2236	2417	893	1380	3292	1792	3747	3801	3015	3469	1475	5285	1615	2090	3413	4882	3384	448	3332	2240	4774	2492	2258	2161	2251	1429	1741	4452	3439	4849	3691	2900	2852	3235	2416	1672	2804	3547	2643	2416	2683	2829	3047	3328	300	2631	2770	1246	1450	4186	3671	1631	0	1252	3527	3511	2605	4182	2272	1792	2938	3006	1747	927	3553	3103	2473	2004	4241	3864	992	921	3188	2384	1771	1801	4983	3060	1692	2168	3595	843	5047	1028	2208	4677	1624	511	451	
2413	1622	2459	2031	4301	1933	2095	314	2377	3453	1376	3912	1915	2858	1559	198	2074	1225	2527	4531	3549	3365	1532	4660	2534	1051	3390	4168	3948	1516	2309	1162	4039	1307	1123	3162	1098	2421	551	3853	2243	4321	2564	3560	2747	3602	2858	2773	1927	3553	1565	2858	3363	2938	3956	4430	1538	2006	1527	2238	2603	3485	4353	1580	1252	0	2349	2301	3533	3567	2864	2766	2025	3813	1742	1561	4247	2190	2928	2714	3715	2834	2241	2094	3779	1460	2708	2334	4434	1909	1625	2779	2376	414	4451	983	966	4098	998	1651	1682	
293	2167	171	2596	5766	2529	559	2503	3805	5349	1564	5442	2429	3965	3891	2177	393	2099	403	5716	4600	3441	3670	3320	4306	1473	3602	2722	4964	3853	770	1312	2572	1822	2040	4930	1277	4295	1805	2751	156	3262	372	4791	3081	4389	3965	4721	1293	3761	955	3965	4664	3533	5492	6241	3827	1878	964	4148	4638	2255	5486	2751	3527	2349	0	239	5151	2518	4167	4560	1173	5215	2838	3397	5413	1153	4031	4205	2821	905	4468	4209	4868	1372	4469	3738	3305	483	2737	4130	337	2709	3216	2737	1654	2978	2111	3799	3977	
532	2288	401	2737	5879	2664	342	2429	3902	5410	1662	5547	2567	4094	3822	2141	234	2181	253	5856	4742	3636	3559	3559	4375	1507	3792	2960	5112	3816	990	1346	2810	1652	1885	5004	1272	4351	1772	2989	129	3501	605	4919	3254	4549	4094	4771	1460	3953	1036	4094	4785	3696	5597	6319	3809	2043	835	4198	4675	2493	5628	2844	3511	2301	239	0	5244	2754	4281	4628	1353	5331	2942	3444	5552	1353	4161	4302	3055	1142	4469	4230	5009	1475	4540	3836	3544	568	2836	4239	122	2680	3455	2773	1534	3216	2169	3811	3958	
5025	3003	5162	2669	810	2704	5208	3712	1347	768	3588	409	2808	1399	3331	3546	5086	3064	5497	1339	1255	2886	4038	5268	1009	3778	2688	5134	1359	2805	4603	3932	5094	4829	4655	484	4070	1175	3779	4551	5132	4705	5137	889	2607	1748	1399	1049	3952	2700	4209	1399	786	2174	443	1159	2519	3435	4755	1360	1328	4565	1311	2401	2605	3533	5151	5244	0	4381	1077	813	4103	553	2316	1973	1195	4214	1364	948	4241	5033	2039	1764	1187	3779	841	1415	4857	4683	2414	1071	5359	3170	5008	2618	4433	4680	3103	2096	2492	
2226	2090	2380	2000	4685	2040	3019	3865	3246	4910	2199	4501	1973	2983	4936	3377	2817	2434	2886	4333	3329	1618	5093	1107	3960	2597	1842	763	3558	4625	1794	2564	713	3910	4007	4404	2749	4084	3141	286	2640	789	2195	3660	1777	2907	2983	4497	1720	1926	2314	2983	3646	2216	4549	5532	4436	1583	3101	4032	4566	315	4089	2610	4182	3567	2518	2754	4381	0	3318	4164	1691	4172	2547	3492	4066	1572	3017	3554	329	1691	4784	4375	3562	2160	4057	3185	879	2414	2553	3348	2855	3685	885	3155	3528	535	2645	4140	4567	
4018	2000	4162	1617	1599	1663	4282	3104	492	1622	2621	1289	1767	349	3138	2826	4142	2132	4530	1674	743	1891	3740	4242	905	2876	1716	4076	1119	2616	3573	3018	4029	4094	3962	1115	3182	1127	2985	3499	4163	3689	4121	697	1540	1040	349	1390	2927	1767	3248	349	517	1141	1340	2235	2315	2387	3878	1215	1583	3493	1489	1466	2272	2864	4167	4281	1077	3318	0	992	3074	1050	1347	1396	1384	3175	343	345	3195	3983	2145	1729	932	2806	899	530	3841	3714	1461	106	4399	2573	3981	1883	3664	3642	2220	1845	2354	
4466	2487	4590	2261	1622	2268	4557	2926	919	800	3004	1220	2367	1325	2531	2798	4452	2463	4881	2076	1583	2850	3229	5150	253	3130	2690	4927	1852	2002	4086	3289	4864	4071	3884	396	3405	363	3061	4373	4523	4612	4590	1320	2416	1993	1325	401	3440	2753	3605	1325	1114	2089	1255	1700	1711	2985	4070	550	630	4300	1990	1841	1792	2766	4560	4628	813	4164	992	0	3594	1260	1799	1229	1869	3724	1333	660	4082	4556	1299	969	1650	3197	107	982	4763	4081	1870	911	4737	2388	4890	1904	3693	4537	2459	1284	1693	
965	1109	1123	1465	4664	1411	1506	2292	2763	4394	710	4362	1307	2842	3534	1827	1311	1201	1572	4569	3452	2287	3546	2716	3346	980	2439	2179	3807	3341	500	907	2042	2220	2319	3938	1071	3377	1526	1969	1224	2479	1052	3665	1908	3221	2842	3815	153	2601	624	2842	3554	2365	4413	5229	3229	713	1442	3257	3782	1530	4335	1753	2938	2025	1173	1353	4103	1691	3074	3594	0	4112	1802	2543	4267	168	2905	3157	1928	973	3760	3428	3720	571	3495	2694	2565	842	1724	3050	1475	2250	2538	1969	1840	2218	1322	3073	3377	
5062	3048	5208	2648	552	2701	5330	4023	1473	1311	3672	356	2805	1278	3785	3801	5192	3178	5580	816	872	2603	4468	4984	1394	3918	2390	4908	856	3254	4610	4063	4882	5082	4931	1011	4221	1600	3993	4314	5213	4414	5162	514	2437	1361	1278	1565	3967	2372	4298	1278	560	1963	396	1431	2959	3415	4916	1771	1841	4385	761	2509	3006	3813	5215	5331	553	4172	1050	1260	4112	0	2395	2266	643	4206	1222	1102	3997	5001	2544	2229	718	3857	1251	1531	4564	4764	2508	1098	5449	3480	4728	2854	4665	4419	3255	2511	2949	
2710	694	2846	548	2940	512	2935	2035	969	2598	1280	2605	596	1213	2606	1645	2797	788	3192	2982	1906	1741	2995	3623	1557	1536	1715	3292	2303	2192	2299	1674	3205	2841	2751	2136	1844	1618	1716	2798	2826	3148	2823	2014	1114	1879	1212	2054	1650	1866	1906	1212	1859	1204	2656	3429	1957	1191	2541	1528	2068	2618	2772	161	1747	1742	2838	2942	2316	2547	1347	1799	1802	2395	0	948	2681	1927	1284	1369	2553	2758	2237	1829	2161	1468	1698	901	3289	2376	125	1299	3058	1587	3374	842	2394	3004	905	1607	2072	
3336	1501	3446	1496	2742	1452	3349	1758	912	1978	1883	2351	1523	1501	1819	1575	3256	1347	3696	3015	2131	2588	2360	4571	985	1937	2513	4230	2515	1337	3009	2098	4139	2856	2683	1624	2196	914	1832	3745	3346	4094	3469	2066	1990	2316	1501	1327	2392	2640	2445	1501	1857	1916	2395	2924	1064	2053	2848	754	1248	3550	2857	887	927	1561	3397	3444	1973	3492	1396	1229	2543	2266	948	0	2744	2692	1561	1182	3501	3514	1293	903	2327	2071	1160	892	4236	2914	941	1297	3548	1214	4322	681	2468	3952	1288	665	1159	
5231	3271	5386	2817	778	2887	5588	4481	1870	1942	3917	905	2985	1472	4366	4210	5434	3467	5794	304	814	2450	5026	4766	1967	4214	2227	4766	508	3834	4753	4348	4759	5475	5346	1650	4524	2188	4361	4169	5428	4195	5316	687	2444	1159	1472	2197	4131	2164	4536	1472	888	1952	919	1874	3534	3554	5220	2347	2470	4311	121	2817	3553	4247	5413	5552	1195	4066	1384	1869	4267	643	2681	2744	0	4339	1402	1565	3849	5094	3165	2828	547	4091	1844	1913	4340	4985	2803	1468	5672	3945	4518	3267	5042	4240	3578	3074	3537	
916	1237	1081	1558	4758	1513	1540	2455	2880	4524	876	4464	1408	2931	3701	1992	1340	1357	1556	4640	3525	2287	3709	2574	3478	1143	2450	2029	3872	3507	415	1063	1889	2341	2451	4063	1217	3516	1686	1846	1225	2360	982	3750	1949	3273	2931	3954	303	2608	750	2931	3646	2418	4515	5347	3394	791	1535	3400	3928	1393	4403	1887	3103	2190	1153	1353	4214	1572	3175	3724	168	4206	1927	2692	4339	0	2992	3271	1825	832	3919	3581	3792	739	3624	2811	2439	886	1855	3155	1472	2418	2404	2129	1973	2093	1485	3231	3541	
3863	1875	4013	1441	1771	1502	4188	3189	667	1956	2518	1513	1604	71	3356	2867	4037	2067	4406	1705	627	1554	3921	3917	1229	2814	1375	3770	1027	2845	3400	2947	3730	4108	3998	1453	3124	1443	2986	3187	4039	3360	3957	761	1246	766	72	1729	2763	1424	3139	72	663	814	1563	2516	2549	2201	3819	1510	1912	3206	1489	1426	2473	2928	4031	4161	1364	3017	343	1333	2905	1222	1284	1561	1402	2992	0	677	2879	3781	2443	2017	877	2694	1238	672	3512	3594	1408	423	4281	2675	3657	1947	3667	3322	2187	2083	2602	
4078	2056	4215	1739	1615	1766	4276	2933	401	1356	2643	1253	1870	665	2849	2699	4148	2125	4554	1833	1043	2193	3479	4514	561	2850	2030	4317	1387	2321	3657	3000	4262	3981	3830	850	3148	784	2895	3751	4189	3969	4189	897	1786	1382	665	1053	3006	2092	3266	665	681	1433	1302	2078	2020	2498	3839	883	1238	3710	1679	1458	2004	2714	4205	4302	948	3554	345	660	3157	1102	1369	1182	1565	3271	677	0	3454	4094	1807	1398	1188	2833	562	467	4120	3739	1468	253	4417	2391	4253	1752	3565	3906	2178	1550	2047	
2531	2174	2688	2007	4497	2061	3309	4020	3171	4806	2369	4334	2008	2852	5027	3531	3106	2542	3195	4108	3140	1404	5229	1077	3891	2786	1626	917	3343	4688	2082	2769	916	4145	4227	4298	2963	4030	3320	319	2938	612	2507	3483	1668	2697	2852	4431	1937	1689	2551	2852	3487	2067	4381	5381	4483	1710	3359	3993	4520	644	3865	2634	4241	3715	2821	3055	4241	329	3195	4082	1928	3997	2553	3501	3849	1825	2879	3454	0	2012	4784	4365	3361	2353	3975	3113	742	2689	2575	3235	3158	3800	823	3224	3748	457	2761	4159	4608	
625	2069	742	2366	5552	2330	1459	3058	3706	5356	1654	5271	2225	3723	4387	2641	1274	2170	1222	5391	4284	2879	4294	2419	4310	1802	3070	1819	4612	4248	533	1674	1669	2629	2809	4893	1753	4348	2291	1896	1053	2394	539	4532	2660	3990	3723	4785	1125	3212	1270	3723	4441	3147	5322	6172	4160	1598	1747	4229	4755	1402	5150	2719	3864	2834	905	1142	5033	1691	3983	4556	973	5001	2758	3514	5094	832	3781	4094	2012	0	4719	4396	4549	1483	4456	3637	2425	1037	2687	3968	1221	3122	2324	2927	2367	2109	2274	4032	4310	
4458	2776	4545	2785	2827	2745	4306	2265	1819	1550	3065	2439	2817	2409	1373	2360	4255	2563	4710	3359	2835	3773	2121	5858	1260	3004	3661	5524	3137	912	4196	3161	5432	3476	3235	1555	3198	1028	2712	5034	4390	5370	4601	2608	3216	3185	2409	990	3616	3763	3551	2409	2395	3040	2463	2496	730	3331	3751	933	711	4842	3286	2179	992	2241	4468	4469	2039	4784	2145	1299	3760	2544	2237	1293	3165	3919	2443	1807	4784	4719	0	438	2934	3240	1339	1847	5514	3991	2234	2043	4558	1829	5606	1792	3199	5237	2445	687	613	
4176	2404	4274	2375	2571	2340	4093	2177	1384	1424	2748	2172	2417	1981	1567	2182	4026	2226	4476	3043	2437	3335	2281	5441	873	2736	3223	5121	2757	1043	3881	2896	5033	3380	3159	1293	2958	644	2510	4621	4142	4946	4315	2236	2783	2767	1980	764	3279	3325	3272	1980	2019	2602	2203	2408	767	2956	3555	515	530	4445	2949	1785	921	2094	4209	4230	1764	4375	1729	969	3428	2229	1829	903	2828	3581	2017	1398	4365	4396	438	0	2555	2930	984	1410	5091	3727	1837	1625	4326	1682	5188	1482	3060	4820	2134	444	728	
4684	2733	4840	2273	1144	2345	5050	4029	1422	1948	3380	1073	2442	949	4038	3730	4894	2942	5251	849	268	1957	4661	4315	1682	3689	1737	4278	203	3509	4206	3819	4263	4981	4864	1544	4000	1914	3860	3680	4885	3743	4769	332	1904	671	949	2027	3584	1696	3997	949	539	1412	1110	2144	3207	3007	4694	2047	2279	3797	619	2304	3188	3779	4868	5009	1187	3562	932	1650	3720	718	2161	2327	547	3792	877	1188	3361	4549	2934	2555	0	3552	1597	1456	3892	4443	2285	1030	5130	3501	4062	2796	4542	3767	3064	2738	3230	
1271	820	1393	1296	4404	1214	1499	1737	2433	3991	193	4074	1124	2626	2963	1263	1343	736	1725	4395	3286	2406	2988	3228	2945	437	2516	2716	3666	2779	956	424	2584	1843	1889	3562	632	2947	985	2446	1358	2939	1400	3449	1907	3133	2626	3379	467	2685	445	2626	3311	2298	4124	4872	2679	755	1219	2811	3319	2044	4171	1378	2384	1460	1372	1475	3779	2160	2806	3197	571	3857	1468	2071	4091	739	2694	2833	2353	1483	3240	2930	3552	0	3104	2367	3038	908	1365	2765	1593	1679	3034	1451	1416	2694	797	2554	2828	
4372	2387	4497	2155	1644	2163	4473	2877	811	901	2911	1242	2262	1227	2534	2734	4366	2371	4793	2063	1515	2748	3221	5043	175	3045	2590	4820	1800	2003	3988	3203	4757	4011	3829	468	3323	349	2989	4266	4434	4506	4494	1270	2310	1912	1227	491	3341	2654	3515	1227	1059	1986	1280	1781	1708	2882	3992	525	698	4192	1966	1743	1771	2708	4469	4540	841	4057	899	107	3495	1251	1698	1160	1844	3624	1238	562	3975	4456	1339	984	1597	3104	0	874	4657	3991	1771	815	4650	2336	4783	1829	3628	4430	2373	1267	1699	
3611	1590	3747	1296	2063	1315	3814	2575	69	1756	2176	1713	1417	617	2685	2298	3684	1661	4088	2201	1245	1951	3251	4186	778	2393	1823	3948	1635	2177	3193	2541	3883	3570	3434	1268	2694	931	2468	3398	3722	3657	3723	1226	1456	1436	616	1318	2542	1917	2800	616	1035	1201	1763	2536	1883	2045	3387	937	1426	3318	2019	993	1801	2334	3738	3836	1415	3185	530	982	2694	1531	901	892	1913	2811	672	467	3113	3637	1847	1410	1456	2367	874	0	3807	3273	1001	448	3952	2045	3927	1353	3144	3570	1725	1422	1944	
3012	2913	3153	2745	5035	2801	3831	4735	3862	5462	3073	4912	2749	3493	5767	4247	3631	3276	3646	4575	3694	1972	5955	426	4583	3475	2177	728	3843	5430	2623	3443	845	4780	4883	4954	3627	4733	4018	596	3438	152	2957	4054	2351	3220	3493	5123	2599	2196	3186	3493	4085	2700	4957	5977	5224	2436	3957	4705	5225	1064	4339	3374	4983	4434	3305	3544	4857	879	3841	4763	2565	4564	3289	4236	4340	2439	3512	4120	742	2425	5514	5091	3892	3038	4657	3807	0	3255	3314	3891	3635	4534	202	3966	4404	346	3494	4896	5348	
506	1720	557	2173	5312	2098	664	2091	3339	4868	1097	4981	2002	3526	3465	1729	473	1624	816	5289	4176	3124	3298	3333	3827	991	3268	2750	4549	3398	637	832	2601	1600	1773	4453	817	3813	1359	2674	450	3192	658	4351	2710	3992	3526	4238	926	3432	476	3526	4217	3142	5032	5766	3360	1497	725	3666	4155	2192	5062	2282	3060	1909	483	568	4683	2414	3714	4081	842	4764	2376	2914	4985	886	3594	3739	2689	1037	3991	3727	4443	908	3991	3273	3255	0	2272	3673	687	2253	3194	2253	1333	2915	1629	3320	3510	
2617	618	2750	572	3051	515	2822	1920	1067	2670	1175	2711	582	1336	2537	1524	2687	671	3087	3103	2031	1824	2903	3639	1623	1416	1810	3289	2428	2139	2218	1557	3198	2716	2626	2217	1724	1669	1591	2810	2721	3176	2734	2134	1195	2003	1336	2107	1571	1964	1799	1336	1976	1315	2761	3517	1914	1142	2421	1568	2106	2609	2895	61	1692	1625	2737	2836	2414	2553	1461	1870	1724	2508	125	941	2803	1855	1408	1468	2575	2687	2234	1837	2285	1365	1771	1001	3314	2272	0	1410	2952	1484	3392	748	2269	3022	780	1588	2035	
3987	1965	4129	1602	1641	1642	4232	3015	402	1573	2578	1314	1746	415	3033	2746	4096	2080	4489	1754	847	1951	3637	4288	810	2820	1783	4109	1220	2510	3550	2964	4059	4017	3882	1064	3124	1028	2913	3536	4122	3739	4093	781	1573	1143	414	1306	2901	1842	3204	414	588	1195	1365	2227	2210	2370	3819	1112	1490	3516	1575	1411	2168	2779	4130	4239	1071	3348	106	911	3050	1098	1299	1297	1468	3155	423	253	3235	3968	2043	1625	1030	2765	815	448	3891	3673	1410	0	4357	2481	4028	1800	3591	3684	2159	1739	2248	
628	2407	482	2858	5997	2785	336	2491	4017	5517	1779	5663	2688	4214	3884	2220	303	2295	152	5976	4863	3756	3600	3639	4484	1612	3913	3040	5233	3892	1103	1451	2889	1662	1905	5115	1367	4457	1854	3085	251	3595	681	5039	3376	4671	4214	4875	1582	4073	1152	4214	4903	3818	5713	6429	3892	2165	881	4302	4775	2589	5749	2959	3595	2376	337	122	5359	2855	4399	4737	1475	5449	3058	3548	5672	1472	4281	4417	3158	1221	4558	4326	5130	1593	4650	3952	3635	687	2952	4357	0	2760	3542	2875	1577	3310	2278	3904	4040	
2748	1639	2809	1970	3951	1880	2490	544	2081	3054	1556	3557	1884	2607	1285	540	2457	1259	2912	4222	3283	3293	1449	4789	2163	1321	3291	4329	3678	1145	2590	1457	4208	1705	1500	2781	1437	2036	908	3967	2613	4412	2898	3261	2664	3384	2607	2372	2134	3447	1866	2607	3057	2788	3600	4035	1134	2102	1928	1850	2195	3636	4055	1430	843	414	2709	2680	3170	3685	2573	2388	2250	3480	1587	1214	3945	2418	2675	2391	3800	3122	1829	1682	3501	1679	2336	2045	4534	2253	1484	2481	2760	0	4568	753	1380	4206	1040	1239	1282	
2924	2963	3060	2826	5205	2877	3751	4748	3983	5600	3081	5074	2820	3635	5815	4261	3554	3315	3545	4757	3859	2128	5978	261	4704	3471	2338	561	4019	5492	2558	3430	693	4741	4855	5092	3607	4848	4018	601	3354	327	2861	4216	2474	3391	3635	5244	2584	2366	3154	3635	4241	2843	5119	6135	5294	2466	3905	4814	5339	1012	4520	3451	5047	4451	3216	3455	5008	885	3981	4890	2538	4728	3374	4322	4518	2404	3657	4253	823	2324	5606	5188	4062	3034	4783	3927	202	3194	3392	4028	3542	4568	0	4024	4376	371	3528	4978	5421	
2694	1066	2795	1281	3359	1201	2670	1244	1399	2658	1273	2979	1230	1878	1815	948	2581	781	3023	3554	2566	2572	2155	4260	1655	1267	2556	3854	2965	1470	2406	1428	3746	2228	2083	2296	1517	1595	1162	3427	2679	3834	2833	2580	1942	2639	1878	2003	1826	2708	1792	1878	2387	2038	3025	3602	1296	1605	2168	1432	1903	3158	3372	691	1028	983	2737	2773	2618	3155	1883	1904	1969	2854	842	681	3267	2129	1947	1752	3224	2927	1792	1482	2796	1451	1829	1353	3966	2253	748	1800	2875	753	4024	0	1818	3654	655	1105	1436	
1814	2002	1802	2496	5176	2398	1255	968	3197	4404	1462	4797	2341	3595	2337	896	1300	1664	1718	5337	4293	3757	2025	4547	3452	1022	3836	3992	4692	2422	1910	992	3848	455	480	4089	788	3359	681	3808	1516	4316	1959	4359	3196	4262	3595	3726	1811	4005	1224	3595	4178	3499	4843	5375	2484	2156	699	3180	3565	3366	5141	2244	2208	966	1654	1534	4433	3528	3664	3693	1840	4665	2394	2468	5042	1973	3667	3565	3748	2367	3199	3060	4542	1416	3628	3144	4404	1333	2269	3591	1577	1380	4376	1818	0	4057	1495	2617	2624	
2685	2595	2829	2456	4908	2506	3498	4397	3627	5257	2733	4760	2449	3297	5448	3909	3297	2951	3327	4488	3555	1816	5622	621	4348	3131	2032	577	3736	5122	2284	3098	643	4434	4537	4748	3281	4488	3675	249	3108	286	2636	3906	2122	3098	3297	4887	2253	2076	2840	3297	3919	2508	4807	5814	4923	2105	3614	4451	4977	726	4248	3080	4677	4098	2978	3216	4680	535	3642	4537	2218	4419	3004	3952	4240	2093	3322	3906	457	2109	5237	4820	3767	2694	4430	3570	346	2915	3022	3684	3310	4206	371	3654	4057	0	3166	4608	5051	
2050	624	2158	1053	3788	953	2106	1312	1786	3241	619	3431	924	2115	2299	845	1994	227	2422	3878	2811	2379	2472	3751	2206	676	2420	3303	3208	2042	1751	831	3185	1946	1876	2838	969	2184	824	2927	2067	3373	2186	2904	1773	2767	2115	2609	1183	2586	1158	2115	2737	2021	3480	4153	1911	1063	1662	2037	2534	2607	3672	762	1624	998	2111	2169	3103	2645	2220	2459	1322	3255	905	1288	3578	1485	2187	2178	2761	2274	2445	2134	3064	797	2373	1725	3494	1629	780	2159	2278	1040	3528	655	1495	3166	0	1758	2057	
3780	2102	3871	2152	2905	2103	3664	1737	1417	1845	2377	2503	2167	2034	1300	1742	3603	1877	4055	3313	2584	3242	1957	5226	1118	2330	3157	4870	2937	772	3509	2488	4773	2937	2719	1650	2538	922	2075	4397	3727	4755	3922	2438	2652	2849	2034	1169	2928	3277	2873	2034	2218	2549	2539	2831	471	2656	3121	742	963	4183	3194	1530	511	1651	3799	3811	2096	4140	1845	1284	3073	2511	1607	665	3074	3231	2083	1550	4159	4032	687	444	2738	2554	1267	1422	4896	3320	1588	1739	3904	1239	4978	1105	2617	4608	1758	0	522	
3994	2492	4067	2607	3299	2548	3772	1672	1937	2109	2668	2900	2602	2554	839	1821	3737	2214	4192	3761	3088	3746	1559	5664	1570	2540	3669	5281	3431	320	3779	2690	5177	2879	2633	2020	2700	1351	2186	4832	3888	5211	4141	2921	3147	3367	2553	1479	3240	3791	3094	2553	2702	3064	2931	3078	151	3038	3207	1191	1220	4587	3658	1975	451	1682	3977	3958	2492	4567	2354	1693	3377	2949	2072	1159	3537	3541	2602	2047	4608	4310	613	728	3230	2828	1699	1944	5348	3510	2035	2248	4040	1282	5421	1436	2624	5051	2057	522	0	


0	 CF52BQ 	 0 	 0 	 540  	 1080  	 0  	 0 

1	 CF141HB 	 1 	 10 	 720  	 960  	 9  	 4 
2	 CF52BB 	 1 	 7 	 720  	 960  	 7  	 3 
3	 CF141UQ	 1 	 5 	 540  	 780  	 5  	 2 
4	 CF149BZ 	 1 	 4 	 540  	 780  	 9  	 4 
5	 CF141RH 	 0 	 5 	 660  	 900  	 6  	 3 
6	 CF52LG 	 1 	 10 	 600  	 840  	 6  	 3 
7	 CF142DJ 	 0 	 15 	 720  	 960  	 8  	 4 
8	 CF144SP 	 1 	 3 	 540  	 780  	 6  	 3 
9	 CF149AD	 1 	 6 	 600  	 840  	 7  	 3 
10	 CF142PW	 1 	 10 	 600  	 840  	 10  	 5 
11	 CF149BN	 1 	 9 	 660  	 900  	 6  	 3 
12	 CF141RU 	 0 	 3 	 720  	 960  	 10  	 5 
13	 CF148DQ	 1 	 5 	 600  	 840  	 7  	 3 
14	 CF147EW	 1 	 7 	 720  	 960  	 8  	 4 
15	 CF142EH 	 1 	 3 	 660  	 900  	 8  	 4 
16	 CF52HN 	 1 	 7 	 540  	 780  	 9  	 4 
17	 CF142NW 1 	 7 	 600  	 840  	 5  	 2 
18	 CF52BL 	 1 	 9 	 540  	 780  	 5  	 2 
19	 CF140BG 	 1 	 1 	 540  	 780  	 10  	 5 
20	 CF145PZ 	 1 	 8 	 660  	 900  	 6  	 3 
21	 CF144EP 	 0 	 8 	 540  	 780  	 10  	 5 
22	 CF147ZB 	 1 	 3 	 660  	 900  	 7  	 3 
23	 CF244AQ	 1 	 5 	 540  	 780  	 8  	 4 
24	 CF146RB 	 1 	 3 	 600  	 840  	 8  	 4 
25	 CF142LJ 	 1 	 9 	 660  	 900  	 7  	 3 
26	 CF144EN 	 1 	 7 	 660  	 900  	 5  	 2 
27	 CF103UP 	 1 	 10 	 600  	 840  	 5  	 2 
28	 CF140YW	 1 	 1 	 660  	 900  	 6  	 3 
29	 CF147ES 	 1 	 10 	 600  	 840  	 8  	 4 
30	 CF52AZ 	 1 	 9 	 540  	 780  	 9  	 4 
31	 CF142HW 1 	 3 	 660  	 900  	 6  	 3 
32	 CF103DY 	 1 	 8 	 660  	 900  	 7  	 3 
33	 CF52RD 	 0 	 17 	 600  	 840  	 10  	 5 
34	 CF52RF 	 1 	 8 	 660  	 900  	 10  	 5 
35	 CF145HS 	 0 	 14 	 600  	 840  	 9  	 4 
36	 CF142LP 	 1 	 9 	 660  	 900  	 6  	 3 
37	 CF146LB 	 1 	 7 	 720  	 960  	 5  	 2 
38	 CF142BB 	 1 	 8 	 600  	 840  	 7  	 3 
39	 CF244JD 	 1 	 2 	 660  	 900  	 8  	 4 
40	 CF52LN 	 1 	 9 	 720  	 960  	 7  	 3 
41	 CF244NB	 1 	 4 	 600  	 840  	 7  	 3 
42	 CF52AP 	 1 	 3 	 600  	 840  	 10  	 5 
43	 CF145YU 	 0 	 22 	 540  	 780  	 7  	 3 
44	 CF144EE 	 1 	 1 	 660  	 900  	 6  	 3 
45	 CF145FA 	 1 	 1 	 720  	 960  	 5  	 2 
46	 CF148NU	 1 	 7 	 720  	 960  	 10  	 5 
47	 CF146QJ 	 1 	 9 	 660  	 900  	 9  	 4 
48	 CF142RA 	 1 	 1 	 600  	 840  	 9  	 4 
49	 CF143QJ 	 1 	 5 	 660  	 900  	 10  	 5 
50	 CF142QH	 1 	 10 	 660  	 900  	 7  	 3 
51	 CF148NS 	 1 	 10 	 720  	 960  	 10  	 5 
52	 CF145EH 	 1 	 10 	 720  	 960  	 5  	 2 
53	 CF144BL 	 0 	 17 	 720  	 960  	 9  	 4 
54	 CF149BL 	 1 	 9 	 540  	 780  	 10  	 5 
55	 CF149JF 	 1 	 4 	 660  	 900  	 10  	 5 
56	 CF147TD 	 1 	 5 	 660  	 900  	 7  	 3 
57	 CF143HT 	 1 	 1 	 540  	 780  	 7  	 3 
58	 CF52PU 	 1 	 4 	 600  	 840  	 10  	 5 
59	 CF146LE 	 1 	 6 	 600  	 840  	 9  	 4 
60	 CF146SP 	 1 	 9 	 540  	 780  	 7  	 3 
61	 CF103DW 1 	 5 	 600  	 840  	 9  	 4 
62	 CF140RN	 1 	 7 	 540  	 780  	 7  	 3 
63	 CF141SU 	 1 	 7 	 600  	 840  	 7  	 3 
64	 CF147BZ 	 1 	 7 	 600  	 840  	 5  	 2 
65	 CF142BQ	 1 	 5 	 540  	 780  	 10  	 5 
66	 CF52HS 	 1 	 2 	 660  	 900  	 8  	 4 
67	 CF52HP 	 1 	 9 	 660  	 900  	 6  	 3 
68	 CF145LA 	 1 	 7 	 600  	 840  	 8  	 4 
69	 CF244LT 	 1 	 6 	 600  	 840  	 8  	 4 
70	 CF145ZB 	 1 	 6 	 600  	 840  	 7  	 3 
71	 CF146RH 	 0 	 4 	 660  	 900  	 10  	 5 
72	 CF142RB 	 0 	 3 	 720  	 960  	 10  	 5 
73	 CF145AB 	 1 	 4 	 600  	 840  	 9  	 4 
74	 CF141TG 	 0 	 5 	 660  	 900  	 9  	 4 
75	 CF146EQ 	 1 	 10 	 720  	 960  	 5  	 2 
76	 CF140RL 	 1 	 3 	 720  	 960  	 9  	 4 
77	 CF142QF 	 1 	 1 	 660  	 900  	 10  	 5 
78	 CF145JA 	 1 	 6 	 600  	 840  	 9  	 4 
79	 CF145EB 	 1 	 6 	 540  	 780  	 5  	 2 
80	 CF143JS 	 1 	 1 	 660  	 900  	 8  	 4 
81	 CF52AS 	 1 	 1 	 720  	 960  	 5  	 2 
82	 CF146UF 	 1 	 8 	 540  	 780  	 9  	 4 
83	 CF146UN	 1 	 6 	 720  	 960  	 9  	 4 
84	 CF145DW 1 	 7 	 600  	 840  	 8  	 4 
85	 CF142PL 	 1 	 3 	 540  	 780  	 9  	 4 
86	 CF146RF 	 1 	 6 	 540  	 780  	 5  	 2 
87	 CF144SW	 1 	 7 	 540  	 780  	 5  	 2 
88	 CF244BX 	 1 	 1 	 600  	 840  	 7  	 3 
89	 CF52DR 	 1 	 1 	 720  	 960  	 7  	 3 
90	 CF141TB 	 1 	 6 	 600  	 840  	 8  	 4 
91	 CF145FF 	 1 	 2 	 660  	 900  	 8  	 4 
92	 CF52HD 	 1 	 2 	 720  	 960  	 9  	 4 
93	 CF142TF 	 0 	 15 	 720  	 960  	 10  	 5 
94	 CF244BY 	 1 	 6 	 540  	 780  	 5  	 2 
95	 CF141AF 	 1 	 9 	 540  	 780  	 5  	 2 
96	 CF52RZ 	 1 	 5 	 540  	 780  	 6  	 3 
97	 CF244EQ 	 1 	 8 	 540  	 780  	 9  	 4 
98	 CF141DT 	 1 	 6 	 720  	 960  	 7  	 3 
99	 CF146HR 	 1 	 10 	 600  	 840  	 10  	 5 
100	 CF147HR 	 1 	 6 	 660  	 900  	 9  	 4 
