100

1200
32
10
500

0	1306	1727	3258	2204	2477	1528	874	1056	1054	2350	574	2182	3113	3143	1640	4010	1813	3518	3365	622	2589	3514	1195	3353	1152	1979	920	642	1225	2701	1743	3025	3564	1660	1794	3592	1540	3192	2279	1375	2436	1755	1046	4774	1938	890	935	1091	1600	1405	2614	445	2028	2571	2803	763	2137	1750	1460	4597	4655	574	1241	1536	2436	4617	3279	1330	1566	1981	1000	3088	1683	2983	1700	2733	2296	1435	1581	2344	3889	3620	1284	4635	2445	1939	1280	688	1234	1303	1300	3134	2870	1769	3786	1412	1609	949	2473	3376	
1306	0	2997	2236	1046	1756	333	2041	1164	2323	1092	1261	2639	1907	2186	734	2973	577	2479	2570	920	2901	2869	2463	2919	252	830	2077	1919	1645	2754	1866	3985	2740	2017	2261	4564	1297	4153	1110	1438	1940	2209	2251	3763	3155	1753	378	507	838	103	2817	887	902	3473	3731	2021	966	894	1740	3511	3704	811	524	2789	1940	3570	2773	1170	608	779	1940	4036	713	3968	2855	2225	1365	2663	1224	1267	3256	2708	1661	3650	1374	936	149	632	493	1948	408	4161	3867	463	2876	1435	2022	1227	3102	2266	
1727	2997	0	4955	3930	4107	3160	1489	2238	1101	3958	2108	3064	4840	4825	3358	5701	3533	5217	4979	2314	3518	5051	534	4778	2871	3705	1503	1287	2526	3852	2420	2870	5184	2121	2021	3293	2660	2997	3819	2845	3978	2789	778	6449	376	1988	2619	2658	3302	3090	3647	2171	3564	2666	2775	1283	3863	3457	2761	6299	6307	2298	2964	229	3978	6306	4753	2917	3290	3706	1897	2945	3405	2783	570	4252	3994	394	3184	3813	5401	5275	2588	6301	3897	3657	2942	2365	2959	2353	3026	2799	2673	3455	5436	2892	2741	2482	3051	5092	
3258	2236	4955	0	1204	980	2325	3616	3399	4008	2144	2858	3037	756	217	1629	753	1682	262	724	2645	2955	1200	4437	1656	2225	1407	3628	3692	2649	2464	4063	4775	749	4245	4494	5287	3457	4916	2441	2256	1344	2840	4302	1534	5193	3126	2543	2740	1658	2192	2739	2829	2488	4262	4510	3735	1285	1508	2504	1344	1471	2689	2032	4782	1344	1360	1443	2086	1725	1476	3294	4794	1601	4807	4951	1303	962	4691	1826	2693	1471	557	2606	1414	2749	1342	2368	2755	2045	2975	2009	5048	4744	1950	703	2210	2723	2515	3565	328	
2204	1046	3930	1204	0	1027	1122	2745	2203	3101	1135	1929	2726	911	1185	618	1930	479	1438	1651	1642	2831	2033	3398	2241	1081	227	2770	2733	1972	2498	2860	4343	1790	3043	3293	4904	2256	4502	1386	1609	1384	2382	3224	2721	4129	2320	1382	1544	744	994	2672	1759	1363	3813	4075	2805	81	603	1931	2466	2675	1633	975	3737	1384	2524	2054	1341	651	272	2510	4379	551	4350	3854	1589	528	3628	1172	1638	2402	1710	1953	2612	1718	363	1170	1616	976	2325	904	4573	4265	754	1875	1576	2214	1681	3255	1221	
2477	1756	4107	980	1027	0	1971	2703	2865	3105	2160	2001	2073	1375	789	1024	1653	1357	1221	888	1856	2041	1115	3609	1222	1642	1088	2710	2824	1696	1604	3611	3805	1087	3727	3954	4326	3052	3949	2400	1312	422	1860	3514	2354	4377	2199	1955	2242	959	1757	1841	2088	2343	3288	3539	2849	1078	864	1533	2267	2200	1945	1366	3952	422	2237	1046	1191	1149	1207	2356	3826	1044	3834	4172	564	498	3879	923	2647	1503	1172	1648	2199	2733	860	1905	2111	1390	2010	1404	4073	3768	1672	1330	1264	1744	1627	2607	1250	
1528	333	3160	2325	1122	1971	0	2316	1132	2572	823	1564	2972	1892	2304	981	3038	652	2552	2736	1225	3230	3070	2632	3166	584	941	2355	2162	1976	3068	1739	4304	2892	1938	2194	4883	1134	4472	792	1769	2199	2541	2394	3827	3285	2061	606	514	1112	259	3141	1146	572	3794	4052	2272	1042	1136	2073	3543	3794	1095	847	2943	2199	3620	3008	1498	860	853	2246	4356	940	4284	2963	2473	1535	2806	1534	935	3453	2830	1993	3726	1043	1117	262	840	817	2275	721	4473	4181	381	2996	1765	2354	1557	3435	2308	
874	2041	1489	3616	2745	2703	2316	0	1911	406	3129	821	1655	3639	3461	2130	4342	2449	3876	3549	1141	2106	3583	1097	3291	1830	2538	48	360	1049	2383	2527	2165	3755	2375	2445	2726	2402	2331	3096	1400	2525	1322	1186	5057	1823	512	1710	1936	2030	2144	2204	1171	2853	1737	1955	256	2694	2187	1277	4952	4893	1229	1790	1395	2525	4937	3273	1530	2100	2576	410	2231	2194	2118	1753	2786	2680	1390	1793	3187	3925	3874	1109	4901	3290	2418	2055	1495	1797	868	1895	2263	2004	2486	4028	1448	1257	1104	1792	3799	
1056	1164	2238	3399	2203	2865	1132	1911	0	1996	1812	1495	3159	3021	3348	1850	4133	1725	3640	3713	1297	3529	3977	1755	3953	1224	1992	1959	1615	2137	3541	784	4074	3890	863	1099	4637	493	4241	1620	2139	2973	2715	1465	4924	2282	1923	911	659	1908	1209	3514	1028	1375	3627	3857	1750	2122	2006	2335	4659	4868	1123	1505	2009	2973	4726	3833	1968	1731	1932	2051	4139	1849	4029	1927	3273	2517	1852	2142	1583	4366	3869	2184	4812	1663	2090	1033	806	1479	2301	1462	4171	3915	1507	4038	2161	2548	1751	3501	3417	
1054	2323	1101	4008	3101	3105	2572	406	1996	0	3394	1175	1981	4002	3858	2491	4739	2775	4269	3954	1467	2436	3989	779	3690	2133	2887	411	412	1455	2752	2513	2183	4160	2314	2341	2711	2488	2340	3332	1805	2931	1688	950	5459	1450	918	1969	2145	2401	2426	2553	1436	3081	1828	2009	303	3045	2559	1680	5347	5297	1522	2132	1034	2931	5336	3676	1925	2451	2915	803	2254	2551	2120	1428	3192	3065	1058	2191	3396	4329	4276	1515	5303	3496	2784	2318	1733	2135	1255	2226	2224	2002	2781	4431	1853	1642	1493	2036	4183	
2350	1092	3958	2144	1135	2160	823	3129	1812	3394	0	2353	3609	1504	2202	1413	2748	915	2315	2728	2012	3801	3143	3436	3376	1325	1102	3166	2984	2678	3545	2214	5056	2838	2486	2748	5634	1613	5223	305	2403	2498	3204	3185	3507	4059	2841	1425	1301	1578	990	3676	1963	461	4537	4798	3094	1083	1518	2728	3155	3537	1901	1493	3738	2498	3272	3187	2115	1333	981	3030	5104	1341	5044	3721	2720	1663	3594	2062	550	3498	2698	2683	3439	606	1365	1077	1663	1470	3003	1357	5242	4945	694	2847	2387	3020	2281	4106	2013	
574	1261	2108	2858	1929	2001	1564	821	1495	1175	2353	0	1665	2828	2720	1317	3599	1631	3119	2880	341	2048	2990	1608	2796	1032	1719	849	835	662	2131	2246	2752	3083	2201	2353	3331	1935	2921	2355	810	1908	1223	1535	4341	2377	501	978	1276	1228	1363	2056	496	2126	2255	2507	885	1875	1386	889	4201	4200	480	969	1951	1908	4202	2734	814	1281	1755	682	2808	1378	2728	2191	2198	1903	1882	1080	2478	3358	3167	717	4193	2584	1609	1302	824	976	811	1076	2911	2623	1688	3329	850	1063	393	2019	3017	
2182	2639	3064	3037	2726	2073	2972	1655	3159	1981	3609	1665	0	3402	2829	2216	3615	2708	3256	2652	1895	455	2481	2743	2018	2390	2613	1623	1989	1037	873	3908	1742	2841	3842	3968	2253	3586	1880	3716	1210	1694	447	2838	4177	3426	1312	2503	2852	2052	2720	602	2141	3534	1244	1481	1909	2720	2151	899	4214	3944	2074	2140	3015	1694	4133	2091	1496	2280	2712	1278	1758	2293	1780	3400	1808	2361	3032	1571	3900	2729	3055	1002	4001	4006	2371	2742	2433	2167	881	2275	2025	1728	2922	3169	1223	628	1458	538	3322	
3113	1907	4840	756	911	1375	1892	3639	3021	4002	1504	2828	3402	0	908	1511	1247	1332	849	1467	2551	3410	1939	4308	2347	1979	1135	3660	3641	2796	2978	3600	5097	1505	3823	4082	5640	2983	5249	1809	2410	1796	3122	4127	2004	5033	3194	2266	2374	1611	1835	3215	2669	1907	4570	4828	3709	977	1455	2710	1670	2037	2544	1885	4646	1796	1773	2134	2172	1559	1142	3379	5126	1452	5115	4750	1864	1051	4533	1955	2050	2226	1295	2767	1935	2091	1221	2010	2509	1887	3145	1814	5347	5039	1514	1419	2370	2973	2553	3940	527	
3143	2186	4825	217	1185	789	2304	3461	3348	3858	2202	2720	2829	908	0	1538	881	1653	433	562	2525	2741	1031	4312	1458	2151	1369	3472	3553	2476	2248	4035	4569	637	4202	4447	5078	3437	4709	2491	2086	1136	2643	4189	1631	5073	2965	2472	2693	1546	2152	2523	2723	2516	4059	4305	3590	1265	1404	2321	1491	1530	2581	1936	4657	1136	1482	1244	1932	1642	1452	3129	4587	1519	4602	4842	1087	855	4571	1668	2745	1334	526	2430	1494	2808	1264	2323	2673	1952	2796	1927	4844	4541	1939	692	2040	2532	2366	3355	541	
1640	734	3358	1629	618	1024	981	2130	1850	2491	1413	1317	2216	1511	1538	0	2383	499	1887	1863	1048	2389	2139	2831	2190	627	429	2153	2133	1377	2146	2587	3768	2043	2713	2946	4336	2029	3930	1571	1038	1218	1836	2680	3160	3578	1703	948	1218	166	745	2264	1204	1446	3239	3502	2198	575	161	1368	2960	3067	1067	403	3174	1218	2989	2040	754	126	507	1893	3808	78	3769	3325	1496	684	3074	652	1792	2527	2044	1365	3030	1891	299	883	1136	416	1727	394	3986	3680	764	2213	1012	1659	1064	2730	1736	
4010	2973	5701	753	1930	1653	3038	4342	4133	4739	2748	3599	3615	1247	881	2383	0	2409	497	988	3396	3464	1349	5186	1907	2974	2143	4352	4433	3349	2934	4775	5355	840	4970	5223	5839	4163	5486	3053	2961	1944	3476	5055	791	5944	3844	3290	3474	2410	2924	3234	3582	3136	4858	5095	4471	2011	2261	3183	615	790	3442	2785	5531	1944	607	1719	2813	2477	2202	4005	5367	2354	5395	5705	1810	1713	5442	2549	3296	1430	574	3301	695	3338	2094	3101	3506	2798	3661	2761	5640	5342	2658	518	2914	3378	3247	4124	742	
1813	577	3533	1682	479	1357	652	2449	1725	2775	915	1631	2708	1332	1653	499	2409	0	1917	2088	1310	2888	2435	2998	2573	662	289	2478	2387	1824	2635	2384	4220	2241	2564	2814	4793	1784	4385	1089	1514	1637	2317	2804	3200	3709	2076	934	1067	664	517	2761	1372	994	3694	3957	2473	398	608	1843	2937	3153	1262	670	3331	1637	3001	2403	1225	429	207	2270	4264	426	4217	3420	1889	894	3213	1149	1321	2815	2179	1820	3091	1416	500	694	1180	658	2166	554	4427	4123	315	2345	1493	2136	1463	3216	1693	
3518	2479	5217	262	1438	1221	2552	3876	3640	4269	2315	3119	3256	849	433	1887	497	1917	0	785	2907	3152	1244	4698	1751	2477	1648	3888	3954	2903	2645	4291	4997	738	4481	4731	5501	3682	5135	2617	2511	1563	3076	4562	1285	5454	3384	2793	2981	1919	2431	2930	3088	2681	4488	4734	3997	1519	1769	2752	1082	1245	2949	2290	5043	1563	1103	1543	2345	1980	1710	3551	5014	1857	5031	5211	1487	1223	4951	2085	2865	1456	478	2858	1175	2914	1597	2607	3009	2303	3226	2264	5274	4971	2174	576	2465	2965	2776	3779	325	
3365	2570	4979	724	1651	888	2736	3549	3713	3954	2728	2880	2652	1467	562	1863	988	2088	785	0	2743	2479	476	4487	968	2491	1799	3551	3693	2514	1946	4437	4384	206	4575	4810	4858	3856	4511	3008	2149	1039	2553	4400	1545	5256	3038	2810	3072	1826	2553	2248	2974	3010	3895	4127	3710	1725	1710	2318	1567	1349	2831	2233	4830	1039	1482	762	2066	1982	1899	3181	4393	1865	4428	5058	846	1207	4761	1800	3263	777	414	2459	1376	3332	1635	2716	2982	2255	2795	2255	4674	4379	2392	518	2101	2476	2498	3149	1038	
622	920	2314	2645	1642	1856	1225	1141	1297	1467	2012	341	1895	2551	2525	1048	3396	1310	2907	2743	0	2241	2905	1792	2774	694	1424	1173	1091	858	2247	2075	3083	2942	2079	2260	3662	1695	3252	2017	851	1834	1448	1666	4155	2549	836	650	972	989	1022	2217	280	1790	2580	2835	1167	1583	1143	1040	3988	4034	180	668	2136	1834	4002	2687	735	992	1449	1021	3137	1100	3062	2322	2134	1684	2046	971	2145	3284	2999	899	4015	2252	1347	964	538	670	1092	760	3248	2957	1351	3164	878	1271	454	2294	2778	
2589	2901	3518	2955	2831	2041	3230	2106	3529	2436	3801	2048	455	3410	2741	2389	3464	2888	3152	2479	2241	0	2238	3197	1726	2659	2751	2075	2436	1393	550	4292	1939	2653	4244	4382	2383	3935	2052	3939	1467	1628	835	3286	3961	3881	1740	2812	3168	2224	2972	235	2502	3777	1500	1699	2360	2838	2297	1204	4043	3710	2420	2384	3470	1628	3943	1835	1731	2471	2860	1723	1938	2463	1996	3854	1666	2405	3486	1740	4139	2438	2892	1345	3783	4243	2495	3017	2772	2413	1303	2514	2242	1967	3132	2987	1467	985	1789	719	3261	
3514	2869	5051	1200	2033	1115	3070	3583	3977	3989	3143	2990	2481	1939	1031	2139	1349	2435	1244	476	2905	2238	0	4582	564	2756	2152	3580	3769	2534	1688	4726	4174	523	4839	5062	4615	4165	4290	3413	2208	1082	2462	4525	1727	5350	3072	3067	3357	2070	2866	2003	3157	3394	3710	3927	3769	2101	1980	2313	1858	1472	3016	2474	4919	1082	1731	404	2186	2264	2262	3194	4175	2156	4227	5181	799	1541	4865	1934	3667	388	807	2474	1548	3741	1954	3018	3212	2499	2773	2518	4473	4189	2748	831	2162	2420	2598	2940	1512	
1195	2463	534	4437	3398	3609	2632	1097	1755	779	3436	1608	2743	4308	4312	2831	5186	2998	4698	4487	1792	3197	4582	0	4339	2337	3173	1124	822	2084	3478	2048	2854	4691	1782	1740	3339	2203	2999	3306	2375	3503	2419	309	5940	769	1557	2086	2135	2781	2557	3301	1639	3051	2559	2713	855	3331	2934	2326	5780	5806	1768	2435	345	3503	5792	4301	2422	2760	3172	1502	2928	2876	2778	657	3784	3475	294	2688	3312	4941	4772	2148	5795	3400	3130	2410	1831	2429	1959	2495	2841	2662	2922	4934	2421	2345	1992	2814	4567	
3353	2919	4778	1656	2241	1222	3166	3291	3953	3690	3376	2796	2018	2347	1458	2190	1907	2573	1751	968	2774	1726	564	4339	0	2763	2309	3280	3517	2256	1177	4726	3663	1071	4801	5007	4084	4202	3772	3621	1987	984	2072	4318	2273	5098	2791	3052	3375	2083	2935	1492	3045	3563	3219	3425	3499	2296	2032	2017	2422	2005	2910	2460	4665	984	2291	214	2039	2315	2428	2886	3661	2226	3722	4963	694	1715	4629	1822	3869	714	1351	2193	2093	3953	2073	3067	3158	2489	2441	2533	3968	3691	2886	1392	1946	2064	2406	2441	1983	
1152	252	2871	2225	1081	1642	584	1830	1224	2133	1325	1032	2390	1979	2151	627	2974	662	2477	2491	694	2659	2756	2337	2763	0	854	1864	1737	1393	2530	1973	3740	2670	2087	2319	4318	1440	3907	1359	1193	1780	1958	2148	3759	3054	1516	322	612	688	344	2582	712	1153	3225	3484	1830	1007	782	1491	3533	3680	611	310	2671	1780	3577	2630	932	512	838	1706	3790	633	3724	2774	2074	1304	2555	1013	1518	3144	2664	1410	3636	1625	887	358	536	279	1698	238	3919	3623	657	2833	1193	1771	976	2851	2291	
1979	830	3705	1407	227	1088	941	2538	1992	2887	1102	1719	2613	1135	1369	429	2143	289	1648	1799	1424	2751	2152	3173	2309	854	0	2563	2515	1806	2456	2667	4193	1952	2839	3087	4759	2070	4354	1318	1458	1399	2249	2997	2933	3902	2126	1158	1333	578	786	2607	1534	1255	3663	3926	2589	159	462	1786	2687	2877	1409	757	3511	1399	2741	2133	1179	438	122	2317	4232	355	4196	3627	1635	611	3401	1043	1562	2530	1894	1792	2820	1651	264	961	1390	756	2156	679	4414	4107	596	2061	1429	2075	1490	3135	1442	
920	2077	1503	3628	2770	2710	2355	48	1959	411	3166	849	1623	3660	3472	2153	4352	2478	3888	3551	1173	2075	3580	1124	3280	1864	2563	0	405	1046	2360	2575	2117	3758	2422	2491	2678	2450	2283	3137	1404	2525	1298	1222	5064	1842	513	1749	1979	2050	2180	2176	1210	2894	1689	1907	295	2719	2207	1270	4962	4897	1266	1817	1416	2525	4945	3265	1542	2125	2603	394	2182	2218	2070	1781	2783	2696	1416	1804	3229	3919	3880	1105	4906	3332	2439	2094	1537	1825	850	1924	2215	1956	2521	4033	1451	1239	1119	1750	3815	
642	1919	1287	3692	2733	2824	2162	360	1615	412	2984	835	1989	3641	3553	2133	4433	2387	3954	3693	1091	2436	3769	822	3517	1737	2515	405	0	1262	2676	2189	2488	3898	2024	2087	3038	2108	2651	2920	1561	2693	1628	852	5171	1583	740	1561	1733	2057	2021	2518	1032	2669	2081	2290	135	2674	2214	1505	5036	5024	1127	1759	1151	2693	5035	3481	1633	2082	2536	713	2556	2189	2435	1459	2970	2737	1113	1901	2985	4124	3994	1326	5021	3085	2430	1909	1322	1759	1158	1845	2563	2319	2379	4153	1608	1538	1197	2150	3849	
1225	1645	2526	2649	1972	1696	1976	1049	2137	1455	2678	662	1037	2796	2476	1377	3349	1824	2903	2514	858	1393	2534	2084	2256	1393	1806	1046	1262	0	1479	2900	2397	2720	2863	3014	2969	2552	2561	2747	394	1481	590	2082	4039	2841	539	1473	1817	1231	1733	1395	1111	2546	1870	2133	1244	1943	1370	247	3963	3862	1038	1185	2409	1481	3932	2228	632	1403	1881	667	2440	1454	2395	2716	1737	1767	2375	845	2911	2878	2855	64	3877	3018	1612	1733	1396	1208	352	1321	2609	2304	1983	3004	439	413	426	1461	2868	
2701	2754	3852	2464	2498	1604	3068	2383	3541	2752	3545	2131	873	2978	2248	2146	2934	2635	2645	1946	2247	550	1688	3478	1177	2530	2456	2360	2676	1479	0	4322	2489	2113	4317	4481	2928	3901	2602	3717	1402	1183	1064	3523	3413	4200	1940	2737	3094	1988	2810	315	2524	3583	2042	2248	2623	2519	2028	1242	3505	3160	2419	2231	3776	1183	3400	1285	1610	2247	2573	1976	2488	2212	2546	4130	1161	2025	3771	1534	3936	1891	2360	1418	3235	4036	2192	2885	2747	2262	1520	2349	2792	2514	2910	2449	1384	1138	1799	1263	2779	
1743	1866	2420	4063	2860	3611	1739	2527	784	2513	2214	2246	3908	3600	4035	2587	4775	2384	4291	4437	2075	4292	4726	2048	4726	1973	2667	2575	2189	2900	4322	0	4676	4604	334	568	5220	617	4838	1950	2921	3743	3469	1739	5564	2339	2633	1674	1369	2661	1887	4286	1800	1754	4264	4478	2322	2778	2746	3107	5266	5533	1903	2268	2199	3743	5352	4599	2752	2463	2588	2737	4745	2575	4621	1959	4041	3231	2032	2922	1812	5114	4561	2950	5465	1854	2802	1721	1590	2240	3036	2209	4736	4504	2117	4728	2944	3307	2527	4217	4041	
3025	3985	2870	4775	4343	3805	4304	2165	4074	2183	5056	2752	1742	5097	4569	3768	5355	4220	4997	4384	3083	1939	4174	2854	3663	3740	4193	2117	2488	2397	2489	4676	0	4567	4494	4522	579	4563	169	5094	2736	3435	1976	3100	5892	3231	2252	3730	4020	3614	4083	2174	3227	4872	530	269	2354	4322	3743	2412	5949	5646	3232	3572	2954	3435	5861	3772	3014	3799	4274	2079	76	3845	102	3397	3545	4047	3060	3173	5228	4375	4791	2404	5714	5335	3980	4046	3564	3592	2057	3705	312	198	4366	4899	2767	2132	2776	1236	5054	
3564	2740	5184	749	1790	1087	2892	3755	3890	4160	2838	3083	2841	1505	637	2043	840	2241	738	206	2942	2653	523	4691	1071	2670	1952	3758	3898	2720	2113	4604	4567	0	4751	4988	5034	4018	4692	3125	2355	1244	2752	4601	1345	5460	3245	2991	3244	2013	2718	2420	3170	3140	4083	4313	3916	1867	1892	2524	1392	1143	3026	2420	5034	1244	1294	880	2270	2160	2047	3387	4575	2041	4613	5259	1042	1375	4964	2003	3379	726	284	2665	1173	3444	1804	2884	3169	2441	3000	2436	4860	4567	2539	336	2308	2679	2703	3332	1031	
1660	2017	2121	4245	3043	3727	1938	2375	863	2314	2486	2201	3842	3823	4202	2713	4970	2564	4481	4575	2079	4244	4839	1782	4801	2087	2839	2422	2024	2863	4317	334	4494	4751	0	263	5025	873	4652	2235	2930	3825	3412	1479	5761	2019	2542	1772	1510	2769	2053	4257	1799	2025	4105	4308	2153	2961	2869	3083	5480	5716	1918	2365	1905	3825	5556	4687	2789	2593	2770	2626	4564	2710	4433	1640	4126	3377	1738	2982	2114	5227	4725	2917	5655	2163	2949	1879	1643	2340	2962	2324	4536	4316	2319	4893	2957	3261	2518	4114	4245	
1794	2261	2021	4494	3293	3954	2194	2445	1099	2341	2748	2353	3968	4082	4447	2946	5223	2814	4731	4810	2260	4382	5062	1740	5007	2319	3087	2491	2087	3014	4481	568	4522	4988	263	0	5040	1135	4678	2496	3107	4037	3547	1450	6013	1878	2659	2001	1755	2995	2301	4407	1981	2287	4156	4348	2210	3212	3101	3242	5736	5964	2107	2589	1816	4037	5810	4899	2983	2828	3021	2727	4594	2947	4457	1504	4338	3616	1653	3186	2371	5450	4968	3071	5905	2417	3190	2126	1855	2565	3087	2555	4546	4340	2575	5137	3137	3403	2689	4213	4499	
3592	4564	3293	5287	4904	4326	4883	2726	4637	2711	5634	3331	2253	5640	5078	4336	5839	4793	5501	4858	3662	2383	4615	3339	4084	4318	4759	2678	3038	2969	2928	5220	579	5034	5025	5040	0	5127	411	5673	3301	3943	2526	3602	6341	3639	2830	4309	4596	4180	4661	2617	3803	5451	1099	836	2903	4885	4306	2974	6424	6084	3810	4148	3403	3943	6325	4211	3581	4370	4842	2656	530	4413	609	3842	4031	4591	3523	3732	5807	4786	5269	2974	6162	5914	4542	4625	4141	4168	2632	4281	498	722	4942	5369	3330	2690	3353	1723	5575	
1540	1297	2660	3457	2256	3052	1134	2402	493	2488	1613	1935	3586	2983	3437	2029	4163	1784	3682	3856	1695	3935	4165	2203	4202	1440	2070	2450	2108	2552	3901	617	4563	4018	873	1135	5127	0	4730	1364	2503	3219	3139	1903	4951	2660	2387	1174	830	2120	1303	3902	1447	1152	4110	4343	2243	2175	2190	2732	4650	4925	1516	1747	2431	3219	4737	4064	2298	1904	1986	2525	4627	2009	4519	2289	3511	2649	2267	2434	1260	4552	3963	2594	4854	1320	2222	1148	1163	1718	2746	1670	4663	4405	1508	4129	2519	2965	2146	3953	3428	
3192	4153	2997	4916	4502	3949	4472	2331	4241	2340	5223	2921	1880	5249	4709	3930	5486	4385	5135	4511	3252	2052	4290	2999	3772	3907	4354	2283	2651	2561	2602	4838	169	4692	4652	4678	411	4730	0	5262	2896	3573	2130	3250	6012	3354	2421	3899	4189	3776	4250	2287	3396	5041	691	428	2517	4482	3903	2571	6078	5762	3401	3738	3089	3573	5986	3887	3176	3962	4436	2248	123	4007	221	3532	3676	4199	3199	3332	5397	4481	4920	2567	5833	5504	4140	4214	3733	3758	2223	3871	282	338	4532	5025	2927	2290	2942	1362	5198	
2279	1110	3819	2441	1386	2400	792	3096	1620	3332	305	2355	3716	1809	2491	1571	3053	1089	2617	3008	2017	3939	3413	3306	3621	1359	1318	3137	2920	2747	3717	1950	5094	3125	2235	2496	5673	1364	5262	0	2506	2716	3297	3041	3813	3895	2853	1389	1193	1731	1016	3828	1926	255	4582	4841	3037	1326	1695	2823	3459	3842	1885	1577	3594	2716	3577	3438	2222	1475	1197	3038	5145	1506	5076	3546	2952	1907	3445	2204	255	3774	2993	2760	3744	333	1572	1053	1604	1551	3057	1441	5265	4973	810	3144	2495	3111	2335	4197	2317	
1375	1438	2845	2256	1609	1312	1769	1400	2139	1805	2403	810	1210	2410	2086	1038	2961	1514	2511	2149	851	1467	2208	2375	1987	1193	1458	1404	1561	394	1402	2921	2736	2355	2930	3107	3301	2503	2896	2506	0	1133	803	2334	3662	3143	891	1353	1711	880	1514	1405	1131	2327	2206	2469	1567	1586	1007	330	3575	3493	1018	931	2711	1133	3549	1931	289	1085	1544	1045	2774	1116	2742	2984	1409	1375	2660	455	2692	2566	2477	358	3503	2798	1246	1551	1346	958	736	1065	2964	2656	1713	2630	48	622	426	1704	2474	
2436	1940	3978	1344	1384	422	2199	2525	2973	2931	2498	1908	1694	1796	1136	1218	1944	1637	1563	1039	1834	1628	1082	3503	984	1780	1399	2525	2693	1481	1183	3743	3435	1244	3825	4037	3943	3219	3573	2716	1133	0	1532	3444	2580	4272	2013	2069	2391	1102	1961	1423	2094	2630	2926	3171	2699	1422	1063	1280	2554	2388	1955	1477	3841	0	2497	863	1107	1341	1521	2148	3452	1260	3469	4099	302	872	3785	863	2956	1453	1407	1424	2413	3047	1143	2088	2183	1505	1755	1550	3712	3409	1945	1544	1086	1443	1516	2220	1639	
1755	2209	2789	2840	2382	1860	2541	1322	2715	1688	3204	1223	447	3122	2643	1836	3476	2317	3076	2553	1448	835	2462	2419	2072	1958	2249	1298	1628	590	1064	3469	1976	2752	3412	3547	2526	3139	2130	3297	803	1532	0	2480	4097	3136	911	2060	2406	1675	2292	891	1694	3108	1448	1707	1566	2368	1790	476	4086	3886	1627	1721	2713	1532	4026	2100	1092	1888	2340	919	2007	1914	1994	3073	1713	2071	2712	1210	3473	2757	2936	557	3926	3580	2021	2307	1986	1747	474	1857	2228	1920	2512	3067	825	187	1013	902	3102	
1046	2251	778	4302	3224	3514	2394	1186	1465	950	3185	1535	2838	4127	4189	2680	5055	2804	4562	4400	1666	3286	4525	309	4318	2148	2997	1222	852	2082	3523	1739	3100	4601	1479	1450	3602	1903	3250	3041	2334	3444	2480	0	5820	906	1583	1876	1888	2645	2341	3370	1476	2787	2773	2944	930	3153	2794	2328	5639	5700	1614	2278	553	3444	5662	4265	2344	2599	2986	1565	3173	2718	3029	658	3733	3342	413	2605	3035	4893	4664	2146	5680	3121	2977	2185	1624	2269	2008	2324	3106	2912	2703	4829	2377	2386	1928	2962	4413	
4774	3763	6449	1534	2721	2354	3827	5057	4924	5459	3507	4341	4177	2004	1631	3160	791	3200	1285	1545	4155	3961	1727	5940	2273	3759	2933	5064	5171	4039	3413	5564	5892	1345	5761	6013	6341	4951	6012	3813	3662	2580	4097	5820	0	6703	4551	4076	4265	3176	3715	3726	4353	3909	5417	5642	5201	2802	3032	3854	452	302	4211	3560	6284	2580	258	2131	3540	3257	2993	4704	5896	3134	5942	6473	2386	2482	6201	3273	4050	1621	1184	3986	179	4085	2875	3891	4289	3575	4332	3543	6189	5899	3447	1036	3614	4020	3977	4656	1524	
1938	3155	376	5193	4129	4377	3285	1823	2282	1450	4059	2377	3426	5033	5073	3578	5944	3709	5454	5256	2549	3881	5350	769	5098	3054	3902	1842	1583	2841	4200	2339	3231	5460	2019	1878	3639	2660	3354	3895	3143	4272	3136	906	6703	0	2308	2780	2773	3536	3243	4003	2376	3644	3039	3144	1600	4058	3687	3081	6534	6573	2511	3177	433	4272	6551	5065	3191	3500	3892	2233	3306	3619	3142	380	4552	4232	503	3457	3865	5707	5538	2905	6559	3943	3876	3084	2530	3169	2691	3227	3148	3033	3604	5701	3188	3080	2761	3425	5313	
890	1753	1988	3126	2320	2199	2061	512	1923	918	2841	501	1312	3194	2965	1703	3844	2076	3384	3038	836	1740	3072	1557	2791	1516	2126	513	740	539	1940	2633	2252	3245	2542	2659	2830	2387	2421	2853	891	2013	911	1583	4551	2308	0	1479	1772	1584	1853	1799	982	2625	1758	2008	709	2277	1739	774	4456	4384	980	1406	1877	2013	4435	2766	1044	1692	2178	193	2308	1773	2227	2200	2274	2205	1850	1299	2978	3416	3367	601	4393	3085	1977	1801	1317	1420	437	1527	2412	2122	2165	3520	938	803	641	1584	3322	
935	378	2619	2543	1382	1955	606	1710	911	1969	1425	978	2503	2266	2472	948	3290	934	2793	2810	650	2812	3067	2086	3052	322	1158	1749	1561	1473	2737	1674	3730	2991	1772	2001	4309	1174	3899	1389	1353	2069	2060	1876	4076	2780	1479	0	358	997	473	2758	540	1152	3230	3483	1668	1306	1100	1615	3844	4000	500	595	2412	2069	3892	2926	1128	833	1127	1658	3785	955	3706	2486	2367	1626	2287	1261	1500	3455	2986	1503	3955	1607	1208	349	254	569	1736	555	3888	3600	839	3155	1363	1876	1048	2929	2600	
1091	507	2658	2740	1544	2242	514	1936	659	2145	1301	1276	2852	2374	2693	1218	3474	1067	2981	3072	972	3168	3357	2135	3375	612	1333	1979	1733	1817	3094	1369	4020	3244	1510	1755	4596	830	4189	1193	1711	2391	2406	1888	4265	2773	1772	358	0	1297	550	3115	793	940	3530	3779	1854	1463	1378	1968	4003	4210	802	917	2439	2391	4067	3240	1484	1095	1273	1940	4077	1208	3990	2449	2685	1869	2299	1606	1254	3745	3215	1850	4153	1356	1441	373	455	888	2064	845	4162	3882	867	3383	1720	2224	1394	3265	2759	
1600	838	3302	1658	744	959	1112	2030	1908	2401	1578	1228	2052	1611	1546	166	2410	664	1919	1826	989	2224	2070	2781	2083	688	578	2050	2057	1231	1988	2661	3614	2013	2769	2995	4180	2120	3776	1731	880	1102	1675	2645	3176	3536	1584	997	1297	0	865	2100	1177	1598	3085	3348	2114	712	158	1209	2999	3069	1035	408	3125	1102	3017	1944	601	260	666	1772	3653	242	3618	3297	1391	697	3033	486	1948	2458	2037	1215	3040	2048	392	986	1157	431	1582	452	3837	3530	922	2205	853	1499	943	2567	1793	
1405	103	3090	2192	994	1757	259	2144	1209	2426	990	1363	2720	1835	2152	745	2924	517	2431	2553	1022	2972	2866	2557	2935	344	786	2180	2021	1733	2810	1887	4083	2718	2053	2301	4661	1303	4250	1016	1514	1961	2292	2341	3715	3243	1853	473	550	865	0	2882	990	815	3569	3828	2123	913	904	1821	3453	3663	915	589	2881	1961	3517	2784	1241	621	723	2041	4133	714	4067	2939	2242	1346	2753	1277	1181	3251	2676	1748	3604	1288	919	177	727	559	2041	462	4260	3965	366	2843	1509	2105	1319	3188	2209	
2614	2817	3647	2739	2672	1841	3141	2204	3514	2553	3676	2056	602	3215	2523	2264	3234	2761	2930	2248	2217	235	2003	3301	1492	2582	2607	2176	2518	1395	315	4286	2174	2420	4257	4407	2617	3902	2287	3828	1405	1423	891	3370	3726	4003	1799	2758	3115	2100	2882	0	2487	3676	1730	1932	2452	2685	2161	1180	3811	3475	2395	2295	3586	1423	3709	1600	1649	2354	2720	1806	2173	2335	2230	3956	1443	2227	3592	1624	4036	2205	2661	1340	3548	4139	2347	2940	2739	2325	1364	2421	2476	2199	3018	2755	1396	1008	1763	949	3048	
445	887	2171	2829	1759	2088	1146	1171	1028	1436	1963	496	2141	2669	2723	1204	3582	1372	3088	2974	280	2502	3157	1639	3045	712	1534	1210	1032	1111	2524	1800	3227	3170	1799	1981	3803	1447	3396	1926	1131	2094	1694	1476	4353	2376	982	540	793	1177	990	2487	0	1685	2739	2987	1134	1692	1321	1307	4164	4244	144	802	1979	2094	4189	2952	1007	1124	1537	1148	3284	1243	3197	2122	2396	1871	1873	1231	2025	3539	3211	1157	4217	2130	1501	887	338	793	1304	856	3371	3089	1347	3378	1158	1523	727	2513	2937	
2028	902	3564	2488	1363	2343	572	2853	1375	3081	461	2126	3534	1907	2516	1446	3136	994	2681	3010	1790	3777	3394	3051	3563	1153	1255	2894	2669	2546	3583	1754	4872	3140	2025	2287	5451	1152	5041	255	2327	2630	3108	2787	3909	3644	2625	1152	940	1598	815	3676	1685	0	4365	4621	2787	1293	1583	2636	3574	3920	1651	1397	3340	2630	3681	3388	2049	1338	1139	2807	4925	1387	4851	3298	2882	1863	3191	2055	366	3764	3030	2563	3831	472	1493	827	1358	1368	2846	1264	5037	4747	687	3187	2319	2921	2128	4003	2395	
2571	3473	2666	4262	3813	3288	3794	1737	3627	1828	4537	2255	1244	4570	4059	3239	4858	3694	4488	3895	2580	1500	3710	2559	3219	3225	3663	1689	2081	1870	2042	4264	530	4083	4105	4156	1099	4110	691	4582	2206	2926	1448	2773	5417	3039	1758	3230	3530	3085	3569	1730	2739	4365	0	263	1952	3792	3212	1882	5457	5179	2735	3049	2712	2926	5376	3313	2484	3271	3745	1595	570	3316	546	3152	3052	3519	2796	2643	4723	3933	4298	1875	5241	4830	3450	3538	3075	3070	1534	3183	786	484	3845	4412	2237	1602	2256	782	4537	
2803	3731	2775	4510	4075	3539	4052	1955	3857	2009	4798	2507	1481	4828	4305	3502	5095	3957	4734	4127	2835	1699	3927	2713	3425	3484	3926	1907	2290	2133	2248	4478	269	4313	4308	4348	836	4343	428	4841	2469	3171	1707	2944	5642	3144	2008	3483	3779	3348	3828	1932	2987	4621	263	0	2158	4055	3475	2144	5692	5398	2987	3311	2841	3171	5607	3527	2748	3534	4008	1840	307	3579	301	3284	3287	3778	2936	2905	4979	4137	4533	2139	5464	5086	3713	3795	3324	3332	1796	3445	547	275	4106	4644	2500	1864	2517	987	4788	
763	2021	1283	3735	2805	2849	2272	256	1750	303	3094	885	1909	3709	3590	2198	4471	2473	3997	3710	1167	2360	3769	855	3499	1830	2589	295	135	1244	2623	2322	2354	3916	2153	2210	2903	2243	2517	3037	1567	2699	1566	930	5201	1600	709	1668	1854	2114	2123	2452	1134	2787	1952	2158	0	2748	2272	1482	5077	5047	1219	1833	1168	2699	5071	3471	1661	2154	2616	648	2422	2257	2301	1507	2970	2786	1149	1929	3107	4119	4021	1307	5048	3208	2493	2017	1435	1836	1103	1926	2428	2184	2478	4178	1614	1490	1225	2045	3901	
2137	966	3863	1285	81	1078	1042	2694	2122	3045	1083	1875	2720	977	1265	575	2011	398	1519	1725	1583	2838	2101	3331	2296	1007	159	2719	2674	1943	2519	2778	4322	1867	2961	3212	4885	2175	4482	1326	1586	1422	2368	3153	2802	4058	2277	1306	1463	712	913	2685	1692	1293	3792	4055	2748	0	580	1911	2545	2756	1568	915	3669	1422	2605	2112	1313	595	191	2467	4360	504	4327	3781	1637	582	3558	1158	1577	2472	1790	1926	2694	1658	349	1090	1542	915	2294	838	4548	4241	675	1955	1555	2197	1639	3247	1300	
1750	894	3457	1508	603	864	1136	2187	2006	2559	1518	1386	2151	1455	1404	161	2261	608	1769	1710	1143	2297	1980	2934	2032	782	462	2207	2214	1370	2028	2746	3743	1892	2869	3101	4306	2190	3903	1695	1007	1063	1790	2794	3032	3687	1739	1100	1378	158	904	2161	1321	1583	3212	3475	2272	580	0	1332	2847	2931	1181	533	3278	1063	2868	1881	738	286	564	1926	3780	198	3749	3443	1338	550	3184	582	1923	2367	1903	1351	2899	2020	242	1044	1279	551	1722	546	3970	3663	897	2071	975	1618	1098	2674	1637	
1460	1740	2761	2504	1931	1533	2073	1277	2335	1680	2728	889	899	2710	2321	1368	3183	1843	2752	2318	1040	1204	2313	2326	2017	1491	1786	1270	1505	247	1242	3107	2412	2524	3083	3242	2974	2732	2571	2823	330	1280	476	2328	3854	3081	774	1615	1968	1209	1821	1180	1307	2636	1882	2144	1482	1911	1332	0	3798	3667	1218	1246	2649	1280	3758	1996	618	1414	1874	881	2448	1445	2420	2961	1521	1665	2618	763	3002	2649	2673	183	3689	3108	1569	1843	1569	1272	479	1382	2646	2338	2036	2817	357	293	586	1378	2741	
4597	3511	6299	1344	2466	2267	3543	4952	4659	5347	3155	4201	4214	1670	1491	2960	615	2937	1082	1567	3988	4043	1858	5780	2422	3533	2687	4962	5036	3963	3505	5266	5949	1392	5480	5736	6424	4650	6078	3459	3575	2554	4086	5639	452	6534	4456	3844	4003	2999	3453	3811	4164	3574	5457	5692	5077	2545	2847	3798	0	685	4026	3363	6124	2554	209	2253	3422	3047	2732	4619	5959	2926	5992	6285	2406	2305	6031	3159	3689	1843	1159	3915	522	3716	2666	3631	4069	3374	4275	3329	6238	5941	3161	1056	3528	3991	3854	4715	1245	
4655	3704	6307	1471	2675	2200	3794	4893	4868	5297	3537	4200	3944	2037	1530	3067	790	3153	1245	1349	4034	3710	1472	5806	2005	3680	2877	4897	5024	3862	3160	5533	5646	1143	5716	5964	6084	4925	5762	3842	3493	2388	3886	5700	302	6573	4384	4000	4210	3069	3663	3475	4244	3920	5179	5398	5047	2756	2931	3667	685	0	4101	3463	6150	2388	476	1875	3391	3172	2947	4529	5647	3048	5698	6356	2173	2383	6073	3123	4085	1335	1035	3807	164	4127	2793	3838	4202	3480	4143	3456	5945	5659	3417	872	3445	3819	3827	4412	1526	
574	811	2298	2689	1633	1945	1095	1229	1123	1522	1901	480	2074	2544	2581	1067	3442	1262	2949	2831	180	2420	3016	1768	2910	611	1409	1266	1127	1038	2419	1903	3232	3026	1918	2107	3810	1516	3401	1885	1018	1955	1627	1614	4211	2511	980	500	802	1035	915	2395	144	1651	2735	2987	1219	1568	1181	1218	4026	4101	0	667	2109	1955	4050	2814	876	992	1419	1158	3287	1109	3207	2262	2257	1730	2008	1093	2000	3398	3068	1078	4075	2106	1365	833	360	661	1263	731	3388	3101	1262	3235	1042	1450	632	2468	2802	
1241	524	2964	2032	975	1366	847	1790	1505	2132	1493	969	2140	1885	1936	403	2785	670	2290	2233	668	2384	2474	2435	2460	310	757	1817	1759	1185	2231	2268	3572	2420	2365	2589	4148	1747	3738	1577	931	1477	1721	2278	3560	3177	1406	595	917	408	589	2295	802	1397	3049	3311	1833	915	533	1246	3363	3463	667	0	2777	1477	3392	2332	653	326	786	1599	3618	442	3564	2922	1773	1081	2675	705	1761	2862	2436	1191	3429	1867	699	655	749	31	1515	136	3769	3468	798	2604	923	1535	800	2621	2135	
1536	2789	229	4782	3737	3952	2943	1395	2009	1034	3738	1951	3015	4646	4657	3174	5531	3331	5043	4830	2136	3470	4919	345	4665	2671	3511	1416	1151	2409	3776	2199	2954	5034	1905	1816	3403	2431	3089	3594	2711	3841	2713	553	6284	433	1877	2412	2439	3125	2881	3586	1979	3340	2712	2841	1168	3669	3278	2649	6124	6150	2109	2777	0	3841	6137	4632	2764	3102	3508	1805	3029	3218	2871	444	4120	3820	168	3031	3586	5275	5116	2472	6139	3670	3473	2729	2158	2770	2263	2834	2905	2758	3245	5278	2757	2652	2333	3042	4910	
2436	1940	3978	1344	1384	422	2199	2525	2973	2931	2498	1908	1694	1796	1136	1218	1944	1637	1563	1039	1834	1628	1082	3503	984	1780	1399	2525	2693	1481	1183	3743	3435	1244	3825	4037	3943	3219	3573	2716	1133	0	1532	3444	2580	4272	2013	2069	2391	1102	1961	1423	2094	2630	2926	3171	2699	1422	1063	1280	2554	2388	1955	1477	3841	0	2497	863	1107	1341	1521	2148	3452	1260	3469	4099	302	872	3785	863	2956	1453	1407	1424	2413	3047	1143	2088	2183	1505	1755	1550	3712	3409	1945	1544	1086	1443	1516	2220	1639	
4617	3570	6306	1360	2524	2237	3620	4937	4726	5336	3272	4202	4133	1773	1482	2989	607	3001	1103	1482	4002	3943	1731	5792	2291	3577	2741	4945	5035	3932	3400	5352	5861	1294	5556	5810	6325	4737	5986	3577	3549	2497	4026	5662	258	6551	4435	3892	4067	3017	3517	3709	4189	3681	5376	5607	5071	2605	2868	3758	209	476	4050	3392	6137	2497	0	2131	3411	3082	2794	4593	5869	2960	5907	6312	2328	2320	6048	3145	3812	1683	1090	3882	313	3844	2700	3694	4111	3405	4236	3367	6153	5860	3238	964	3502	3939	3846	4626	1312	
3279	2773	4753	1443	2054	1046	3008	3273	3833	3676	3187	2734	2091	2134	1244	2040	1719	2403	1543	762	2687	1835	404	4301	214	2630	2133	3265	3481	2228	1285	4599	3772	880	4687	4899	4211	4064	3887	3438	1931	863	2100	4265	2131	5065	2766	2926	3240	1944	2784	1600	2952	3388	3313	3527	3471	2112	1881	1996	2253	1875	2814	2332	4632	863	2131	0	1954	2166	2251	2874	3773	2071	3827	4916	561	1531	4588	1722	3688	659	1155	2166	1952	3770	1905	2922	3045	2359	2440	2396	4073	3790	2717	1209	1888	2073	2341	2541	1770	
1330	1170	2917	2086	1341	1191	1498	1530	1968	1925	2115	814	1496	2172	1932	754	2813	1225	2345	2066	735	1731	2186	2422	2039	932	1179	1542	1633	632	1610	2752	3014	2270	2789	2983	3581	2298	3176	2222	289	1107	1092	2344	3540	3191	1044	1128	1484	601	1241	1649	1007	2049	2484	2748	1661	1313	738	618	3422	3391	876	653	2764	1107	3411	1954	0	796	1261	1220	3054	832	3017	3001	1404	1162	2697	268	2413	2560	2361	614	3388	2518	980	1291	1162	682	984	785	3236	2929	1426	2520	273	910	436	1993	2278	
1566	608	3290	1725	651	1149	860	2100	1731	2451	1333	1281	2280	1559	1642	126	2477	429	1980	1982	992	2471	2264	2760	2315	512	438	2125	2082	1403	2247	2463	3799	2160	2593	2828	4370	1904	3962	1475	1085	1341	1888	2599	3257	3500	1692	833	1095	260	621	2354	1124	1338	3271	3534	2154	595	286	1414	3047	3172	992	326	3102	1341	3082	2166	796	0	487	1884	3841	123	3797	3240	1621	793	2998	732	1689	2652	2153	1396	3131	1790	383	757	1032	332	1748	285	4010	3706	665	2322	1064	1707	1061	2787	1814	
1981	779	3706	1476	272	1207	853	2576	1932	2915	981	1755	2712	1142	1452	507	2202	207	1710	1899	1449	2860	2262	3172	2428	838	122	2603	2536	1881	2573	2588	4274	2047	2770	3021	4842	1986	4436	1197	1544	1521	2340	2986	2993	3892	2178	1127	1273	666	723	2720	1537	1139	3745	4008	2616	191	564	1874	2732	2947	1419	786	3508	1521	2794	2251	1261	487	0	2371	4314	429	4275	3609	1755	724	3393	1142	1442	2637	1978	1871	2885	1530	384	900	1368	781	2230	691	4491	4185	493	2143	1518	2164	1549	3231	1487	
1000	1940	1897	3294	2510	2356	2246	410	2051	803	3030	682	1278	3379	3129	1893	4005	2270	3551	3181	1021	1723	3194	1502	2886	1706	2317	394	713	667	1976	2737	2079	3387	2626	2727	2656	2525	2248	3038	1045	2148	919	1565	4704	2233	193	1658	1940	1772	2041	1806	1148	2807	1595	1840	648	2467	1926	881	4619	4529	1158	1599	1805	2148	4593	2874	1220	1884	2371	0	2137	1964	2051	2155	2399	2382	1795	1470	3158	3529	3519	724	4543	3264	2165	1984	1485	1613	458	1720	2230	1944	2357	3670	1092	847	830	1489	3497	
3088	4036	2945	4794	4379	3826	4356	2231	4139	2254	5104	2808	1758	5126	4587	3808	5367	4264	5014	4393	3137	1938	4175	2928	3661	3790	4232	2182	2556	2440	2488	4745	76	4575	4564	4594	530	4627	123	5145	2774	3452	2007	3173	5896	3306	2308	3785	4077	3653	4133	2173	3284	4925	570	307	2422	4360	3780	2448	5959	5647	3287	3618	3029	3452	5869	3773	3054	3841	4314	2137	0	3885	171	3473	3556	4076	3135	3209	5282	4370	4801	2445	5718	5389	4017	4098	3622	3638	2103	3751	340	273	4413	4907	2805	2166	2823	1244	5076	
1683	713	3405	1601	551	1044	940	2194	1849	2551	1341	1378	2293	1452	1519	78	2354	426	1857	1865	1100	2463	2156	2876	2226	633	355	2218	2189	1454	2212	2575	3845	2041	2710	2947	4413	2009	4007	1506	1116	1260	1914	2718	3134	3619	1773	955	1208	242	714	2335	1243	1387	3316	3579	2257	504	198	1445	2926	3048	1109	442	3218	1260	2960	2071	832	123	429	1964	3885	0	3847	3361	1533	671	3116	727	1730	2543	2031	1442	3008	1828	260	861	1155	450	1803	409	4063	3757	703	2200	1090	1736	1136	2808	1695	
2983	3968	2783	4807	4350	3834	4284	2118	4029	2120	5044	2728	1780	5115	4602	3769	5395	4217	5031	4428	3062	1996	4227	2778	3722	3724	4196	2070	2435	2395	2546	4621	102	4613	4433	4457	609	4519	221	5076	2742	3469	1994	3029	5942	3142	2227	3706	3990	3618	4067	2230	3197	4851	546	301	2301	4327	3749	2420	5992	5698	3207	3564	2871	3469	5907	3827	3017	3797	4275	2051	171	3847	0	3315	3587	4064	2980	3183	5206	4434	4833	2404	5765	5312	3987	4025	3535	3583	2051	3696	247	117	4355	4944	2774	2145	2765	1286	5083	
1700	2855	570	4951	3854	4172	2963	1753	1927	1428	3721	2191	3400	4750	4842	3325	5705	3420	5211	5058	2322	3854	5181	657	4963	2774	3627	1781	1459	2716	4130	1959	3397	5259	1640	1504	3842	2289	3532	3546	2984	4099	3073	658	6473	380	2200	2486	2449	3297	2939	3956	2122	3298	3152	3284	1507	3781	3443	2961	6285	6356	2262	2922	444	4099	6312	4916	3001	3240	3609	2155	3473	3361	3315	0	4388	3993	370	3263	3506	5547	5320	2780	6334	3582	3620	2775	2241	2911	2610	2961	3346	3202	3295	5486	3028	2995	2583	3458	5054	
2733	2225	4252	1303	1589	564	2473	2786	3273	3192	2720	2198	1808	1864	1087	1496	1810	1889	1487	846	2134	1666	799	3784	694	2074	1635	2783	2970	1737	1161	4041	3545	1042	4126	4338	4031	3511	3676	2952	1409	302	1713	3733	2386	4552	2274	2367	2685	1391	2242	1443	2396	2882	3052	3287	2970	1637	1338	1521	2406	2173	2257	1773	4120	302	2328	561	1404	1621	1755	2399	3556	1533	3587	4388	0	1061	4068	1164	3197	1160	1247	1678	2214	3285	1390	2374	2484	1801	1988	1841	3832	3536	2201	1364	1364	1649	1805	2314	1621	
2296	1365	3994	962	528	498	1535	2680	2517	3065	1663	1903	2361	1051	855	684	1713	894	1223	1207	1684	2405	1541	3475	1715	1304	611	2696	2737	1767	2025	3231	4047	1375	3377	3616	4591	2649	4199	1907	1375	872	2071	3342	2482	4232	2205	1626	1869	697	1346	2227	1871	1863	3519	3778	2786	582	550	1665	2305	2383	1730	1081	3820	872	2320	1531	1162	793	724	2382	4076	671	4064	3993	1061	0	3729	922	2157	1921	1361	1733	2349	2239	429	1509	1820	1097	2111	1076	4297	3988	1206	1530	1333	1923	1577	2899	1119	
1435	2663	394	4691	3628	3879	2806	1390	1852	1058	3594	1882	3032	4533	4571	3074	5442	3213	4951	4761	2046	3486	4865	294	4629	2555	3401	1416	1113	2375	3771	2032	3060	4964	1738	1653	3523	2267	3199	3445	2660	3785	2712	413	6201	503	1850	2287	2299	3033	2753	3592	1873	3191	2796	2936	1149	3558	3184	2618	6031	6073	2008	2675	168	3785	6048	4588	2697	2998	3393	1795	3135	3116	2980	370	4068	3729	0	2962	3431	5226	5038	2439	6058	3514	3373	2598	2035	2666	2252	2726	3025	2866	3116	5202	2705	2639	2270	3088	4810	
1581	1224	3184	1826	1172	923	1534	1793	2142	2191	2062	1080	1571	1955	1668	652	2549	1149	2085	1800	971	1740	1934	2688	1822	1013	1043	1804	1901	845	1534	2922	3173	2003	2982	3186	3732	2434	3332	2204	455	863	1210	2605	3273	3457	1299	1261	1606	486	1277	1624	1231	2055	2643	2905	1929	1158	582	763	3159	3123	1093	705	3031	863	3145	1722	268	732	1142	1470	3209	727	3183	3263	1164	922	2962	0	2413	2312	2093	812	3120	2515	811	1360	1340	736	1191	817	3409	3101	1395	2252	415	1042	704	2092	2030	
2344	1267	3813	2693	1638	2647	935	3187	1583	3396	550	2478	3900	2050	2745	1792	3296	1321	2865	3263	2145	4139	3667	3312	3869	1518	1562	3229	2985	2911	3936	1812	5228	3379	2114	2371	5807	1260	5397	255	2692	2956	3473	3035	4050	3865	2978	1500	1254	1948	1181	4036	2025	366	4723	4979	3107	1577	1923	3002	3689	4085	2000	1761	3586	2956	3812	3688	2413	1689	1442	3158	5282	1730	5206	3506	3197	2157	3431	2413	0	4029	3246	2928	3985	107	1812	1186	1692	1733	3209	1628	5388	5101	1028	3396	2684	3286	2492	4369	2562	
3889	3256	5401	1471	2402	1503	3453	3925	4366	4329	3498	3358	2729	2226	1334	2527	1430	2815	1456	777	3284	2438	388	4941	714	3144	2530	3919	4124	2878	1891	5114	4375	726	5227	5450	4786	4552	4481	3774	2566	1453	2757	4893	1621	5707	3416	3455	3745	2458	3251	2205	3539	3764	3933	4137	4119	2472	2367	2649	1843	1335	3398	2862	5275	1453	1683	659	2560	2652	2637	3529	4370	2543	4434	5547	1160	1921	5226	2312	4029	0	981	2816	1444	4101	2337	3404	3599	2887	3097	2907	4680	4405	3126	936	2521	2732	2965	3154	1756	
3620	2708	5275	557	1710	1172	2830	3874	3869	4276	2698	3167	3055	1295	526	2044	574	2179	478	414	2999	2892	807	4772	1351	2664	1894	3880	3994	2855	2360	4561	4791	284	4725	4968	5269	3963	4920	2993	2477	1407	2936	4664	1184	5538	3367	2986	3215	2037	2676	2661	3211	3030	4298	4533	4021	1790	1903	2673	1159	1035	3068	2436	5116	1407	1090	1155	2361	2153	1978	3519	4801	2031	4833	5320	1247	1361	5038	2093	3246	981	0	2803	1028	3304	1781	2847	3180	2454	3152	2436	5079	4782	2464	169	2430	2850	2798	3558	791	
1284	1661	2588	2606	1953	1648	1993	1109	2184	1515	2683	717	1002	2767	2430	1365	3301	1820	2858	2459	899	1345	2474	2148	2193	1410	1792	1105	1326	64	1418	2950	2404	2665	2917	3071	2974	2594	2567	2760	358	1424	557	2146	3986	2905	601	1503	1850	1215	1748	1340	1157	2563	1875	2139	1307	1926	1351	183	3915	3807	1078	1191	2472	1424	3882	2166	614	1396	1871	724	2445	1442	2404	2780	1678	1733	2439	812	2928	2816	2803	0	3825	3035	1592	1754	1435	1215	379	1327	2622	2316	1989	2951	400	374	456	1441	2829	
4635	3650	6301	1414	2612	2199	3726	4901	4812	5303	3439	4193	4001	1935	1494	3030	695	3091	1175	1376	4015	3783	1548	5795	2093	3636	2820	4906	5021	3877	3235	5465	5714	1173	5655	5905	6162	4854	5833	3744	3503	2413	3926	5680	179	6559	4393	3955	4153	3040	3604	3548	4217	3831	5241	5464	5048	2694	2899	3689	522	164	4075	3429	6139	2413	313	1952	3388	3131	2885	4543	5718	3008	5765	6334	2214	2349	6058	3120	3985	1444	1028	3825	0	4024	2750	3780	4163	3445	4167	3416	6011	5722	3347	874	3455	3852	3825	4479	1437	
2445	1374	3897	2749	1718	2733	1043	3290	1663	3496	606	2584	4006	2091	2808	1891	3338	1416	2914	3332	2252	4243	3741	3400	3953	1625	1651	3332	3085	3018	4036	1854	5335	3444	2163	2417	5914	1320	5504	333	2798	3047	3580	3121	4085	3943	3085	1607	1356	2048	1288	4139	2130	472	4830	5086	3208	1658	2020	3108	3716	4127	2106	1867	3670	3047	3844	3770	2518	1790	1530	3264	5389	1828	5312	3582	3285	2239	3514	2515	107	4101	3304	3035	4024	0	1903	1293	1796	1839	3316	1733	5494	5207	1127	3452	2789	3393	2599	4476	2607	
1939	936	3657	1342	363	860	1117	2418	2090	2784	1365	1609	2371	1221	1264	299	2094	500	1597	1635	1347	2495	1954	3130	2073	887	264	2439	2430	1612	2192	2802	3980	1804	2949	3190	4542	2222	4140	1572	1246	1143	2021	2977	2875	3876	1977	1208	1441	392	919	2347	1501	1493	3450	3713	2493	349	242	1569	2666	2793	1365	699	3473	1143	2700	1905	980	383	384	2165	4017	260	3987	3620	1390	429	3373	811	1812	2337	1781	1592	2750	1903	0	1081	1414	709	1964	668	4210	3902	813	1949	1213	1852	1335	2899	1437	
1280	149	2942	2368	1170	1905	262	2055	1033	2318	1077	1302	2742	2010	2323	883	3101	694	2607	2716	964	3017	3018	2410	3067	358	961	2094	1909	1733	2885	1721	4046	2884	1879	2126	4625	1148	4214	1053	1551	2088	2307	2185	3891	3084	1801	349	373	986	177	2940	887	827	3538	3795	2017	1090	1044	1843	3631	3838	833	655	2729	2088	3694	2922	1291	757	900	1984	4098	861	4025	2775	2374	1509	2598	1360	1186	3404	2847	1754	3780	1293	1081	0	593	625	2024	549	4212	3922	520	3015	1551	2120	1310	3194	2386	
688	632	2365	2755	1616	2111	840	1495	806	1733	1663	824	2433	2509	2673	1136	3506	1180	3009	2982	538	2772	3212	1831	3158	536	1390	1537	1322	1396	2747	1590	3564	3169	1643	1855	4141	1163	3733	1604	1346	2183	1986	1624	4289	2530	1317	254	455	1157	727	2739	338	1358	3075	3324	1435	1542	1279	1569	4069	4202	360	749	2158	2183	4111	3045	1162	1032	1368	1485	3622	1155	3535	2241	2484	1820	2035	1340	1692	3599	3180	1435	4163	1796	1414	593	0	728	1621	747	3708	3427	1093	3349	1364	1808	984	2828	2828	
1234	493	2959	2045	976	1390	817	1797	1479	2135	1470	976	2167	1887	1952	416	2798	658	2303	2255	670	2413	2499	2429	2489	279	756	1825	1759	1208	2262	2240	3592	2441	2340	2565	4168	1718	3758	1551	958	1505	1747	2269	3575	3169	1420	569	888	431	559	2325	793	1368	3070	3332	1836	915	551	1272	3374	3480	661	31	2770	1505	3405	2359	682	332	781	1613	3638	450	3583	2911	1801	1097	2666	736	1733	2887	2454	1215	3445	1839	709	625	728	0	1536	113	3788	3487	776	2622	951	1560	818	2647	2144	
1303	1948	2353	2975	2325	2010	2275	868	2301	1255	3003	811	881	3145	2796	1727	3661	2166	3226	2795	1092	1303	2773	1959	2441	1698	2156	850	1158	352	1520	3036	2057	3000	2962	3087	2632	2746	2223	3057	736	1755	474	2008	4332	2691	437	1736	2064	1582	2041	1364	1304	2846	1534	1796	1103	2294	1722	479	4275	4143	1263	1515	2263	1755	4236	2440	984	1748	2230	458	2103	1803	2051	2610	1988	2111	2252	1191	3209	3097	3152	379	4167	3316	1964	2024	1621	1536	0	1649	2262	1958	2311	3295	778	389	723	1208	3204	
1300	408	3026	2009	904	1404	721	1895	1462	2226	1357	1076	2275	1814	1927	394	2761	554	2264	2255	760	2514	2518	2495	2533	238	679	1924	1845	1321	2349	2209	3705	2436	2324	2555	4281	1670	3871	1441	1065	1550	1857	2324	3543	3227	1527	555	845	452	462	2421	856	1264	3183	3445	1926	838	546	1382	3329	3456	731	136	2834	1550	3367	2396	785	285	691	1720	3751	409	3696	2961	1841	1076	2726	817	1628	2907	2436	1327	3416	1733	668	549	747	113	1649	0	3900	3599	663	2605	1056	1671	931	2758	2093	
3134	4161	2799	5048	4573	4073	4473	2263	4171	2224	5242	2911	2025	5347	4844	3986	5640	4427	5274	4674	3248	2242	4473	2841	3968	3919	4414	2215	2563	2609	2792	4736	312	4860	4536	4546	498	4663	282	5265	2964	3712	2228	3106	6189	3148	2412	3888	4162	3837	4260	2476	3371	5037	786	547	2428	4548	3970	2646	6238	5945	3388	3769	2905	3712	6153	4073	3236	4010	4491	2230	340	4063	247	3346	3832	4297	3025	3409	5388	4680	5079	2622	6011	5494	4210	4212	3708	3788	2262	3900	0	308	4556	5190	2998	2374	2970	1533	5322	
2870	3867	2673	4744	4265	3768	4181	2004	3915	2002	4945	2623	1728	5039	4541	3680	5342	4123	4971	4379	2957	1967	4189	2662	3691	3623	4107	1956	2319	2304	2514	4504	198	4567	4316	4340	722	4405	338	4973	2656	3409	1920	2912	5899	3033	2122	3600	3882	3530	3965	2199	3089	4747	484	275	2184	4241	3663	2338	5941	5659	3101	3468	2758	3409	5860	3790	2929	3706	4185	1944	273	3757	117	3202	3536	3988	2866	3101	5101	4405	4782	2316	5722	5207	3902	3922	3427	3487	1958	3599	308	0	4257	4896	2690	2066	2669	1251	5016	
1769	463	3455	1950	754	1672	381	2486	1507	2781	694	1688	2922	1514	1939	764	2658	315	2174	2392	1351	3132	2748	2922	2886	657	596	2521	2379	1983	2910	2117	4366	2539	2319	2575	4942	1508	4532	810	1713	1945	2512	2703	3447	3604	2165	839	867	922	366	3018	1347	687	3845	4106	2478	675	897	2036	3161	3417	1262	798	3245	1945	3238	2717	1426	665	493	2357	4413	703	4355	3295	2201	1206	3116	1395	1028	3126	2464	1989	3347	1127	813	520	1093	776	2311	663	4556	4257	0	2628	1698	2327	1590	3414	1927	
3786	2876	5436	703	1875	1330	2996	4028	4038	4431	2847	3329	3169	1419	692	2213	518	2345	576	518	3164	2987	831	4934	1392	2833	2061	4033	4153	3004	2449	4728	4899	336	4893	5137	5369	4129	5025	3144	2630	1544	3067	4829	1036	5701	3520	3155	3383	2205	2843	2755	3378	3187	4412	4644	4178	1955	2071	2817	1056	872	3235	2604	5278	1544	964	1209	2520	2322	2143	3670	4907	2200	4944	5486	1364	1530	5202	2252	3396	936	169	2951	874	3452	1949	3015	3349	2622	3295	2605	5190	4896	2628	0	2582	2986	2957	3664	901	
1412	1435	2892	2210	1576	1264	1765	1448	2161	1853	2387	850	1223	2370	2040	1012	2914	1493	2465	2101	878	1467	2162	2421	1946	1193	1429	1451	1608	439	1384	2944	2767	2308	2957	3137	3330	2519	2927	2495	48	1086	825	2377	3614	3188	938	1363	1720	853	1509	1396	1158	2319	2237	2500	1614	1555	975	357	3528	3445	1042	923	2757	1086	3502	1888	273	1064	1518	1092	2805	1090	2774	3028	1364	1333	2705	415	2684	2521	2430	400	3455	2789	1213	1551	1364	951	778	1056	2998	2690	1698	2582	0	646	463	1723	2430	
1609	2022	2741	2723	2214	1744	2354	1257	2548	1642	3020	1063	628	2973	2532	1659	3378	2136	2965	2476	1271	985	2420	2345	2064	1771	2075	1239	1538	413	1138	3307	2132	2679	3261	3403	2690	2965	2290	3111	622	1443	187	2386	4020	3080	803	1876	2224	1499	2105	1008	1523	2921	1602	1864	1490	2197	1618	293	3991	3819	1450	1535	2652	1443	3939	2073	910	1707	2164	847	2166	1736	2145	2995	1649	1923	2639	1042	3286	2732	2850	374	3852	3393	1852	2120	1808	1560	389	1671	2374	2066	2327	2986	646	0	830	1087	2975	
949	1227	2482	2515	1681	1627	1557	1104	1751	1493	2281	393	1458	2553	2366	1064	3247	1463	2776	2498	454	1789	2598	1992	2406	976	1490	1119	1197	426	1799	2527	2776	2703	2518	2689	3353	2146	2942	2335	426	1516	1013	1928	3977	2761	641	1048	1394	943	1319	1763	727	2128	2256	2517	1225	1639	1098	586	3854	3827	632	800	2333	1516	3846	2341	436	1061	1549	830	2823	1136	2765	2583	1805	1577	2270	704	2492	2965	2798	456	3825	2599	1335	1310	984	818	723	931	2970	2669	1590	2957	463	830	0	1886	2696	
2473	3102	3051	3565	3255	2607	3435	1792	3501	2036	4106	2019	538	3940	3355	2730	4124	3216	3779	3149	2294	719	2940	2814	2441	2851	3135	1750	2150	1461	1263	4217	1236	3332	4114	4213	1723	3953	1362	4197	1704	2220	902	2962	4656	3425	1584	2929	3265	2567	3188	949	2513	4003	782	987	2045	3247	2674	1378	4715	4412	2468	2621	3042	2220	4626	2541	1993	2787	3231	1489	1244	2808	1286	3458	2314	2899	3088	2092	4369	3154	3558	1441	4479	4476	2899	3194	2828	2647	1208	2758	1533	1251	3414	3664	1723	1087	1886	0	3854	
3376	2266	5092	328	1221	1250	2308	3799	3417	4183	2013	3017	3322	527	541	1736	742	1693	325	1038	2778	3261	1512	4567	1983	2291	1442	3815	3849	2868	2779	4041	5054	1031	4245	4499	5575	3428	5198	2317	2474	1639	3102	4413	1524	5313	3322	2600	2759	1793	2209	3048	2937	2395	4537	4788	3901	1300	1637	2741	1245	1526	2802	2135	4910	1639	1312	1770	2278	1814	1487	3497	5076	1695	5083	5054	1621	1119	4810	2030	2562	1756	791	2829	1437	2607	1437	2386	2828	2144	3204	2093	5322	5016	1927	901	2430	2975	2696	3854	0	


0	 CF142PF 	 0 	 0 	 540  	 1080  	 0  	 0 

1	 CF147AS 	 1 	 8 	 660  	 900  	 5  	 2 
2	 CF52BU 	 1 	 7 	 660  	 900  	 9  	 4 
3	 CF145JD 	 1 	 3 	 660  	 900  	 7  	 3 
4	 CF146JN 	 1 	 1 	 540  	 780  	 10  	 5 
5	 CF145FB 	 0 	 24 	 600  	 840  	 6  	 3 
6	 CF147AF 	 1 	 7 	 540  	 780  	 7  	 3 
7	 CF142SE 	 1 	 2 	 600  	 840  	 6  	 3 
8	 CF142EF 	 1 	 4 	 660  	 900  	 8  	 4 
9	 CF142QF 	 1 	 3 	 600  	 840  	 8  	 4 
10	 CF147TD 	 1 	 6 	 660  	 900  	 5  	 2 
11	 CF141HH	 1 	 7 	 720  	 960  	 6  	 3 
12	 CF144YU 	 1 	 5 	 660  	 900  	 10  	 5 
13	 CF146QG	 1 	 4 	 600  	 840  	 7  	 3 
14	 CF145BR 	 1 	 2 	 600  	 840  	 7  	 3 
15	 CF146DD	 1 	 8 	 720  	 960  	 9  	 4 
16	 CF149HR 	 1 	 7 	 660  	 900  	 9  	 4 
17	 CF146EF 	 1 	 10 	 720  	 960  	 10  	 5 
18	 CF149BD 	 1 	 9 	 600  	 840  	 9  	 4 
19	 CF145DA	 1 	 3 	 660  	 900  	 7  	 3 
20	 CF141PT 	 1 	 2 	 600  	 840  	 8  	 4 
21	 CF143PL 	 1 	 6 	 540  	 780  	 10  	 5 
22	 CF145UY 	 1 	 3 	 600  	 840  	 9  	 4 
23	 CF52EG 	 1 	 10 	 720  	 960  	 10  	 5 
24	 CF140LY 	 1 	 4 	 540  	 780  	 6  	 3 
25	 CF146DL 	 1 	 3 	 540  	 780  	 8  	 4 
26	 CF146ED 	 1 	 9 	 600  	 840  	 9  	 4 
27	 CF142SB 	 1 	 4 	 600  	 840  	 5  	 2 
28	 CF142SH 	 1 	 6 	 720  	 960  	 10  	 5 
29	 CF144AJ 	 1 	 2 	 600  	 840  	 10  	 5 
30	 CF235QB	 1 	 4 	 660  	 900  	 7  	 3 
31	 CF52AU 	 1 	 8 	 720  	 960  	 5  	 2 
32	 CF244EJ 	 1 	 1 	 540  	 780  	 7  	 3 
33	 CF145JR 	 1 	 10 	 540  	 780  	 10  	 5 
34	 CF52SH 	 1 	 6 	 540  	 780  	 8  	 4 
35	 CF52RD 	 1 	 8 	 540  	 780  	 8  	 4 
36	 CF244DF 	 0 	 10 	 720  	 960  	 6  	 3 
37	 CF142HN	 1 	 10 	 660  	 900  	 10  	 5 
38	 CF244DA	 1 	 6 	 660  	 900  	 8  	 4 
39	 CF147EP 	 1 	 1 	 600  	 840  	 5  	 2 
40	 CF144QX	 1 	 3 	 600  	 840  	 10  	 5 
41	 CF148JS 	 1 	 3 	 720  	 960  	 7  	 3 
42	 CF144ED 	 1 	 6 	 720  	 960  	 10  	 5 
43	 CF52PT 	 1 	 6 	 600  	 840  	 5  	 2 
44	 CF140FL 	 1 	 8 	 540  	 780  	 7  	 3 
45	 CF52BW 	 1 	 7 	 600  	 840  	 5  	 2 
46	 CF141EL 	 1 	 6 	 660  	 900  	 5  	 2 
47	 CF142AA 	 1 	 5 	 720  	 960  	 8  	 4 
48	 CF142AQ	 1 	 2 	 540  	 780  	 10  	 5 
49	 CF146AD	 1 	 8 	 540  	 780  	 7  	 3 
50	 CF147AD	 1 	 9 	 660  	 900  	 6  	 3 
51	 CF143RH 	 1 	 9 	 720  	 960  	 5  	 2 
52	 CF141NT 	 1 	 8 	 720  	 960  	 6  	 3 
53	 CF147TF 	 1 	 1 	 720  	 960  	 7  	 3 
54	 CF244JY 	 1 	 8 	 660  	 900  	 5  	 2 
55	 CF244EU 	 1 	 2 	 660  	 900  	 5  	 2 
56	 CF142RA 	 1 	 10 	 600  	 840  	 6  	 3 
57	 CF146HH	 1 	 1 	 600  	 840  	 9  	 4 
58	 CF146AS 	 1 	 1 	 600  	 840  	 9  	 4 
59	 CF144AT 	 1 	 7 	 600  	 840  	 8  	 4 
60	 CF149JF 	 1 	 10 	 540  	 780  	 5  	 2 
61	 CF149HB 	 0 	 9 	 720  	 960  	 10  	 5 
62	 CF141DE 	 0 	 20 	 600  	 840  	 10  	 5 
63	 CF146DF 	 1 	 8 	 600  	 840  	 5  	 2 
64	 CF52HT 	 1 	 3 	 540  	 780  	 9  	 4 
65	 CF143WE	 1 	 3 	 540  	 780  	 8  	 4 
66	 CF149JE 	 1 	 2 	 720  	 960  	 7  	 3 
67	 CF145PP 	 1 	 6 	 540  	 780  	 5  	 2 
68	 CF141TH 	 1 	 2 	 720  	 960  	 7  	 3 
69	 CF146BW	 1 	 9 	 720  	 960  	 7  	 3 
70	 CF146EA 	 1 	 5 	 600  	 840  	 6  	 3 
71	 CF143HN	 1 	 9 	 660  	 900  	 8  	 4 
72	 CF244DX 	 1 	 6 	 600  	 840  	 9  	 4 
73	 CF146DE 	 1 	 10 	 660  	 900  	 5  	 2 
74	 CF244EF 	 1 	 8 	 660  	 900  	 7  	 3 
75	 CF52HE 	 1 	 1 	 540  	 780  	 9  	 4 
76	 CF145GG	 1 	 7 	 720  	 960  	 6  	 3 
77	 CF146NX	 0 	 10 	 600  	 840  	 9  	 4 
78	 CF52LH 	 1 	 6 	 540  	 780  	 6  	 3 
79	 CF144PQ	 1 	 6 	 720  	 960  	 5  	 2 
80	 CF147EF 	 1 	 9 	 720  	 960  	 5  	 2 
81	 CF140RA 	 1 	 10 	 660  	 900  	 10  	 5 
82	 CF145AG	 1 	 8 	 540  	 780  	 5  	 2 
83	 CF144AH	 1 	 1 	 540  	 780  	 6  	 3 
84	 CF149HD	 1 	 7 	 660  	 900  	 7  	 3 
85	 CF147DP 	 1 	 10 	 660  	 900  	 10  	 5 
86	 CF146LT 	 1 	 3 	 720  	 960  	 9  	 4 
87	 CF147AR 	 1 	 8 	 600  	 840  	 5  	 2 
88	 CF141LZ 	 1 	 5 	 720  	 960  	 10  	 5 
89	 CF141RQ	 1 	 9 	 660  	 900  	 9  	 4 
90	 CF143BP 	 1 	 6 	 660  	 900  	 10  	 5 
91	 CF146BD 	 1 	 10 	 660  	 900  	 9  	 4 
92	 CF244AY 	 1 	 7 	 660  	 900  	 7  	 3 
93	 CF244HR 	 1 	 5 	 660  	 900  	 5  	 2 
94	 CF146ES 	 1 	 9 	 660  	 900  	 6  	 3 
95	 CF149BP 	 0 	 4 	 540  	 780  	 10  	 5 
96	 CF144QW 1 	 2 	 600  	 840  	 8  	 4 
97	 CF144EA 	 1 	 9 	 540  	 780  	 8  	 4 
98	 CF141RY 	 1 	 3 	 540  	 780  	 9  	 4 
99	 CF143QX	 1 	 5 	 540  	 780  	 9  	 4 
100	 CF149AL 	 1 	 7 	 540  	 780  	 10  	 5 
