100

1200
32
10
500

0	2442	2141	3347	3784	2109	2556	2756	3408	2173	2680	3688	3363	3701	908	2439	2289	1610	2253	2781	2516	2104	4108	1825	1943	1512	177	3261	2450	3368	2598	3321	2375	2745	3233	1457	2390	888	3022	2949	2486	1817	1370	1747	943	3632	2132	2544	525	3095	2358	3159	2992	2209	2648	1018	812	1909	3325	4167	2782	765	3790	1834	2968	3298	1082	2747	3409	3697	3618	3206	2743	3282	3435	1620	3087	2066	2595	1936	2036	3546	2955	3746	3043	2107	1842	1645	2011	2338	1993	2829	3256	1635	2645	3880	3244	661	2312	2605	2784	
2442	0	2418	1298	1376	1616	157	1785	1141	2511	2081	1339	2876	3406	1803	2018	3118	1053	3476	2876	1522	882	3208	2412	3582	966	2618	860	2173	1987	948	2985	1062	2262	1631	1003	2699	1733	1775	2666	1453	3259	1724	850	2947	3727	821	1802	2375	1309	2923	791	553	1112	2325	2253	1661	3629	2607	2033	474	2241	3054	1712	1630	2877	1632	2982	2915	1263	1182	1405	561	2983	3357	1141	906	3572	4226	1820	3739	2925	1018	1418	890	3844	3126	804	1086	1131	558	458	1191	3447	984	2843	1151	2304	177	1225	529	
2141	2418	0	3714	3195	830	2573	3848	3537	93	846	3672	4807	1560	1386	3803	750	1505	4319	654	3549	2840	5364	342	4075	1787	2216	3181	3898	1773	1747	4842	3161	788	1882	1832	309	2368	3975	836	3488	3910	973	1672	3083	1560	1604	940	2565	3673	508	2661	2828	3086	633	1127	1738	4047	1315	4436	2380	1377	5125	718	3853	1184	2490	667	4853	3437	3195	3780	2237	4819	1308	2598	3323	4183	4735	598	4175	4930	2070	3762	3307	4247	3896	2113	1333	3185	1903	2858	3607	3775	3259	5039	3568	1487	2244	3404	2947	
3347	1298	3714	0	1571	2914	1145	1248	399	3807	3347	666	2187	4643	2935	1739	4404	2289	3578	4168	1193	1246	2214	3693	3878	2107	3518	778	1900	3071	2158	2356	1026	3530	2687	2110	3998	2483	1006	3937	1161	3521	2963	2092	3551	5002	2119	3071	3099	380	4219	1454	1033	1205	3606	3429	2690	3959	3814	822	1484	3363	2175	3005	883	4120	2308	4279	2210	1041	1289	349	1645	2375	4625	1736	401	3801	4420	3116	4042	2142	2064	644	409	4150	3343	1819	2384	1091	1824	886	107	3856	720	1836	149	3400	1470	877	770	
3784	1376	3195	1571	0	2387	1306	2693	1173	3284	2532	989	3726	3617	3045	3093	3944	2244	4764	3429	2525	2118	3779	3319	4924	2273	3958	854	3260	1892	1461	3881	2140	2703	1537	2327	3404	3109	2525	3077	2467	4590	2824	2067	4323	4095	1781	2308	3749	1877	3683	628	887	2269	2834	3417	2980	4979	2767	1769	1005	3467	3745	2617	2383	3143	3005	3577	3753	559	286	1897	1075	3895	3703	2488	1328	4898	5550	2669	5084	3701	1126	1068	1370	5191	4443	2173	2021	2224	1796	1144	1522	4808	1889	3402	1476	3549	1479	2163	1296	
2109	1616	830	2914	2387	0	1769	3178	2717	923	638	2844	4198	1936	1205	3214	1571	865	4048	1268	2881	2154	4685	936	3912	1175	2239	2354	3330	1280	927	4258	2459	774	1237	1240	1090	2005	3265	1134	2815	3686	743	972	2987	2154	795	439	2396	2903	1336	1835	2001	2412	771	1280	1441	3910	1304	3615	1551	1454	4474	303	3134	1424	2070	1367	4242	2609	2372	3006	1407	4241	1810	2012	2518	3985	4592	291	4037	4299	1272	2935	2505	4124	3631	1466	539	2496	1142	2044	2807	3655	2513	4343	2766	1567	1448	2689	2144	
2556	157	2573	1145	1306	1769	0	1702	985	2666	2221	1191	2795	3540	1944	1969	3274	1204	3494	3025	1451	863	3096	2569	3624	1102	2733	720	2129	2083	1066	2912	998	2403	1718	1134	2854	1818	1668	2808	1383	3295	1878	1002	3025	3870	974	1942	2464	1173	3079	760	441	1071	2470	2401	1786	3676	2733	1876	505	2383	2953	1869	1521	3011	1704	3134	2833	1141	1090	1265	627	2912	3499	1183	750	3606	4260	1976	3784	2834	1092	1268	736	3890	3155	911	1241	1072	712	304	1038	3503	880	2727	997	2442	333	1135	376	
2756	1785	3848	1248	2693	3178	1702	0	1598	3932	3751	1905	1093	5092	2696	524	4418	2350	2386	4423	300	1025	1516	3716	2757	2061	2901	1839	669	3772	2720	1217	737	3920	3416	2019	4156	1885	323	4307	363	2401	2923	2209	2653	5328	2460	3477	2357	871	4309	2363	1908	768	3946	3203	2353	2853	4340	1846	2202	3051	1297	3148	380	4565	1688	4493	1131	2228	2409	909	2329	1222	4988	1291	1368	2652	3239	3285	2918	1144	2793	1892	1324	3024	2210	1737	2657	687	2061	1648	1242	2800	841	1200	1276	3044	1883	569	1468	
3408	1141	3537	399	1173	2717	985	1598	0	3630	3096	324	2576	4362	2897	2061	4250	2186	3863	3947	1496	1366	2609	3549	4122	2052	3584	420	2226	2743	1895	2741	1228	3280	2357	2070	3807	2579	1384	3685	1452	3770	2861	1984	3712	4750	1933	2826	3217	735	4045	1108	739	1398	3370	3371	2695	4197	3521	899	1208	3334	2574	2843	1252	3845	2422	4067	2601	646	892	735	1369	2759	4366	1844	329	4060	4693	2943	4287	2538	1751	351	378	4395	3599	1802	2206	1305	1697	685	363	4073	919	2231	324	3384	1318	1147	647	
2173	2511	93	3807	3284	923	2666	3932	3630	0	908	3765	4884	1532	1442	3880	661	1592	4366	609	3633	2926	5448	352	4111	1871	2242	3275	3973	1838	1838	4917	3248	836	1959	1914	236	2430	4061	839	3572	3954	1044	1760	3116	1500	1697	1020	2607	3764	415	2753	2921	3170	674	1155	1799	4081	1340	4529	2474	1408	5206	808	3940	1182	2556	602	4931	3530	3286	3871	2329	4894	1265	2677	3416	4223	4768	691	4209	5010	2159	3856	3400	4279	3943	2197	1426	3271	1994	2951	3700	3808	3348	5123	3661	1515	2337	3492	3039	
2680	2081	846	3347	2532	638	2221	3751	3096	908	0	3167	4794	1341	1795	3822	1530	1492	4682	897	3457	2730	5243	1135	4530	1800	2794	2700	3945	930	1202	4863	3020	184	1085	1869	936	2641	3810	590	3390	4313	1318	1573	3586	1655	1297	279	3007	3390	1232	2084	2358	2991	304	1754	2064	4523	668	3980	1889	1969	5049	855	3673	814	2709	1048	4838	2866	2587	3485	1728	4848	1278	2631	2946	4609	5208	744	4650	4885	1427	3262	2942	4734	4263	2075	1100	3064	1690	2461	3243	4263	3036	4890	3198	2085	1931	3236	2589	
3688	1339	3672	666	989	2844	1191	1905	324	3765	3167	0	2849	4390	3132	2378	4400	2391	4186	4040	1815	1676	2815	3712	4446	2288	3864	493	2542	2721	1972	3020	1551	3350	2339	2313	3929	2875	1672	3751	1773	4094	3058	2189	4022	4808	2082	2906	3517	1034	4180	1101	846	1719	3452	3591	2953	4520	3541	834	1296	3571	2811	2997	1547	3883	2723	4168	2871	430	736	1015	1450	3040	4420	2147	643	4384	5017	3087	4610	2795	1769	95	694	4718	3923	2061	2356	1629	1895	888	663	4394	1243	2443	632	3627	1511	1469	904	
3363	2876	4807	2187	3726	4198	2795	1093	2576	4884	4794	2849	0	6129	3542	1005	5310	3344	2133	5412	1360	2073	825	4634	2660	3040	3471	2878	935	4861	3804	199	1819	4957	4508	2986	5116	2598	1201	5332	1429	2351	3847	3228	2951	6327	3518	4525	2874	1850	5238	3444	2986	1812	4969	4022	3175	2777	5403	2532	3295	3830	473	4132	1346	5607	2420	5467	47	3222	3439	1842	3422	242	6003	2210	2403	2495	2933	4272	2797	218	3886	2813	2364	2885	2159	2733	3695	1758	3115	2731	2214	2832	1929	807	2258	3798	2967	1662	2551	
3701	3406	1560	4643	3617	1936	3540	5092	4362	1532	1341	4390	6129	0	2916	5149	1705	2800	5860	935	4797	4069	6583	1884	5633	3109	3774	3951	5266	1730	2487	6192	4361	1172	2082	3172	1331	3863	5149	809	4730	5461	2461	2902	4644	594	2637	1617	4118	4713	1469	3289	3627	4330	1170	2686	3246	5607	853	5220	3162	2937	6389	2057	5011	530	3959	1018	6173	4042	3738	4804	3001	6176	352	3948	4244	5738	6295	1918	5735	6223	2622	4486	4245	5808	5437	3400	2436	4405	3031	3760	4543	5335	4372	6229	4495	3046	3263	4576	3901	
908	1803	1386	2935	3045	1205	1944	2696	2897	1442	1795	3132	3542	2916	0	2541	1772	801	2944	2039	2409	1793	4182	1133	2744	845	1049	2662	2610	2460	1741	3551	2115	1878	2337	828	1676	996	2891	2129	2359	2549	478	983	1790	2942	1298	1642	1217	2769	1734	2418	2346	1989	1800	512	371	2731	2453	3743	2045	439	3906	941	2797	2471	1141	2044	3589	3055	2921	2883	1973	3522	2689	1407	2604	2834	3418	1056	2859	3689	2112	3206	2569	2941	2521	1116	1134	2110	1271	2244	2832	2469	2311	3892	2807	506	1642	2368	2250	
2439	2018	3803	1739	3093	3214	1969	524	2061	3880	3822	2378	1005	5149	2541	0	4306	2353	1864	4413	571	1151	1674	3628	2238	2046	2567	2247	168	3965	2900	1045	978	3980	3632	1989	4112	1622	843	4347	626	1884	2842	2249	2206	5330	2569	3559	1989	1359	4232	2692	2255	906	3983	3028	2177	2336	4446	2369	2473	2845	1374	3134	900	4632	1435	4465	1052	2667	2814	1413	2579	1027	5011	1210	1796	2129	2716	3275	2399	1149	3034	2374	1747	2503	1691	1749	2725	899	2166	1986	1718	2295	1203	1445	1745	2820	2076	933	1814	
2289	3118	750	4404	3944	1571	3274	4418	4250	661	1530	4400	5310	1705	1772	4306	0	2136	4541	855	4122	3442	5924	716	4211	2383	2308	3908	4381	2451	2494	5323	3769	1419	2604	2412	598	2755	4576	1267	4065	4106	1499	2323	3206	1428	2320	1673	2785	4332	306	3406	3555	3672	1253	1333	2142	4163	1818	5148	3116	1570	5662	1408	4465	1543	2911	713	5356	4179	3941	4442	2976	5294	1365	3134	4021	4347	4833	1313	4287	5451	2819	4490	4001	4344	4126	2710	2046	3782	2581	3567	4297	3885	3900	5617	4260	1648	2942	4019	3643	
1610	1053	1505	2289	2244	865	1204	2350	2186	1592	1492	2391	3344	2800	801	2353	2136	0	3261	2075	2051	1336	3866	1420	3192	310	1775	1907	2467	1888	993	3398	1656	1637	1679	377	1810	1226	2469	1995	1988	2932	677	202	2349	2986	523	1248	1738	2197	1985	1618	1575	1584	1631	1207	805	3206	2144	3066	1246	1226	3637	798	2349	2289	1252	2143	3389	2276	2126	2307	1172	3380	2659	1148	1922	3240	3872	934	3330	3453	1346	2471	1895	3425	2853	615	462	1681	496	1509	2182	2972	1766	3535	2149	1305	880	1900	1549	
2253	3476	4319	3578	4764	4048	3494	2386	3863	4366	4682	4186	2133	5860	2944	1864	4541	3261	0	4972	2385	2646	2943	4031	584	2989	2254	3968	1721	5138	4136	1973	2656	4791	4884	2911	4594	2046	2700	5069	2419	452	3405	3271	1387	5855	3691	4475	1765	3202	4595	4253	3879	2507	4731	3239	2626	704	5349	4233	3946	2988	2593	3842	2763	5407	2012	4960	2163	4419	4507	3267	3999	1921	5626	2346	3564	389	853	3972	686	2350	4391	4196	3512	762	423	2844	3721	2574	3351	3620	3543	874	2951	2922	3564	2898	3454	2718	3475	
2781	2876	654	4168	3429	1268	3025	4423	3947	609	897	4040	5412	935	2039	4413	855	2075	4972	0	4124	3403	5937	956	4720	2374	2846	3562	4515	1726	2068	5456	3716	730	1958	2426	396	3016	4526	437	4061	4562	1613	2217	3724	919	2057	1138	3216	4170	571	2969	3214	3656	595	1762	2388	4690	983	4839	2748	2016	5712	1280	4397	688	3133	169	5457	3754	3480	4272	2591	5435	656	3203	3769	4832	5376	1141	4817	5526	2321	4133	3760	4887	4549	2690	1807	3747	2409	3289	4062	4416	3780	5600	4020	2121	2711	3950	3400	
2516	1522	3549	1193	2525	2881	1451	300	1496	3633	3457	1815	1360	4797	2409	571	4122	2051	2385	4124	0	728	1815	3418	2701	1762	2667	1677	739	3502	2445	1464	460	3625	3153	1721	3857	1634	507	4010	69	2343	2626	1911	2492	5030	2169	3184	2146	818	4011	2146	1700	469	3649	2917	2072	2788	4052	1890	1956	2773	1593	2849	467	4271	1437	4194	1400	2096	2245	890	2074	1462	4690	1002	1225	2615	3228	2985	2865	1430	2537	1817	1175	2972	2160	1437	2361	399	1769	1433	1161	2707	636	1496	1185	2771	1607	362	1257	
2104	882	2840	1246	2118	2154	863	1025	1366	2926	2730	1676	2073	4069	1793	1151	3442	1336	2646	3403	728	0	2534	2731	2821	1061	2273	1354	1300	2815	1750	2159	328	2897	2481	1031	3146	1236	1137	3282	662	2480	1944	1186	2346	4305	1445	2458	1860	1001	3313	1620	1233	261	2921	2304	1498	2884	3330	2065	1351	2196	2321	2132	1023	3544	1066	3477	2115	1816	1867	1114	1442	2150	3963	490	1037	2785	3434	2267	2984	2155	1890	1716	987	3091	2327	732	1633	345	1043	976	1161	2737	544	2200	1153	2215	926	580	844	
4108	3208	5364	2214	3779	4685	3096	1516	2609	5448	5243	2815	825	6583	4182	1674	5924	3866	2943	5937	1815	2534	0	5227	3481	3577	4229	2983	1659	5174	4156	970	2227	5415	4800	3534	5672	3294	1436	5808	1877	3175	4434	3720	3760	6838	3946	4966	3639	1974	5823	3629	3177	2281	5449	4680	3826	3599	5809	2276	3562	4509	353	4663	1579	6054	3105	6009	789	3232	3500	1918	3708	1022	6493	2790	2534	3312	3720	4799	3614	608	4166	2755	2509	3700	2984	3253	4158	2190	3555	2954	2277	3657	2225	379	2327	4489	3333	2007	2782	
1825	2412	342	3693	3319	936	2569	3716	3549	352	1135	3712	4634	1884	1133	3628	716	1420	4031	956	3418	2731	5227	0	3765	1670	1891	3218	3712	2044	1858	4657	3057	1106	2107	1702	566	2129	3866	1178	3361	3614	793	1607	2768	1825	1630	1170	2269	3616	606	2753	2867	2965	960	806	1499	3734	1651	4444	2442	1060	4973	717	3753	1525	2267	929	4680	3512	3291	3727	2310	4630	1611	2440	3312	3880	4419	651	3861	4768	2208	3799	3291	3930	3609	1998	1357	3072	1869	2865	3585	3460	3185	4914	3550	1165	2236	3306	2935	
1943	3582	4075	3878	4924	3912	3624	2757	4122	4111	4530	4446	2660	5633	2744	2238	4211	3192	584	4720	2701	2821	3481	3765	0	2953	1904	4173	2119	5079	4131	2514	2895	4621	4861	2876	4331	1973	3080	4863	2723	358	3220	3238	1005	5574	3666	4349	1526	3513	4298	4372	4038	2729	4543	2960	2472	121	5193	4587	4037	2706	3129	3676	3121	5209	1996	4690	2694	4634	4684	3591	4068	2462	5376	2442	3808	200	681	3797	164	2879	4422	4467	3756	273	548	2870	3653	2817	3368	3792	3829	344	3204	3430	3843	2604	3532	3001	3665	
1512	966	1787	2107	2273	1175	1102	2061	2052	1871	1800	2288	3040	3109	845	2046	2383	310	2989	2374	1762	1061	3577	1670	2953	0	1686	1821	2158	2149	1181	3091	1387	1947	1909	78	2095	981	2197	2304	1701	2677	888	286	2159	3288	713	1553	1552	1975	2253	1647	1517	1300	1940	1324	707	2975	2450	2907	1270	1284	3341	1093	2083	2599	977	2436	3085	2228	2119	2088	1234	3072	2965	839	1763	2989	3629	1233	3096	3153	1498	2361	1731	3194	2588	328	742	1404	481	1400	2002	2751	1528	3253	1974	1340	816	1636	1405	
177	2618	2216	3518	3958	2239	2733	2901	3584	2242	2794	3864	3471	3774	1049	2567	2308	1775	2254	2846	2667	2273	4229	1891	1904	1686	0	3438	2569	3506	2759	3422	2540	2851	3383	1632	2452	1049	3173	3036	2640	1810	1497	1917	899	3677	2296	2670	601	3261	2399	3333	3169	2372	2746	1089	983	1859	3431	4338	2956	843	3906	1957	3123	3386	1240	2802	3518	3874	3794	3372	2915	3382	3497	1787	3261	2040	2539	2052	1985	3659	3119	3922	3218	2048	1853	1822	2167	2501	2166	3006	3428	1582	2814	4011	3416	731	2488	2767	2960	
3261	860	3181	778	854	2354	720	1839	420	3275	2700	493	2878	3951	2662	2247	3908	1907	3968	3562	1677	1354	2983	3218	4173	1821	3438	0	2415	2323	1499	3030	1316	2883	1938	1853	3442	2484	1677	3287	1622	3829	2570	1705	3666	4349	1589	2433	3132	1035	3689	688	353	1461	2979	3111	2503	4237	3107	1280	815	3101	2921	2504	1533	3436	2348	3688	2907	463	570	1070	972	3043	3964	1787	475	4130	4775	2595	4336	2862	1334	582	516	4444	3670	1619	1863	1400	1411	432	706	4089	1045	2604	656	3161	1027	1315	513	
2450	2173	3898	1900	3260	3330	2129	669	2226	3973	3945	2542	935	5266	2610	168	4381	2467	1721	4515	739	1300	1659	3712	2119	2158	2569	2415	0	4110	3045	945	1142	4099	3781	2097	4206	1664	979	4462	793	1767	2931	2371	2152	5433	2703	3684	1981	1519	4317	2856	2420	1062	4098	3087	2243	2220	4575	2513	2632	2896	1340	3239	1049	4751	1486	4561	982	2834	2982	1570	2735	921	5120	1319	1963	2001	2574	3380	2277	1101	3188	2537	1914	2380	1572	1869	2850	1062	2302	2152	1881	2195	1371	1464	1910	2864	2226	1101	1980	
3368	1987	1773	3071	1892	1280	2083	3772	2743	1838	930	2721	4861	1730	2460	3965	2451	1888	5138	1726	3502	2815	5174	2044	5079	2149	3506	2323	4110	0	1066	4963	3043	1034	386	2227	1853	3113	3751	1308	3433	4819	2018	1868	4205	2237	1456	890	3599	3216	2149	1637	2038	3068	1199	2556	2637	5090	891	3555	1614	2734	5036	1580	3603	1284	3126	1893	4900	2345	2032	3291	1465	4958	1850	2879	2688	5128	5759	1523	5215	4912	1013	2816	2701	5308	4736	2325	1426	3106	1833	2229	2980	4850	2962	4801	2930	2847	1896	3211	2394	
2598	948	1747	2158	1461	927	1066	2720	1895	1838	1202	1972	3804	2487	1741	2900	2494	993	4136	2068	2445	1750	4156	1858	4131	1181	2759	1499	3045	1066	0	3902	1986	1386	754	1257	1979	2162	2722	1791	2376	3846	1422	898	3330	2855	474	935	2720	2235	2246	916	1157	2004	1481	2024	1798	4155	1668	2778	687	2121	3999	1159	2577	1962	2141	2199	3845	1698	1448	2323	527	3896	2473	1831	1758	4160	4805	1207	4276	3863	378	2066	1758	4374	3746	1294	614	2047	788	1274	2056	3932	1932	3790	2009	2219	838	2167	1416	
3321	2985	4842	2356	3881	4258	2912	1217	2741	4917	4863	3020	199	6192	3551	1045	5323	3398	1973	5456	1464	2159	970	4657	2514	3091	3422	3030	945	4963	3902	0	1923	5022	4616	3033	5150	2589	1359	5392	1532	2215	3876	3291	2860	6374	3598	4597	2821	2010	5262	3579	3123	1900	5028	4021	3182	2632	5481	2724	3415	3822	621	4178	1499	5674	2418	5505	207	3386	3595	2008	3537	52	6056	2254	2555	2343	2759	4319	2645	389	4000	2987	2515	2731	2027	2792	3764	1857	3194	2864	2378	2701	2058	995	2420	3783	3067	1785	2684	
2375	1062	3161	1026	2140	2459	998	737	1228	3248	3020	1551	1819	4361	2115	978	3769	1656	2656	3716	460	328	2227	3057	2895	1387	2540	1316	1142	3043	1986	1923	0	3191	2693	1358	3466	1491	813	3581	391	2543	2271	1499	2524	4613	1725	2745	2085	724	3637	1714	1282	178	3222	2627	1810	2969	3604	1823	1503	2512	2031	2451	696	3833	1306	3794	1858	1763	1870	833	1617	1920	4266	760	914	2836	3475	2584	3059	1881	2079	1574	862	3168	2375	1059	1931	84	1330	1013	958	2848	313	1885	963	2527	1149	253	846	
2745	2262	788	3530	2703	774	2403	3920	3280	836	184	3350	4957	1172	1878	3980	1419	1637	4791	730	3625	2897	5415	1106	4621	1947	2851	2883	4099	1034	1386	5022	3191	0	1232	2013	822	2758	3984	406	3558	4414	1401	1731	3664	1472	1472	460	3095	3570	1116	2264	2542	3157	167	1788	2167	4609	580	4163	2072	2014	5218	950	3848	652	2835	887	5001	3046	2764	3666	1912	5006	1096	2783	3129	4706	5296	824	4737	5051	1606	3445	3125	4819	4370	2231	1264	3234	1861	2644	3427	4346	3212	5064	3381	2130	2110	3410	2772	
3233	1631	1882	2687	1537	1237	1718	3416	2357	1959	1085	2339	4508	2082	2337	3632	2604	1679	4884	1958	3153	2481	4800	2107	4861	1909	3383	1938	3781	386	754	4616	2693	1232	0	1986	2018	2888	3383	1570	3084	4585	1931	1623	4026	2561	1197	944	3415	2838	2313	1251	1655	2729	1384	2508	2465	4880	1231	3173	1238	2658	4670	1537	3234	1607	2881	2118	4546	1969	1660	2910	1094	4613	2169	2585	2305	4898	5538	1515	5002	4552	634	2434	2319	5099	4491	2046	1231	2760	1542	1850	2596	4649	2597	4427	2545	2767	1556	2851	2018	
1457	1003	1832	2110	2327	1240	1134	2019	2070	1914	1869	2313	2986	3172	828	1989	2412	377	2911	2426	1721	1031	3534	1702	2876	78	1632	1853	2097	2227	1257	3033	1358	2013	1986	0	2140	905	2165	2366	1661	2599	913	363	2087	3342	791	1624	1481	1965	2291	1703	1556	1263	2003	1319	659	2898	2520	2916	1326	1264	3294	1146	2054	2664	900	2484	3031	2267	2167	2078	1297	3014	3023	779	1775	2911	3552	1286	3020	3102	1571	2384	1741	3117	2510	304	818	1371	543	1428	2007	2676	1514	3214	1981	1315	860	1609	1423	
2390	2699	309	3998	3404	1090	2854	4156	3807	236	936	3929	5116	1331	1676	4112	598	1810	4594	396	3857	3146	5672	566	4331	2095	2452	3442	4206	1853	1979	5150	3466	822	2018	2140	0	2665	4279	712	3795	4180	1278	1973	3333	1266	1880	1104	2834	3967	296	2895	3089	3393	655	1372	2034	4299	1250	4706	2634	1626	5434	1017	4157	1033	2792	368	5162	3677	3423	4073	2485	5127	1046	2907	3604	4446	4984	890	4426	5239	2279	4021	3590	4495	4172	2420	1614	3491	2195	3133	3891	4025	3558	5345	3850	1729	2528	3708	3229	
888	1733	2368	2483	3109	2005	1818	1885	2579	2430	2641	2875	2598	3863	996	1622	2755	1226	2046	3016	1634	1236	3294	2129	1973	981	1049	2484	1664	3113	2162	2589	1491	2758	2888	905	2665	0	2140	3059	1601	1706	1407	1266	1217	3928	1694	2430	648	2214	2730	2509	2258	1323	2710	1436	631	1994	3308	3299	2146	1233	2994	1815	2082	3388	197	3032	2645	2938	2907	2324	2150	2557	3659	747	2252	2015	2650	1950	2115	2763	2466	2925	2206	2213	1632	946	1688	1452	1416	2058	2397	1773	1771	3040	2388	1200	1642	1718	1984	
3022	1775	3975	1006	2525	3265	1668	323	1384	4061	3810	1672	1201	5149	2891	843	4576	2469	2700	4526	507	1137	1436	3866	3080	2197	3173	1677	979	3751	2722	1359	813	3984	3383	2165	4279	2140	0	4379	542	2724	3078	2311	2965	5419	2513	3533	2646	651	4449	2261	1802	907	4023	3402	2564	3176	4373	1536	2149	3267	1288	3264	150	4620	1944	4606	1230	2028	2238	657	2289	1375	5067	1490	1202	2972	3553	3396	3241	1193	2752	1648	1165	3345	2532	1869	2732	794	2128	1557	1021	3123	791	1080	1062	3269	1897	576	1379	
2949	2666	836	3937	3077	1134	2808	4307	3685	839	590	3751	5332	809	2129	4347	1267	1995	5069	437	4010	3282	5808	1178	4863	2304	3036	3287	4462	1308	1791	5392	3581	406	1570	2366	712	3059	4379	0	3944	4677	1664	2105	3885	1065	1870	866	3340	3974	966	2660	2947	3541	364	1949	2447	4843	552	4567	2477	2193	5603	1249	4244	350	3152	605	5377	3439	3152	4071	2317	5374	691	3143	3536	4961	5532	1111	4971	5432	1997	3846	3532	5048	4646	2600	1650	3621	2252	3051	3833	4575	3611	5459	3788	2306	2513	3804	3178	
2486	1453	3488	1161	2467	2815	1383	363	1452	3572	3390	1773	1429	4730	2359	626	4065	1988	2419	4061	69	662	1877	3361	2723	1701	2640	1622	793	3433	2376	1532	391	3558	3084	1661	3795	1601	542	3944	0	2365	2568	1846	2488	4965	2101	3117	2127	791	3952	2081	1637	405	3583	2868	2025	2808	3984	1877	1888	2728	1659	2786	484	4204	1405	4131	1469	2045	2189	870	2006	1530	4625	953	1174	2641	3259	2922	2887	1498	2469	1778	1124	2994	2184	1376	2295	330	1701	1370	1124	2720	578	1554	1146	2728	1538	309	1195	
1817	3259	3910	3521	4590	3686	3295	2401	3770	3954	4313	4094	2351	5461	2549	1884	4106	2932	452	4562	2343	2480	3175	3614	358	2677	1810	3829	1767	4819	3846	2215	2543	4414	4585	2599	4180	1706	2724	4677	2365	0	3019	2962	936	5436	3389	4119	1346	3156	4169	4047	3703	2379	4346	2816	2249	453	4980	4229	3720	2563	2823	3465	2764	5019	1705	4543	2387	4288	4345	3234	3758	2164	5217	2118	3457	315	968	3592	521	2569	4125	4113	3405	629	197	2570	3394	2465	3073	3454	3473	490	2851	3105	3488	2470	3217	2645	3322	
1370	1724	973	2963	2824	743	1878	2923	2861	1044	1318	3058	3847	2461	478	2842	1499	677	3405	1613	2626	1944	4434	793	3220	888	1497	2570	2931	2018	1422	3876	2271	1401	1931	913	1278	1407	3078	1664	2568	3019	0	878	2268	2529	1044	1174	1694	2856	1393	2212	2230	2174	1327	603	784	3209	1975	3743	1858	726	4181	465	2967	2002	1520	1640	3894	2918	2740	2969	1756	3852	2252	1648	2598	3307	3896	578	3337	3978	1800	3140	2572	3419	2983	1214	813	2284	1166	2181	2857	2947	2415	4121	2825	836	1549	2522	2225	
1747	850	1672	2092	2067	972	1002	2209	1984	1760	1573	2189	3228	2902	983	2249	2323	202	3271	2217	1911	1186	3720	1607	3238	286	1917	1705	2371	1868	898	3291	1499	1731	1623	363	1973	1266	2311	2105	1846	2962	878	0	2435	3119	428	1314	1825	2011	2161	1439	1376	1442	1742	1406	935	3260	2208	2865	1063	1415	3503	956	2186	2383	1261	2295	3272	2080	1938	2120	1003	3276	2781	1063	1722	3274	3915	1086	3381	3327	1226	2268	1696	3479	2871	502	483	1531	295	1306	1985	3035	1588	3383	1951	1489	679	1737	1348	
943	2947	3083	3551	4323	2987	3025	2653	3712	3116	3586	4022	2951	4644	1790	2206	3206	2349	1387	3724	2492	2346	3760	2768	1005	2159	899	3666	2152	4205	3330	2860	2524	3664	4026	2087	3333	1217	2965	3885	2488	936	2268	2435	0	4571	2856	3426	611	3229	3293	3725	3462	2346	3575	1962	1569	966	4241	4338	3363	1708	3416	2731	2957	4233	1322	3689	2994	4126	4114	3327	3362	2813	4379	1881	3383	1144	1652	2844	1093	3159	3657	4062	3333	1164	1017	2162	2796	2462	2619	3249	3479	692	2833	3609	3480	1604	2859	2702	3156	
3632	3727	1560	5002	4095	2154	3870	5328	4750	1500	1655	4808	6327	594	2942	5330	1428	2986	5855	919	5030	4305	6838	1825	5574	3288	3677	4349	5433	2237	2855	6374	4613	1472	2561	3342	1266	3928	5419	1065	4965	5436	2529	3119	4571	0	2921	1931	4092	5033	1279	3713	4011	4561	1403	2620	3297	5536	1346	5628	3541	2874	6621	2196	5287	955	4049	899	6373	4485	4191	5131	3381	6353	392	4120	4601	5696	6216	2056	5662	6439	3045	4904	4596	5726	5434	3600	2687	4648	3292	4116	4898	5259	4660	6496	4853	2971	3570	4842	4241	
2132	821	1604	2119	1781	795	974	2460	1933	1697	1297	2082	3518	2637	1298	2569	2320	523	3691	2057	2169	1445	3946	1630	3666	713	2296	1589	2703	1456	474	3598	1725	1472	1197	791	1880	1694	2513	1870	2101	3389	1044	428	2856	2921	0	1020	2246	2115	2112	1168	1237	1706	1519	1637	1327	3688	1885	2832	824	1701	3756	915	2376	2109	1685	2161	3560	1894	1700	2215	712	3587	2560	1431	1724	3701	4342	1010	3810	3598	823	2170	1710	3907	3295	871	274	1773	404	1254	2012	3462	1742	3593	1971	1791	654	1939	1349	
2544	1802	940	3071	2308	439	1942	3477	2826	1020	279	2906	4525	1617	1642	3559	1673	1248	4475	1138	3184	2458	4966	1170	4349	1553	2670	2433	3684	890	935	4597	2745	460	944	1624	1104	2430	3533	866	3117	4119	1174	1314	3426	1931	1020	0	2835	3110	1392	1832	2089	2719	547	1676	1878	4348	897	3713	1620	1868	4774	714	3395	1089	2485	1276	4569	2616	2346	3206	1461	4583	1556	2376	2670	4420	5030	639	4475	4613	1189	3000	2665	4562	4060	1816	834	2790	1416	2185	2967	4094	2757	4612	2922	1984	1652	2959	2312	
525	2375	2565	3099	3749	2396	2464	2357	3217	2607	3007	3517	2874	4118	1217	1989	2785	1738	1765	3216	2146	1860	3639	2269	1526	1552	601	3132	1981	3599	2720	2821	2085	3095	3415	1481	2834	648	2646	3340	2127	1346	1694	1825	611	4092	2246	2835	0	2808	2830	3142	2905	1910	3017	1475	964	1516	3668	3908	2775	1224	3313	2152	2610	3685	796	3198	2920	3586	3553	2913	2766	2781	3871	1374	2889	1621	2202	2272	1643	3064	3049	3565	2841	1728	1345	1578	2186	2035	2018	2706	3018	1259	2381	3433	3013	1137	2275	2293	2630	
3095	1309	3673	380	1877	2903	1173	871	735	3764	3390	1034	1850	4713	2769	1359	4332	2197	3202	4170	818	1001	1974	3616	3513	1975	3261	1035	1519	3216	2235	2010	724	3570	2838	1965	3967	2214	651	3974	791	3156	2856	2011	3229	5033	2115	3110	2808	0	4169	1656	1203	898	3630	3275	2493	3598	3904	1108	1603	3184	1889	2956	516	4184	2030	4268	1877	1377	1590	114	1755	2026	4665	1476	567	3431	4046	3077	3678	1827	2204	1021	537	3785	2975	1662	2364	774	1772	987	373	3504	460	1597	412	3210	1463	529	824	
2358	2923	508	4219	3683	1336	3079	4309	4045	415	1232	4180	5238	1469	1734	4232	306	1985	4595	571	4011	3313	5823	606	4298	2253	2399	3689	4317	2149	2246	5262	3637	1116	2313	2291	296	2730	4449	966	3952	4169	1393	2161	3293	1279	2112	1392	2830	4169	0	3162	3336	3552	950	1356	2102	4258	1515	4944	2887	1607	5573	1215	4332	1256	2871	452	5284	3941	3693	4277	2742	5236	1145	3040	3829	4423	4937	1103	4383	5370	2557	4270	3812	4446	4175	2581	1840	3657	2402	3366	4111	3981	3748	5505	4073	1699	2749	3883	3452	
3159	791	2661	1454	628	1835	760	2363	1108	2753	2084	1101	3444	3289	2418	2692	3406	1618	4253	2969	2146	1620	3629	2753	4372	1647	3333	688	2856	1637	916	3579	1714	2264	1251	1703	2895	2509	2261	2660	2081	4047	2212	1439	3725	3713	1168	1832	3142	1656	3162	0	459	1811	2376	2799	2353	4420	2440	1932	378	2842	3538	2039	2111	2783	2418	3106	3477	785	538	1712	456	3584	3323	1930	1096	4359	5013	2105	4529	3453	669	1197	1120	4635	3911	1565	1421	1794	1168	715	1370	4237	1523	3250	1320	2923	867	1799	895	
2992	553	2828	1033	887	2001	441	1908	739	2921	2358	846	2986	3627	2346	2255	3555	1575	3879	3214	1700	1233	3177	2867	4038	1517	3169	353	2420	2038	1157	3123	1282	2542	1655	1556	3089	2258	1802	2947	1637	3703	2230	1376	3462	4011	1237	2089	2905	1203	3336	459	0	1396	2634	2782	2213	4094	2790	1625	470	2784	3080	2152	1653	3108	2140	3338	3019	711	653	1265	631	3129	3628	1606	653	4011	4662	2242	4198	2994	1030	935	671	4305	3555	1349	1511	1364	1081	269	941	3928	1070	2799	891	2850	704	1348	443	
2209	1112	3086	1205	2269	2412	1071	768	1398	3170	2991	1719	1812	4330	1989	906	3672	1584	2507	3656	469	261	2281	2965	2729	1300	2372	1461	1062	3068	2004	1900	178	3157	2729	1263	3393	1323	907	3541	405	2379	2174	1442	2346	4561	1706	2719	1910	898	3552	1811	1396	0	3180	2500	1671	2801	3591	2001	1571	2375	2062	2382	809	3805	1135	3727	1854	1915	2004	1005	1673	1893	4221	605	1079	2676	3317	2518	2893	1894	2128	1746	1027	3002	2215	973	1893	130	1304	1129	1135	2676	489	1953	1139	2385	1173	398	973	
2648	2325	633	3606	2834	771	2470	3946	3370	674	304	3452	4969	1170	1800	3983	1253	1631	4731	595	3649	2921	5449	960	4543	1940	2746	2979	4098	1199	1481	5028	3222	167	1384	2003	655	2710	4023	364	3583	4346	1327	1742	3575	1403	1519	547	3017	3630	950	2376	2634	3180	0	1672	2105	4527	697	4258	2165	1905	5242	896	3889	678	2797	744	5013	3160	2885	3729	2007	5010	1044	2779	3206	4634	5215	760	4655	5069	1725	3547	3199	4734	4309	2236	1291	3261	1895	2722	3502	4261	3259	5102	3457	2021	2167	3447	2843	
1018	2253	1127	3429	3417	1280	2401	3203	3371	1155	1754	3591	4022	2686	512	3028	1333	1207	3239	1762	2917	2304	4680	806	2960	1324	1089	3111	3087	2556	2024	4021	2627	1788	2508	1319	1372	1436	3402	1949	2868	2816	603	1406	1962	2620	1637	1676	1475	3275	1356	2799	2782	2500	1672	0	854	2928	2364	4231	2437	254	4398	978	3309	2299	1603	1730	4069	3482	3321	3390	2344	3990	2417	1916	3087	3077	3613	1037	3055	4176	2402	3668	3055	3124	2820	1616	1415	2622	1701	2704	3325	2653	2819	4396	3298	360	2084	2880	2725	
812	1661	1738	2690	2980	1441	1786	2353	2695	1799	2064	2953	3175	3246	371	2177	2142	805	2626	2388	2072	1498	3826	1499	2472	707	983	2503	2243	2637	1798	3182	1810	2167	2465	659	2034	631	2564	2447	2025	2249	784	935	1569	3297	1327	1878	964	2493	2102	2353	2213	1671	2105	854	0	2471	2731	3509	1975	704	3546	1217	2478	2782	770	2401	3222	2923	2825	2607	1932	3153	3033	1074	2386	2545	3152	1347	2598	3326	2148	3019	2347	2686	2204	893	1233	1797	1185	2074	2592	2221	2033	3544	2572	718	1519	2061	2053	
1909	3629	4047	3959	4979	3910	3676	2853	4197	4081	4523	4520	2777	5607	2731	2336	4163	3206	704	4690	2788	2884	3599	3734	121	2975	1859	4237	2220	5090	4155	2632	2969	4609	4880	2898	4299	1994	3176	4843	2808	453	3209	3260	966	5536	3688	4348	1516	3598	4258	4420	4094	2801	4527	2928	2471	0	5184	4676	4080	2674	3246	3668	3214	5190	2029	4655	2811	4699	4742	3677	4107	2581	5345	2493	3880	318	688	3786	128	2996	4453	4542	3828	219	649	2905	3666	2892	3398	3852	3908	278	3279	3544	3921	2570	3574	3082	3728	
3325	2607	1315	3814	2767	1304	2733	4340	3521	1340	668	3541	5403	853	2453	4446	1818	2144	5349	983	4052	3330	5809	1651	5193	2450	3431	3107	4575	891	1668	5481	3604	580	1231	2520	1250	3308	4373	552	3984	4980	1975	2208	4241	1346	1885	897	3668	3904	1515	2440	2790	3591	697	2364	2731	5184	0	4372	2330	2593	5634	1517	4230	399	3373	1148	5445	3189	2885	3991	2169	5468	961	3271	3417	5275	5870	1398	5312	5482	1775	3636	3421	5394	4930	2709	1726	3655	2288	2936	3715	4922	3586	5448	3667	2709	2476	3806	3084	
4167	2033	4436	822	1769	3615	1876	1846	899	4529	3980	834	2532	5220	3743	2369	5148	3066	4233	4839	1890	2065	2276	4444	4587	2907	4338	1280	2513	3555	2778	2724	1823	4163	3173	2916	4706	3299	1536	4567	1877	4229	3743	2865	4338	5628	2832	3713	3908	1108	4944	1932	1625	2001	4258	4231	3509	4676	4372	0	2093	4175	2364	3740	1471	4710	3122	4962	2541	1231	1549	1012	2252	2757	5242	2553	1146	4491	5085	3842	4750	2420	2598	740	1176	4856	4042	2630	3105	1879	2583	1580	917	4597	1529	1938	938	4215	2209	1636	1517	
2782	474	2380	1484	1005	1551	505	2202	1208	2474	1889	1296	3295	3162	2045	2473	3116	1246	3946	2748	1956	1351	3562	2442	4037	1270	2956	815	2632	1614	687	3415	1503	2072	1238	1326	2634	2146	2149	2477	1888	3720	1858	1063	3363	3541	824	1620	2775	1603	2887	378	470	1571	2165	2437	1975	4080	2330	2093	0	2472	3437	1724	2000	2641	2065	2874	3331	1072	884	1680	162	3415	3158	1605	1089	4033	4687	1804	4193	3327	604	1389	1096	4297	3591	1200	1090	1577	791	616	1386	3889	1370	3189	1338	2550	508	1633	781	
765	2241	1377	3363	3467	1454	2383	3051	3334	1408	1969	3571	3830	2937	439	2845	1570	1226	2988	2016	2773	2196	4509	1060	2706	1284	843	3101	2896	2734	2121	3822	2512	2014	2658	1264	1626	1233	3267	2193	2728	2563	726	1415	1708	2874	1701	1868	1224	3184	1607	2842	2784	2375	1905	254	704	2674	2593	4175	2472	0	4219	1157	3181	2543	1411	1985	3878	3492	3352	3299	2393	3789	2671	1777	3038	2823	3360	1235	2801	3991	2498	3644	3003	2871	2569	1545	1507	2500	1706	2683	3262	2400	2725	4236	3238	116	2080	2763	2687	
3790	3054	5125	2175	3745	4474	2953	1297	2574	5206	5049	2811	473	6389	3906	1374	5662	3637	2593	5712	1593	2321	353	4973	3129	3341	3906	2921	1340	5036	3999	621	2031	5218	4670	3294	5434	2994	1288	5603	1659	2823	4181	3503	3416	6621	3756	4774	3313	1889	5573	3538	3080	2062	5242	4398	3546	3246	5634	2364	3437	4219	0	4433	1437	5862	2809	5777	436	3213	3461	1852	3576	673	6283	2533	2456	2961	3378	4572	3263	257	4039	2761	2425	3349	2631	3022	3954	1984	3359	2842	2224	3304	2074	449	2272	4193	3165	1832	2665	
1834	1712	718	3005	2617	303	1869	3148	2843	808	855	2997	4132	2057	941	3134	1408	798	3842	1280	2849	2132	4663	717	3676	1093	1957	2504	3239	1580	1159	4178	2451	950	1537	1146	1017	1815	3264	1249	2786	3465	465	956	2731	2196	915	714	2152	2956	1215	2039	2152	2382	896	978	1217	3668	1517	3740	1724	1157	4433	0	3140	1573	1903	1345	4177	2795	2578	3063	1594	4158	1883	1924	2617	3758	4353	141	3795	4246	1524	3085	2599	3879	3421	1412	641	2478	1187	2160	2897	3408	2542	4332	2859	1271	1537	2691	2239	
2968	1630	3853	883	2383	3134	1521	380	1252	3940	3673	1547	1346	5011	2797	900	4465	2349	2763	4397	467	1023	1579	3753	3121	2083	3123	1533	1049	3603	2577	1499	696	3848	3234	2054	4157	2082	150	4244	484	2764	2967	2186	2957	5287	2376	3395	2610	516	4332	2111	1653	809	3889	3309	2478	3214	4230	1471	2000	3181	1437	3140	0	4482	1886	4480	1375	1892	2096	537	2140	1513	4933	1405	1058	3021	3615	3271	3283	1342	2603	1528	1019	3389	2575	1755	2599	688	1995	1408	889	3148	646	1218	928	3188	1754	449	1229	
3298	2877	1184	4120	3143	1424	3011	4565	3845	1182	814	3883	5607	530	2471	4632	1543	2289	5407	688	4271	3544	6054	1525	5209	2599	3386	3436	4751	1284	1962	5674	3833	652	1607	2664	1033	3388	4620	350	4204	5019	2002	2383	4233	955	2109	1089	3685	4184	1256	2783	3108	3805	678	2299	2782	5190	399	4710	2641	2543	5862	1573	4482	0	3473	837	5651	3546	3247	4276	2479	5658	566	3435	3720	5304	5879	1438	5318	5698	2114	3979	3720	5395	4985	2883	1913	3878	2504	3235	4018	4922	3842	5700	3971	2656	2733	4048	3374	
1082	1632	2490	2308	3005	2070	1704	1688	2422	2556	2709	2723	2420	3959	1141	1435	2911	1252	2012	3133	1437	1066	3105	2267	1996	977	1240	2348	1486	3126	2141	2418	1306	2835	2881	900	2792	197	1944	3152	1405	1705	1520	1261	1322	4049	1685	2485	796	2030	2871	2418	2140	1135	2797	1603	770	2029	3373	3122	2065	1411	2809	1903	1886	3473	0	3157	2467	2806	2793	2139	2082	2388	3768	578	2093	2019	2665	2041	2146	2580	2426	2770	2045	2247	1611	876	1710	1263	1372	1928	2225	1826	1593	2847	2219	1385	1557	1528	1841	
2747	2982	667	4279	3577	1367	3134	4493	4067	602	1048	4168	5467	1018	2044	4465	713	2143	4960	169	4194	3477	6009	929	4690	2436	2802	3688	4561	1893	2199	5505	3794	887	2118	2484	368	3032	4606	605	4131	4543	1640	2295	3689	899	2161	1276	3198	4268	452	3106	3338	3727	744	1730	2401	4655	1148	4962	2874	1985	5777	1345	4480	837	3157	0	5512	3891	3622	4372	2719	5482	703	3257	3881	4807	5339	1210	4782	5586	2464	4262	3870	4849	4537	2757	1905	3822	2500	3403	4172	4380	3870	5677	4130	2086	2815	4032	3509	
3409	2915	4853	2210	3753	4242	2833	1131	2601	4931	4838	2871	47	6173	3589	1052	5356	3389	2163	5457	1400	2115	789	4680	2694	3085	3518	2907	982	4900	3845	207	1858	5001	4546	3031	5162	2645	1230	5377	1469	2387	3894	3272	2994	6373	3560	4569	2920	1877	5284	3477	3019	1854	5013	4069	3222	2811	5445	2541	3331	3878	436	4177	1375	5651	2467	5512	0	3247	3467	1866	3459	255	6047	2255	2432	2527	2958	4317	2829	187	3924	2834	2394	2916	2195	2777	3738	1799	3157	2765	2240	2869	1965	788	2283	3845	3007	1699	2585	
3697	1263	3437	1041	559	2609	1141	2228	646	3530	2866	430	3222	4042	3055	2667	4179	2276	4419	3754	2096	1816	3232	3512	4634	2228	3874	463	2834	2345	1698	3386	1763	3046	1969	2267	3677	2938	2028	3439	2045	4288	2918	2080	4126	4485	1894	2616	3586	1377	3941	785	711	1915	3160	3482	2923	4699	3189	1231	1072	3492	3213	2795	1892	3546	2806	3891	3247	0	319	1381	1204	3403	4094	2248	871	4588	5232	2871	4797	3183	1442	511	921	4905	4128	2052	2161	1846	1786	880	1008	4552	1478	2858	966	3560	1414	1736	976	
3618	1182	3195	1289	286	2372	1090	2409	892	3286	2587	736	3439	3738	2921	2814	3941	2126	4507	3480	2245	1867	3500	3291	4684	2119	3794	570	2982	2032	1448	3595	1870	2764	1660	2167	3423	2907	2238	3152	2189	4345	2740	1938	4114	4191	1700	2346	3553	1590	3693	538	653	2004	2885	3321	2825	4742	2885	1549	884	3352	3461	2578	2096	3247	2793	3622	3467	319	0	1612	990	3609	3799	2258	1042	4651	5301	2643	4845	3415	1160	823	1085	4952	4194	1986	1957	1953	1654	891	1237	4579	1611	3123	1190	3427	1307	1883	1032	
3206	1405	3780	349	1897	3006	1265	909	735	3871	3485	1015	1842	4804	2883	1413	4442	2307	3267	4272	890	1114	1918	3727	3591	2088	3372	1070	1570	3291	2323	2008	833	3666	2910	2078	4073	2324	657	4071	870	3234	2969	2120	3327	5131	2215	3206	2913	114	4277	1712	1265	1005	3729	3390	2607	3677	3991	1012	1680	3299	1852	3063	537	4276	2139	4372	1866	1381	1612	0	1835	2027	4762	1587	616	3505	4114	3184	3755	1805	2278	991	594	3862	3050	1776	2467	879	1878	1063	375	3589	574	1539	421	3324	1562	626	907	
2743	561	2237	1645	1075	1407	627	2329	1369	2329	1728	1450	3422	3001	1973	2579	2976	1172	3999	2591	2074	1442	3708	2310	4068	1234	2915	972	2735	1465	527	3537	1617	1912	1094	1297	2485	2150	2289	2317	2006	3758	1756	1003	3362	3381	712	1461	2766	1755	2742	456	631	1673	2007	2344	1932	4107	2169	2252	162	2393	3576	1594	2140	2479	2082	2719	3459	1204	990	1835	0	3536	2997	1654	1249	4072	4725	1667	4222	3460	465	1543	1254	4325	3635	1207	967	1689	754	772	1546	3908	1504	3336	1498	2476	545	1761	931	
3282	2983	4819	2375	3895	4241	2912	1222	2759	4894	4848	3040	242	6176	3522	1027	5294	3380	1921	5435	1462	2150	1022	4630	2462	3072	3382	3043	921	4958	3896	52	1920	5006	4613	3014	5127	2557	1375	5374	1530	2164	3852	3276	2813	6353	3587	4583	2781	2026	5236	3584	3129	1893	5010	3990	3153	2581	5468	2757	3415	3789	673	4158	1513	5658	2388	5482	255	3403	3609	2027	3536	0	6037	2234	2568	2291	2708	4299	2593	440	3999	3009	2527	2679	1976	2776	3750	1853	3183	2869	2396	2650	2062	1043	2437	3749	3062	1788	2690	
3435	3357	1308	4625	3703	1810	3499	4988	4366	1265	1278	4420	6003	352	2689	5011	1365	2659	5626	656	4690	3963	6493	1611	5376	2965	3497	3964	5120	1850	2473	6056	4266	1096	2169	3023	1046	3659	5067	691	4625	5217	2252	2781	4379	392	2560	1556	3871	4665	1145	3323	3628	4221	1044	2417	3033	5345	961	5242	3158	2671	6283	1883	4933	566	3768	703	6047	4094	3799	4762	2997	6037	0	3803	4224	5488	6030	1742	5472	6107	2655	4516	4220	5541	5203	3270	2335	4304	2939	3739	4521	5070	4302	6146	4476	2775	3204	4491	3868	
1620	1141	2598	1736	2488	2012	1183	1291	1844	2677	2631	2147	2210	3948	1407	1210	3134	1148	2346	3203	1002	490	2790	2440	2442	839	1787	1787	1319	2879	1831	2254	760	2783	2585	779	2907	747	1490	3143	953	2118	1648	1063	1881	4120	1431	2376	1374	1476	3040	1930	1606	605	2779	1916	1074	2493	3271	2553	1605	1777	2533	1924	1405	3435	578	3257	2255	2248	2258	1587	1654	2234	3803	0	1515	2430	3085	2065	2601	2333	2054	2192	1467	2707	1986	564	1546	733	1047	1376	1650	2322	1027	2489	1642	1783	1109	1001	1276	
3087	906	3323	401	1328	2518	750	1368	329	3416	2946	643	2403	4244	2604	1796	4021	1922	3564	3769	1225	1037	2534	3312	3808	1763	3261	475	1963	2688	1758	2555	914	3129	2305	1775	3604	2252	1202	3536	1174	3457	2598	1722	3383	4601	1724	2670	2889	567	3829	1096	653	1079	3206	3087	2386	3880	3417	1146	1089	3038	2456	2617	1058	3720	2093	3881	2432	871	1042	616	1249	2568	4224	1515	0	3750	4387	2726	3972	2390	1677	679	52	4080	3289	1497	1991	994	1444	485	298	3751	613	2155	252	3083	1080	865	378	
2066	3572	4183	3801	4898	3985	3606	2652	4060	4223	4609	4384	2495	5738	2834	2129	4347	3240	389	4832	2615	2785	3312	3880	200	2989	2040	4130	2001	5128	4160	2343	2836	4706	4898	2911	4446	2015	2972	4961	2641	315	3307	3274	1144	5696	3701	4420	1621	3431	4423	4359	4011	2676	4634	3077	2545	318	5275	4491	4033	2823	2961	3758	3021	5304	2019	4807	2527	4588	4651	3505	4072	2291	5488	2430	3750	0	654	3883	302	2713	4440	4401	3698	391	461	2885	3703	2757	3388	3760	3757	527	3142	3274	3773	2725	3531	2928	3626	
2595	4226	4735	4420	5550	4592	4260	3239	4693	4768	5208	5017	2933	6295	3418	2716	4833	3872	853	5376	3228	3434	3720	4419	681	3629	2539	4775	2574	5759	4805	2759	3475	5296	5538	3552	4984	2650	3553	5532	3259	968	3896	3915	1652	6216	4342	5030	2202	4046	4937	5013	4662	3317	5215	3613	3152	688	5870	5085	4687	3360	3378	4353	3615	5879	2665	5339	2958	5232	5301	4114	4725	2708	6030	3085	4387	654	0	4473	560	3145	5089	5030	4335	491	1107	3535	4333	3394	4036	4410	4381	960	3776	3735	4400	3255	4185	3553	4274	
1936	1820	598	3116	2669	291	1976	3285	2943	691	744	3087	4272	1918	1056	3275	1313	934	3972	1141	2985	2267	4799	651	3797	1233	2052	2595	3380	1523	1207	4319	2584	824	1515	1286	890	1950	3396	1111	2922	3592	578	1086	2844	2056	1010	639	2272	3077	1103	2105	2242	2518	760	1037	1347	3786	1398	3842	1804	1235	4572	141	3271	1438	2041	1210	4317	2871	2643	3184	1667	4299	1742	2065	2726	3883	4473	0	3914	4385	1559	3177	2709	3997	3551	1549	737	2612	1306	2263	3009	3525	2668	4466	2970	1351	1646	2823	2349	
2036	3739	4175	4042	5084	4037	3784	2918	4287	4209	4650	4610	2797	5735	2859	2399	4287	3330	686	4817	2865	2984	3614	3861	164	3096	1985	4336	2277	5215	4276	2645	3059	4737	5002	3020	4426	2115	3241	4971	2887	521	3337	3381	1093	5662	3810	4475	1643	3678	4383	4529	4198	2893	4655	3055	2598	128	5312	4750	4193	2801	3263	3795	3283	5318	2146	4782	2829	4797	4845	3755	4222	2593	5472	2601	3972	302	560	3914	0	3015	4571	4631	3920	108	709	3021	3790	2982	3517	3954	3993	403	3369	3572	4007	2697	3687	3166	3827	
3546	2925	4930	2142	3701	4299	2834	1144	2538	5010	4885	2795	218	6223	3689	1149	5451	3453	2350	5526	1430	2155	608	4768	2879	3153	3659	2862	1101	4912	3863	389	1881	5051	4552	3102	5239	2763	1193	5432	1498	2569	3978	3327	3159	6439	3598	4613	3064	1827	5370	3453	2994	1894	5069	4176	3326	2996	5482	2420	3327	3991	257	4246	1342	5698	2580	5586	187	3183	3415	1805	3460	440	6107	2333	2390	2713	3145	4385	3015	0	3925	2753	2354	3103	2377	2839	3787	1827	3198	2747	2180	3050	1958	608	2226	3963	3026	1701	2568	
2955	1018	2070	2064	1126	1272	1092	2793	1751	2159	1427	1769	3886	2622	2112	3034	2819	1346	4391	2321	2537	1890	4166	2208	4422	1498	3119	1334	3188	1013	378	4000	2079	1606	634	1571	2279	2466	2752	1997	2469	4125	1800	1226	3657	3045	823	1189	3049	2204	2557	669	1030	2128	1725	2402	2148	4453	1775	2598	604	2498	4039	1524	2603	2114	2426	2464	3924	1442	1160	2278	465	3999	2655	2054	1677	4440	5089	1559	4571	3925	0	1865	1689	4672	4014	1555	992	2149	1054	1217	1970	4239	1968	3793	1920	2594	969	2226	1385	
3746	1418	3762	644	1068	2935	1268	1892	351	3856	3262	95	2813	4486	3206	2374	4490	2471	4196	4133	1817	1716	2755	3799	4467	2361	3922	582	2537	2816	2066	2987	1574	3445	2434	2384	4021	2925	1648	3846	1778	4113	3140	2268	4062	4904	2170	3000	3565	1021	4270	1197	935	1746	3547	3668	3019	4542	3636	740	1389	3644	2761	3085	1528	3979	2770	4262	2834	511	823	991	1543	3009	4516	2192	679	4401	5030	3177	4631	2753	1865	0	729	4739	3941	2127	2444	1650	1976	964	657	4422	1263	2385	632	3698	1591	1478	967	
3043	890	3307	409	1370	2505	736	1324	378	3400	2942	694	2364	4245	2569	1747	4001	1895	3512	3760	1175	987	2509	3291	3756	1731	3218	516	1914	2701	1758	2515	862	3125	2319	1741	3590	2206	1165	3532	1124	3405	2572	1696	3333	4596	1710	2665	2841	537	3812	1120	671	1027	3199	3055	2347	3828	3421	1176	1096	3003	2425	2599	1019	3720	2045	3870	2394	921	1085	594	1254	2527	4220	1467	52	3698	4335	2709	3920	2354	1689	729	0	4028	3237	1460	1976	942	1422	485	303	3700	562	2131	261	3047	1063	815	361	
2107	3844	4247	4150	5191	4124	3890	3024	4395	4279	4734	4718	2885	5808	2941	2503	4344	3425	762	4887	2972	3091	3700	3930	273	3194	2048	4444	2380	5308	4374	2731	3168	4819	5099	3117	4495	2213	3345	5048	2994	629	3419	3479	1164	5726	3907	4562	1728	3785	4446	4635	4305	3002	4734	3124	2686	219	5394	4856	4297	2871	3349	3879	3389	5395	2247	4849	2916	4905	4952	3862	4325	2679	5541	2707	4080	391	491	3997	108	3103	4672	4739	4028	0	814	3123	3884	3090	3617	4061	4101	473	3477	3665	4116	2766	3791	3274	3935	
1842	3126	3896	3343	4443	3631	3155	2210	3599	3943	4263	3923	2159	5437	2521	1691	4126	2853	423	4549	2160	2327	2984	3609	548	2588	1853	3670	1572	4736	3746	2027	2375	4370	4491	2510	4172	1632	2532	4646	2184	197	2983	2871	1017	5434	3295	4060	1345	2975	4175	3911	3555	2215	4309	2820	2204	649	4930	4042	3591	2569	2631	3421	2575	4985	1611	4537	2195	4128	4194	3050	3635	1976	5203	1986	3289	461	1107	3551	709	2377	4014	3941	3237	814	0	2460	3315	2296	2966	3303	3297	674	2681	2909	3313	2481	3092	2468	3167	
1645	804	2113	1819	2173	1466	911	1737	1802	2197	2075	2061	2733	3400	1116	1749	2710	615	2844	2690	1437	732	3253	1998	2870	328	1822	1619	1869	2325	1294	2792	1059	2231	2046	304	2420	946	1869	2600	1376	2570	1214	502	2162	3600	871	1816	1578	1662	2581	1565	1349	973	2236	1616	893	2905	2709	2630	1200	1545	3022	1412	1755	2883	876	2757	2777	2052	1986	1776	1207	2776	3270	564	1497	2885	3535	1549	3021	2839	1555	2127	1460	3123	2460	0	983	1076	507	1188	1717	2702	1210	2926	1693	1586	698	1308	1160	
2011	1086	1333	2384	2021	539	1241	2657	2206	1426	1100	2356	3695	2436	1134	2725	2046	462	3721	1807	2361	1633	4158	1357	3653	742	2167	1863	2850	1426	614	3764	1931	1264	1231	818	1614	1688	2732	1650	2295	3394	813	483	2796	2687	274	834	2186	2364	1840	1421	1511	1893	1291	1415	1233	3666	1726	3105	1090	1507	3954	641	2599	1913	1710	1905	3738	2161	1957	2467	967	3750	2335	1546	1991	3703	4333	737	3790	3787	992	2444	1976	3884	3315	983	0	1971	605	1526	2277	3428	1975	3811	2237	1605	914	2156	1615	
2338	1131	3185	1091	2224	2496	1072	687	1305	3271	3064	1629	1758	4405	2110	899	3782	1681	2574	3747	399	345	2190	3072	2817	1404	2501	1400	1062	3106	2047	1857	84	3234	2760	1371	3491	1452	794	3621	330	2465	2284	1531	2462	4648	1773	2790	2035	774	3657	1794	1364	130	3261	2622	1797	2892	3655	1879	1577	2500	1984	2478	688	3878	1263	3822	1799	1846	1953	879	1689	1853	4304	733	994	2757	3394	2612	2982	1827	2149	1650	942	3090	2296	1076	1971	0	1374	1096	1026	2775	387	1854	1034	2511	1210	268	929	
1993	558	1903	1824	1796	1142	712	2061	1697	1994	1690	1895	3115	3031	1271	2166	2581	496	3351	2409	1769	1043	3555	1869	3368	481	2166	1411	2302	1833	788	3194	1330	1861	1542	543	2195	1416	2128	2252	1701	3073	1166	295	2619	3292	404	1416	2018	1772	2402	1168	1081	1304	1895	1701	1185	3398	2288	2583	791	1706	3359	1187	1995	2504	1372	2500	3157	1786	1654	1878	754	3183	2939	1047	1444	3388	4036	1306	3517	3198	1054	1976	1422	3617	2966	507	605	1374	0	1016	1716	3187	1372	3207	1680	1777	384	1552	1067	
2829	458	2858	886	1144	2044	304	1648	685	2951	2461	888	2731	3760	2244	1986	3567	1509	3620	3289	1433	976	2954	2865	3792	1400	3006	432	2152	2229	1274	2864	1013	2644	1850	1428	3133	2058	1557	3051	1370	3454	2181	1306	3249	4116	1254	2185	2706	987	3366	715	269	1129	2722	2704	2074	3852	2936	1580	616	2683	2842	2160	1408	3235	1928	3403	2765	880	891	1063	772	2869	3739	1376	485	3760	4410	2263	3954	2747	1217	964	485	4061	3303	1188	1526	1096	1016	0	783	3693	807	2579	737	2740	634	1084	180	
3256	1191	3607	107	1522	2807	1038	1242	363	3700	3243	663	2214	4543	2832	1718	4297	2182	3543	4062	1161	1161	2277	3585	3829	2002	3428	706	1881	2980	2056	2378	958	3427	2596	2007	3891	2397	1021	3833	1124	3473	2857	1985	3479	4898	2012	2967	3018	373	4111	1370	941	1135	3502	3325	2592	3908	3715	917	1386	3262	2224	2897	889	4018	2225	4172	2240	1008	1237	375	1546	2396	4521	1650	298	3757	4381	3009	3993	2180	1970	657	303	4101	3297	1717	2277	1026	1716	783	0	3799	646	1899	51	3300	1363	829	663	
1635	3447	3775	3856	4808	3655	3503	2800	4073	3808	4263	4394	2832	5335	2469	2295	3885	2972	874	4416	2707	2737	3657	3460	344	2751	1582	4089	2195	4850	3932	2701	2848	4346	4649	2676	4025	1773	3123	4575	2720	490	2947	3035	692	5259	3462	4094	1259	3504	3981	4237	3928	2676	4261	2653	2221	278	4922	4597	3889	2400	3304	3408	3148	4922	1826	4380	2869	4552	4579	3589	3908	2650	5070	2322	3751	527	960	3525	403	3050	4239	4422	3700	473	674	2702	3428	2775	3187	3693	3799	0	3161	3574	3809	2295	3382	2981	3577	
2645	984	3259	720	1889	2513	880	841	919	3348	3036	1243	1929	4372	2311	1203	3900	1766	2951	3780	636	544	2225	3185	3204	1528	2814	1045	1371	2962	1932	2058	313	3212	2597	1514	3558	1771	791	3611	578	2851	2415	1588	2833	4660	1742	2757	2381	460	3748	1523	1070	489	3259	2819	2033	3279	3586	1529	1370	2725	2074	2542	646	3842	1593	3870	1965	1478	1611	574	1504	2062	4302	1027	613	3142	3776	2668	3369	1958	1968	1263	562	3477	2681	1210	1975	387	1372	807	646	3161	0	1862	650	2750	1111	278	628	
3880	2843	5039	1836	3402	4343	2727	1200	2231	5123	4890	2443	807	6229	3892	1445	5617	3535	2922	5600	1496	2200	379	4914	3430	3253	4011	2604	1464	4801	3790	995	1885	5064	4427	3214	5345	3040	1080	5459	1554	3105	4121	3383	3609	6496	3593	4612	3433	1597	5505	3250	2799	1953	5102	4396	3544	3544	5448	1938	3189	4236	449	4332	1218	5700	2847	5677	788	2858	3123	1539	3336	1043	6146	2489	2155	3274	3735	4466	3572	608	3793	2385	2131	3665	2909	2926	3811	1854	3207	2579	1899	3574	1862	0	1948	4223	2972	1655	2408	
3244	1151	3568	149	1476	2766	997	1276	324	3661	3198	632	2258	4495	2807	1745	4260	2149	3564	4020	1185	1153	2327	3550	3843	1974	3416	656	1910	2930	2009	2420	963	3381	2545	1981	3850	2388	1062	3788	1146	3488	2825	1951	3480	4853	1971	2922	3013	412	4073	1320	891	1139	3457	3298	2572	3921	3667	938	1338	3238	2272	2859	928	3971	2219	4130	2283	966	1190	421	1498	2437	4476	1642	252	3773	4400	2970	4007	2226	1920	632	261	4116	3313	1693	2237	1034	1680	737	51	3809	650	1948	0	3277	1324	847	622	
661	2304	1487	3400	3549	1567	2442	3044	3384	1515	2085	3627	3798	3046	506	2820	1648	1305	2898	2121	2771	2215	4489	1165	2604	1340	731	3161	2864	2847	2219	3783	2527	2130	2767	1315	1729	1200	3269	2306	2728	2470	836	1489	1604	2971	1791	1984	1137	3210	1699	2923	2850	2385	2021	360	718	2570	2709	4215	2550	116	4193	1271	3188	2656	1385	2086	3845	3560	3427	3324	2476	3749	2775	1783	3083	2725	3255	1351	2697	3963	2594	3698	3047	2766	2481	1586	1605	2511	1777	2740	3300	2295	2750	4223	3277	0	2146	2776	2737	
2312	177	2244	1470	1479	1448	333	1883	1318	2337	1931	1511	2967	3263	1642	2076	2942	880	3454	2711	1607	926	3333	2236	3532	816	2488	1027	2226	1896	838	3067	1149	2110	1556	860	2528	1642	1897	2513	1538	3217	1549	679	2859	3570	654	1652	2275	1463	2749	867	704	1173	2167	2084	1519	3574	2476	2209	508	2080	3165	1537	1754	2733	1557	2815	3007	1414	1307	1562	545	3062	3204	1109	1080	3531	4185	1646	3687	3026	969	1591	1063	3791	3092	698	914	1210	384	634	1363	3382	1111	2972	1324	2146	0	1334	703	
2605	1225	3404	877	2163	2689	1135	569	1147	3492	3236	1469	1662	4576	2368	933	4019	1900	2718	3950	362	580	2007	3306	3001	1636	2767	1315	1101	3211	2167	1785	253	3410	2851	1609	3708	1718	576	3804	309	2645	2522	1737	2702	4842	1939	2959	2293	529	3883	1799	1348	398	3447	2880	2061	3082	3806	1636	1633	2763	1832	2691	449	4048	1528	4032	1699	1736	1883	626	1761	1788	4491	1001	865	2928	3553	2823	3166	1701	2226	1478	815	3274	2468	1308	2156	268	1552	1084	829	2981	278	1655	847	2776	1334	0	905	
2784	529	2947	770	1296	2144	376	1468	647	3039	2589	904	2551	3901	2250	1814	3643	1549	3475	3400	1257	844	2782	2935	3665	1405	2960	513	1980	2394	1416	2684	846	2772	2018	1423	3229	1984	1379	3178	1195	3322	2225	1348	3156	4241	1349	2312	2630	824	3452	895	443	973	2843	2725	2053	3728	3084	1517	781	2687	2665	2239	1229	3374	1841	3509	2585	976	1032	907	931	2690	3868	1276	378	3626	4274	2349	3827	2568	1385	967	361	3935	3167	1160	1615	929	1067	180	663	3577	628	2408	622	2737	703	905	0	


0	 CF144EN 	 0 	 0 	 540  	 1080  	 0  	 0 

1	 CF146BR 	 1 	 3 	 600  	 840  	 9  	 4 
2	 CF145YN	 1 	 10 	 720  	 960  	 9  	 4 
3	 CF142FQ 	 0 	 9 	 720  	 960  	 8  	 4 
4	 CF147EG 	 1 	 7 	 720  	 960  	 7  	 3 
5	 CF145EJ 	 1 	 5 	 540  	 780  	 5  	 2 
6	 CF141AF 	 1 	 9 	 660  	 900  	 5  	 2 
7	 CF142QR	 1 	 4 	 720  	 960  	 8  	 4 
8	 CF142BU 	 1 	 8 	 660  	 900  	 8  	 4 
9	 CF145AA 	 0 	 3 	 600  	 840  	 6  	 3 
10	 CF145LD 	 1 	 1 	 540  	 780  	 9  	 4 
11	 CF142TB 	 1 	 9 	 540  	 780  	 9  	 4 
12	 CF52BR 	 1 	 8 	 540  	 780  	 7  	 3 
13	 CF149JL 	 1 	 9 	 720  	 960  	 10  	 5 
14	 CF144HN	 1 	 1 	 660  	 900  	 10  	 5 
15	 CF142RB 	 1 	 8 	 720  	 960  	 10  	 5 
16	 CF140SB 	 1 	 5 	 720  	 960  	 10  	 5 
17	 CF144SE 	 1 	 9 	 540  	 780  	 7  	 3 
18	 CF103EJ 	 1 	 6 	 600  	 840  	 7  	 3 
19	 CF149BL 	 1 	 8 	 660  	 900  	 5  	 2 
20	 CF142PL 	 1 	 3 	 720  	 960  	 10  	 5 
21	 CF141LE 	 1 	 7 	 600  	 840  	 7  	 3 
22	 CF52JL 	 1 	 9 	 720  	 960  	 8  	 4 
23	 CF145BE 	 1 	 5 	 600  	 840  	 8  	 4 
24	 CF244HA	 1 	 8 	 660  	 900  	 10  	 5 
25	 CF144PR 	 1 	 3 	 660  	 900  	 8  	 4 
26	 CF143QL 	 1 	 1 	 720  	 960  	 9  	 4 
27	 CF142TD 	 1 	 1 	 660  	 900  	 10  	 5 
28	 CF142QF 	 1 	 2 	 540  	 780  	 10  	 5 
29	 CF146TN 	 1 	 9 	 660  	 900  	 7  	 3 
30	 CF146HH	 1 	 10 	 540  	 780  	 10  	 5 
31	 CF52AH 	 1 	 6 	 540  	 780  	 9  	 4 
32	 CF142NT 	 1 	 6 	 720  	 960  	 10  	 5 
33	 CF145HJ 	 1 	 2 	 540  	 780  	 8  	 4 
34	 CF146SB 	 1 	 10 	 660  	 900  	 7  	 3 
35	 CF144PY 	 1 	 7 	 660  	 900  	 10  	 5 
36	 CF145AB 	 1 	 10 	 540  	 780  	 7  	 3 
37	 CF144DE 	 1 	 8 	 660  	 900  	 6  	 3 
38	 CF142JF 	 1 	 1 	 600  	 840  	 5  	 2 
39	 CF149AT 	 1 	 9 	 600  	 840  	 10  	 5 
40	 CF142PQ	 1 	 8 	 720  	 960  	 10  	 5 
41	 CF244LH 	 1 	 6 	 600  	 840  	 7  	 3 
42	 CF148NJ 	 0 	 7 	 540  	 780  	 7  	 3 
43	 CF146AB 	 1 	 7 	 540  	 780  	 6  	 3 
44	 CF143QU	 1 	 5 	 600  	 840  	 7  	 3 
45	 CF149ES 	 1 	 10 	 660  	 900  	 6  	 3 
46	 CF146AJ 	 1 	 1 	 720  	 960  	 6  	 3 
47	 CF146PG 	 1 	 8 	 720  	 960  	 7  	 3 
48	 CF144YU 	 1 	 9 	 600  	 840  	 5  	 2 
49	 CF142LR 	 1 	 9 	 600  	 840  	 9  	 4 
50	 CF145AP 	 1 	 7 	 720  	 960  	 10  	 5 
51	 CF147BU 	 1 	 4 	 540  	 780  	 10  	 5 
52	 CF147BN	 1 	 5 	 660  	 900  	 9  	 4 
53	 CF141JQ 	 1 	 10 	 600  	 840  	 8  	 4 
54	 CF145JY 	 1 	 5 	 600  	 840  	 8  	 4 
55	 CF145LN 	 1 	 6 	 660  	 900  	 8  	 4 
56	 CF144JT 	 1 	 2 	 600  	 840  	 9  	 4 
57	 CF244NE 	 1 	 10 	 600  	 840  	 9  	 4 
58	 CF149AA 	 1 	 9 	 660  	 900  	 9  	 4 
59	 CF52AU 	 1 	 9 	 600  	 840  	 8  	 4 
60	 CF141BH 	 1 	 5 	 540  	 780  	 6  	 3 
61	 CF144HW 1 	 3 	 720  	 960  	 10  	 5 
62	 CF52JH 	 1 	 10 	 720  	 960  	 8  	 4 
63	 CF145FH 	 1 	 5 	 660  	 900  	 7  	 3 
64	 CF142JD 	 1 	 7 	 540  	 780  	 5  	 2 
65	 CF149HS 	 1 	 1 	 540  	 780  	 7  	 3 
66	 CF144AN	 1 	 4 	 660  	 900  	 7  	 3 
67	 CF149DD	 1 	 1 	 720  	 960  	 5  	 2 
68	 CF52AP 	 1 	 8 	 600  	 840  	 7  	 3 
69	 CF147BF 	 1 	 4 	 600  	 840  	 10  	 5 
70	 CF147BG 	 1 	 5 	 660  	 900  	 9  	 4 
71	 CF142FG 	 1 	 2 	 540  	 780  	 7  	 3 
72	 CF146ER 	 1 	 7 	 600  	 840  	 9  	 4 
73	 CF52AG 	 0 	 14 	 660  	 900  	 8  	 4 
74	 CF149FD 	 1 	 7 	 600  	 840  	 6  	 3 
75	 CF141EB 	 1 	 1 	 660  	 900  	 7  	 3 
76	 CF142AU	 1 	 7 	 540  	 780  	 5  	 2 
77	 CF244HT 	 1 	 2 	 660  	 900  	 5  	 2 
78	 CF244AQ	 1 	 10 	 600  	 840  	 8  	 4 
79	 CF145ZP 	 1 	 6 	 720  	 960  	 9  	 4 
80	 CF244FE 	 0 	 7 	 540  	 780  	 5  	 2 
81	 CF52BU 	 1 	 5 	 540  	 780  	 8  	 4 
82	 CF146HX 	 1 	 3 	 600  	 840  	 6  	 3 
83	 CF142TS 	 1 	 8 	 720  	 960  	 6  	 3 
84	 CF142BA 	 1 	 7 	 600  	 840  	 5  	 2 
85	 CF244DD	 1 	 6 	 660  	 900  	 5  	 2 
86	 CF244LT 	 1 	 4 	 540  	 780  	 8  	 4 
87	 CF141TF 	 1 	 8 	 720  	 960  	 7  	 3 
88	 CF144SS 	 1 	 2 	 600  	 840  	 10  	 5 
89	 CF141JP 	 1 	 1 	 600  	 840  	 7  	 3 
90	 CF146BL 	 1 	 7 	 660  	 900  	 10  	 5 
91	 CF142AD	 1 	 10 	 600  	 840  	 5  	 2 
92	 CF142EE 	 1 	 8 	 600  	 840  	 10  	 5 
93	 CF244QX	 1 	 9 	 600  	 840  	 10  	 5 
94	 CF141NW 1 	 7 	 540  	 780  	 7  	 3 
95	 CF52HB 	 1 	 5 	 600  	 840  	 5  	 2 
96	 CF142EG 	 0 	 1 	 600  	 840  	 6  	 3 
97	 CF144HP 	 1 	 7 	 600  	 840  	 10  	 5 
98	 CF146BD 	 1 	 2 	 660  	 900  	 10  	 5 
99	 CF142HQ	 1 	 2 	 540  	 780  	 10  	 5 
100	 CF142XJ 	 1 	 10 	 720  	 960  	 7  	 3 
