100

1200
32
10
500

0	802	672	2386	1603	1079	1970	588	1238	1803	1770	1471	741	2420	2750	656	2546	1096	2936	1146	1895	615	892	2182	1308	3673	2730	786	895	1748	1145	1884	1007	3109	1914	2903	1975	2992	2732	1336	3328	926	2260	1870	787	907	1201	1375	2945	3059	1902	2402	1624	757	4278	1089	3523	2609	2708	1195	3564	2759	550	2395	2023	498	2233	793	605	1456	1930	1213	1557	2703	732	1351	689	2635	3433	2019	2710	2414	718	762	1119	1383	2464	1336	1117	1233	2548	1951	2040	1221	2934	1001	800	2215	2116	1859	624	
802	0	1375	1643	915	454	2756	1297	1490	1911	1034	1713	1184	2906	2157	378	3105	1539	3276	939	1236	1412	391	2367	578	4030	2555	1474	1532	2524	1848	1398	1470	3660	1651	2251	2707	3742	3144	2101	3690	1649	1472	2302	632	1625	448	1011	3299	3649	1103	2153	881	1423	4522	1747	3890	2325	3220	1989	4143	3345	811	1941	1561	999	1998	822	801	1598	2146	1277	1004	3409	1147	2031	549	3150	3853	2129	3388	2985	907	296	349	2166	2773	2101	1262	1457	2223	1611	2343	2021	2389	1649	184	2840	1761	1321	1124	
672	1375	0	2778	2246	1494	1690	84	913	2342	2183	1967	1238	2646	2953	1086	2684	1508	2374	1809	2221	362	1548	2658	1931	3087	2562	116	251	1172	1220	2556	534	3230	2566	3563	1867	2782	2134	1211	2744	1018	2732	2190	1040	250	1682	1538	3266	3131	2465	2320	2245	110	4649	420	2933	2541	2063	720	3633	2849	1185	2492	2694	1040	2872	902	1246	2004	2402	1076	1829	2607	1250	1430	1360	2819	2819	2544	2665	2543	743	1410	1626	840	1937	1211	941	938	2520	2613	2448	795	3082	1210	1303	2286	2153	2081	384	
2386	1643	2778	0	1567	1313	4353	2721	2349	3305	617	3225	2814	4490	893	1743	4718	3152	3785	2312	592	2942	1853	3774	1490	4479	2220	2844	2832	3939	3488	2189	2591	5263	2705	2235	4343	5373	3804	3720	4186	3283	402	3877	1738	3007	1199	1351	4789	5269	958	1811	1385	2779	5869	3030	4373	1828	4053	3483	5756	4967	2440	1198	2327	2641	3001	1896	2419	3062	3599	2012	995	5051	2774	3673	2133	4743	4442	3497	5030	4605	2059	1865	1295	3618	3314	3720	2112	2295	1670	2567	3841	3539	1190	3292	1590	4476	1391	893	2415	
1603	915	2246	1567	0	1132	3399	2164	2388	1780	1168	1780	1616	3075	2362	1288	3352	1860	4162	870	1489	2208	715	2241	341	4915	3202	2354	2427	3348	2393	658	2385	3864	1140	1336	3233	4269	4047	2721	4579	2242	1216	2468	1517	2494	915	1702	3277	3909	629	2770	183	2309	4304	2640	4779	2897	4134	2783	4368	3616	1305	2373	817	1552	1449	1719	1253	1589	2092	2142	1508	3858	1570	2527	984	3336	4754	1956	3792	3257	1818	842	870	2981	3657	2721	2149	2351	2765	1012	2356	2793	2646	2155	1061	3194	2324	1754	2032	
1079	454	1494	1313	1132	0	3041	1429	1318	2363	700	2166	1604	3340	1724	430	3524	1968	3053	1379	825	1631	825	2821	807	3803	2139	1572	1587	2666	2204	1722	1421	4083	2051	2413	3049	4070	2965	2415	3471	1992	1238	2741	488	1734	239	594	3750	4061	1054	1725	1027	1511	4976	1798	3671	1887	3101	2181	4560	3757	1239	1487	1889	1396	2396	690	1237	2053	2601	1034	551	3770	1570	2401	1001	3579	3664	2580	3765	3400	835	749	262	2329	2548	2415	1066	1274	1779	1988	2795	2232	1944	2028	315	3238	1317	869	1158	
1970	2756	1690	4353	3399	3041	0	1716	2541	2459	3738	2091	1803	1773	4629	2611	1581	1690	3405	2627	3839	1429	2717	2480	3175	3940	4177	1681	1781	1027	1029	3406	2140	1981	3130	4527	511	1098	3071	678	3649	1157	4226	1734	2663	1550	3170	3211	2494	1798	3825	3984	3475	1745	3837	1696	3791	4206	2759	1006	2235	1600	2095	4182	3482	1848	3305	2566	2146	2270	2290	2758	3469	1043	1849	972	2423	1793	3573	2557	1180	1463	2416	2629	3087	1021	3137	678	2621	2578	4197	3264	2133	909	4769	1276	2770	1154	3843	3745	2070	
588	1297	84	2721	2164	1429	1716	0	931	2272	2123	1900	1167	2612	2918	1016	2660	1448	2440	1726	2169	338	1465	2596	1851	3157	2571	199	325	1241	1192	2472	570	3210	2484	3480	1871	2803	2206	1210	2814	984	2667	2143	985	330	1613	1500	3222	3117	2390	2317	2165	180	4601	504	3004	2538	2142	765	3620	2832	1103	2468	2610	964	2792	859	1165	1933	2339	1069	1781	2612	1178	1405	1276	2791	2894	2476	2664	2520	703	1327	1554	900	1997	1210	936	952	2511	2530	2393	833	3053	1167	1230	2269	2135	2040	356	
1238	1490	913	2349	2388	1318	2541	931	0	3040	1852	2707	1970	3536	2275	1112	3591	2303	1788	2277	1756	1268	1828	3418	2047	2542	1653	880	762	1783	2123	2880	402	4141	3052	3711	2769	3639	1659	2120	2200	1912	2433	3043	872	993	1557	999	4126	4044	2367	1445	2317	826	5488	865	2400	1667	1785	1536	4546	3761	1770	1737	3040	1732	3390	670	1816	2693	3164	337	1359	3503	1966	2336	1784	3720	2366	3257	3571	3451	600	1687	1557	1564	1288	2120	254	54	1668	3049	3256	1633	2342	2083	1329	3198	1369	1500	641	
1803	1911	2342	3305	1780	2363	2459	2272	3040	0	2793	402	1104	1397	4001	2146	1732	892	4709	1011	3070	2051	1549	470	1819	5428	4424	2448	2593	2953	1532	1353	2792	2171	849	2367	2071	2968	4476	1898	5086	1561	2985	877	2402	2495	2287	2907	1497	2264	2406	4043	1950	2450	2615	2733	5275	4226	4378	2411	2674	2001	1277	3848	1331	1321	888	2507	1239	347	327	2976	2908	2466	1096	1502	1380	1655	5156	221	2335	1675	2484	1615	2187	2629	4253	1898	2899	3033	4130	1029	613	2351	4258	1335	2076	1735	3669	3219	2422	
1770	1034	2183	617	1168	700	3738	2123	1852	2793	0	2673	2215	3915	1216	1130	4130	2561	3441	1784	325	2332	1282	3263	988	4168	2133	2255	2255	3352	2874	1826	2044	4680	2287	2175	3728	4756	3413	3104	3855	2668	582	3304	1149	2418	587	877	4253	4677	710	1697	994	2192	5392	2460	4049	1788	3614	2879	5169	4374	1841	1220	1982	2033	2610	1324	1824	2524	3070	1524	531	4438	2176	3062	1546	4164	4085	2996	4421	4013	1484	1275	686	3022	2948	3103	1603	1800	1644	2174	3298	2932	1489	2682	974	3874	1239	642	1831	
1471	1713	1967	3225	1780	2166	2091	1900	2707	402	2673	0	741	1294	3857	1894	1581	490	4340	925	2925	1663	1392	711	1742	5051	4155	2070	2217	2552	1136	1490	2436	2083	1080	2577	1736	2686	4098	1507	4710	1159	2938	692	2134	2109	2127	2673	1588	2136	2381	3791	1932	2076	2838	2349	4898	3983	3988	2010	2588	1849	983	3649	1512	975	1215	2215	960	212	460	2671	2717	2208	742	1124	1165	1555	4772	582	2101	1497	2175	1426	2024	2227	3892	1506	2584	2704	3897	1240	630	1949	4098	934	1861	1491	3441	3034	2077	
741	1184	1238	2814	1616	1604	1803	1167	1970	1104	2215	741	0	1742	3327	1256	1922	372	3606	826	2416	963	992	1449	1440	4324	3461	1345	1489	1986	781	1618	1696	2479	1442	2733	1618	2658	3372	1130	3981	660	2596	1158	1465	1401	1631	2036	2216	2464	2111	3117	1715	1346	3538	1635	4171	3319	3285	1409	2960	2161	374	3045	1712	244	1704	1515	398	767	1195	1953	2143	2271	46	912	693	1977	4055	1310	2229	1801	1456	951	1530	1630	3153	1129	1858	1969	3246	1538	1299	1375	3543	539	1288	1662	2800	2461	1337	
2420	2906	2646	4490	3075	3340	1773	2612	3536	1397	3915	1294	1742	0	5062	2996	364	1372	4893	2215	4141	2285	2638	1094	3023	5524	5134	2714	2864	2663	1433	2738	3180	789	2247	3761	1263	1790	4593	1590	5204	1629	4221	614	3191	2674	3345	3772	722	867	3672	4820	3225	2750	2099	2908	5370	5029	4364	2310	1295	619	2102	4785	2727	1969	2236	3212	2106	1490	1077	3603	3884	1258	1773	1235	2371	262	5187	1334	1075	378	3123	2642	3242	2469	4522	1590	3489	3550	4967	2427	792	2210	5283	1455	3025	636	4529	4202	2905	
2750	2157	2953	893	2362	1724	4629	2918	2275	4001	1216	3857	3327	5062	0	2103	5247	3691	3334	2990	933	3204	2467	4470	2204	3958	1537	2987	2930	4031	3894	3012	2616	5806	3495	3127	4713	5703	3429	4058	3703	3675	1292	4459	1981	3141	1730	1418	5444	5781	1802	1213	2181	2920	6606	3094	3873	1137	3755	3671	6282	5478	2961	595	3160	3117	3811	2063	2956	3720	4270	1963	1195	5449	3293	4099	2702	5302	3992	4207	5459	5122	2215	2434	1833	3761	2920	4058	2094	2222	989	3374	4486	3748	298	3736	2039	4951	955	892	2569	
656	378	1086	1743	1288	430	2611	1016	1112	2146	1130	1894	1256	2996	2103	0	3156	1628	2899	1239	1239	1202	732	2582	947	3653	2278	1173	1208	2257	1795	1771	1106	3718	1989	2621	2631	3646	2766	1990	3313	1579	1655	2413	271	1332	597	784	3455	3683	1390	1900	1237	1115	4730	1423	3512	2089	2847	1757	4186	3380	918	1789	1933	1028	2334	445	935	1813	2346	912	908	3357	1229	1997	774	3226	3475	2368	3360	3028	531	601	543	1913	2397	1990	888	1080	2005	1964	2511	1805	2301	1633	235	2849	1551	1219	784	
2546	3105	2684	4718	3352	3524	1581	2660	3591	1732	4130	1581	1922	364	5247	3156	0	1569	4841	2484	4338	2324	2868	1454	3274	5442	5219	2738	2883	2540	1469	3054	3217	563	2580	4098	1077	1446	4529	1539	5132	1684	4468	890	3331	2677	3550	3917	968	557	3934	4927	3494	2781	2257	2900	5290	5141	4269	2258	1039	270	2294	4937	3053	2131	2587	3330	2307	1787	1420	3691	4058	918	1958	1255	2586	222	5093	1685	724	141	3227	2856	3448	2392	4498	1539	3569	3611	5089	2758	1139	2152	5456	1549	3209	442	4662	4373	2977	
1096	1539	1508	3152	1860	1968	1690	1448	2303	892	2561	490	372	1372	3691	1628	1569	0	3880	1006	2775	1187	1305	1152	1731	4582	3824	1606	1756	2067	681	1738	2002	2121	1443	2858	1411	2426	3628	1059	4243	673	2913	786	1836	1633	1983	2408	1850	2118	2401	3486	1980	1619	3188	1875	4428	3688	3505	1520	2607	1816	730	3417	1800	610	1643	1881	739	612	896	2308	2512	1999	401	725	1019	1611	4296	1068	1934	1453	1813	1288	1880	1738	3444	1058	2208	2306	3617	1574	954	1462	3911	456	1653	1344	3172	2829	1663	
2936	3276	2374	3785	4162	3053	3405	2440	1788	4709	3441	4340	3606	4893	3334	2899	4841	3880	0	4044	3239	2699	3615	5032	3823	754	1908	2274	2124	2380	3483	4668	1930	5331	4822	5467	3822	4371	349	3310	418	3323	3989	4519	2650	2261	3290	2579	5567	5176	4061	2126	4076	2264	6965	2017	617	2249	781	2587	5635	4939	3486	2747	4827	3392	5153	2454	3540	4368	4776	2023	2911	4447	3614	3664	3552	5017	661	4916	4582	4703	2385	3473	3308	2453	506	3310	2016	1819	2371	4828	4809	2691	3240	3543	3110	4404	2432	2898	2315	
1146	939	1809	2312	870	1379	2627	1726	2277	1011	1784	925	826	2215	2990	1239	2484	1006	4044	0	2059	1646	554	1480	822	4790	3492	1925	2040	2755	1599	799	2128	3002	778	1908	2406	3430	3861	1956	4445	1485	2015	1605	1509	2029	1281	1949	2478	3041	1457	3092	1011	1900	3621	2230	4642	3263	3854	2173	3505	2747	640	2851	910	857	1113	1657	576	751	1289	2136	1912	3002	782	1704	493	2475	4567	1219	2929	2387	1680	650	1183	2389	3555	1955	2088	2257	3157	805	1530	2157	3247	1353	1117	2327	2695	2218	1739	
1895	1236	2221	592	1489	825	3839	2169	1756	3070	325	2925	2416	4141	933	1239	4338	2775	3239	2059	0	2414	1534	3539	1289	3951	1830	2279	2257	3369	3028	2147	2004	4894	2599	2479	3869	4884	3238	3228	3647	2815	754	3535	1185	2441	799	758	4512	4879	1024	1397	1316	2213	5679	2451	3838	1474	3472	2934	5376	4576	2045	896	2305	2217	2925	1325	2037	2787	3337	1420	405	4593	2380	3225	1774	4385	3892	3278	4589	4217	1488	1505	903	3058	2757	3228	1520	1703	1327	2491	3554	2997	1190	2852	1134	4060	942	355	1849	
615	1412	362	2942	2208	1631	1429	338	1268	2051	2332	1663	963	2285	3204	1202	2324	1187	2699	1646	2414	0	1494	2338	1921	3396	2909	436	588	1141	858	2428	896	2873	2366	3486	1543	2500	2442	880	3057	656	2849	1837	1235	446	1786	1787	2910	2779	2514	2650	2237	466	4296	688	3241	2870	2327	579	3282	2494	1006	2776	2552	809	2652	1143	1070	1724	2083	1401	2041	2286	985	1069	1253	2458	3110	2245	2332	2184	999	1370	1713	772	2279	880	1270	1290	2839	2435	2110	610	3353	856	1387	1931	2452	2317	680	
892	391	1548	1853	715	825	2717	1465	1828	1549	1282	1392	992	2638	2467	732	2868	1305	3615	554	1534	1494	0	2013	459	4368	2945	1658	1745	2634	1739	1058	1750	3410	1263	2016	2596	3638	3463	2043	4025	1567	1609	2025	1001	1792	741	1399	2978	3420	1123	2541	761	1618	4164	1953	4224	2709	3505	2068	3905	3119	636	2301	1214	874	1610	1173	597	1254	1804	1644	1361	3262	948	1896	302	2890	4173	1763	3220	2756	1229	145	639	2266	3116	2042	1615	1800	2603	1233	2021	2080	2715	1513	574	2644	2141	1671	1375	
2182	2367	2658	3774	2241	2821	2480	2596	3418	470	3263	711	1449	1094	4470	2582	1454	1152	5032	1480	3539	2338	2013	0	2289	5734	4854	2758	2907	3118	1682	1772	3141	1817	1233	2711	2031	2812	4780	2012	5394	1768	3451	752	2831	2783	2753	3353	1045	1944	2869	4482	2414	2769	2155	3026	5579	4669	4646	2616	2309	1713	1686	4307	1725	1686	1158	2921	1657	771	256	3381	3368	2288	1452	1592	1827	1331	5443	291	2129	1432	2884	2072	2652	2824	4592	2011	3295	3415	4578	1416	357	2542	4725	1535	2527	1569	4118	3681	2786	
1308	578	1931	1490	341	807	3175	1851	2047	1819	988	1742	1440	3023	2204	947	3274	1731	3823	822	1289	1921	459	2289	0	4576	2917	2036	2103	3055	2196	922	2048	3805	1315	1674	3051	4093	3706	2501	4239	2026	1198	2409	1175	2181	609	1392	3299	3830	672	2491	316	1988	4406	2317	4439	2631	3794	2500	4305	3531	1092	2142	1089	1333	1650	1378	1050	1573	2109	1803	1236	3709	1394	2349	758	3280	4413	2016	3659	3169	1478	556	547	2691	3318	2501	1808	2010	2506	1222	2353	2518	2475	1968	720	3075	2055	1510	1700	
3673	4030	3087	4479	4915	3803	3940	3157	2542	5428	4168	5051	4324	5524	3958	3653	5442	4582	754	4790	3951	3396	4368	5734	4576	0	2456	2982	2836	2920	4142	5422	2668	5906	5568	6216	4393	4825	954	3934	345	3998	4704	5188	3404	2951	4039	3315	6215	5735	4802	2747	4828	2978	7613	2708	155	2835	1181	3216	6173	5517	4223	3387	5581	4117	5898	3209	4278	5090	5479	2775	3639	4965	4335	4311	4299	5629	394	5631	5118	5307	3138	4226	4059	3056	1259	3934	2770	2573	2973	5578	5495	3315	3829	4223	3864	5001	3101	3604	3055	
2730	2555	2562	2220	3202	2139	4177	2571	1653	4424	2133	4155	3461	5134	1537	2278	5219	3824	1908	3492	1830	2909	2945	4854	2917	2456	0	2533	2411	3326	3752	3837	2051	5775	4189	4307	4422	5271	2085	3772	2234	3535	2540	4600	2023	2641	2308	1548	5674	5688	2842	436	3053	2478	6991	2482	2387	403	2485	3174	6191	5400	3171	1027	4004	3217	4536	1946	3198	4088	4613	1531	1695	5155	3444	3968	3049	5334	2542	4645	5224	5080	2015	2842	2381	3173	1596	3772	1650	1624	558	4124	4756	3276	1377	3682	2375	4838	894	1491	2242	
786	1474	116	2844	2354	1572	1681	199	880	2448	2255	2070	1345	2714	2987	1173	2738	1606	2274	1925	2279	436	1658	2758	2036	2982	2533	0	152	1097	1282	2670	485	3280	2681	3674	1889	2778	2028	1242	2640	1089	2810	2273	1107	163	1768	1579	3345	3174	2558	2309	2349	67	4732	305	2828	2531	1950	688	3673	2895	1300	2511	2809	1152	2987	954	1361	2113	2502	1077	1882	2624	1359	1489	1475	2880	2710	2649	2691	2597	792	1519	1715	781	1845	1242	940	911	2517	2729	2541	775	3105	1291	1395	2333	2164	2123	430	
895	1532	251	2832	2427	1587	1781	325	762	2593	2255	2217	1489	2864	2930	1208	2883	1756	2124	2040	2257	588	1745	2907	2103	2836	2411	152	0	1114	1431	2772	361	3421	2803	3755	2014	2879	1883	1376	2493	1240	2820	2425	1108	231	1794	1536	3497	3311	2598	2203	2412	144	4884	215	2682	2425	1820	777	3808	3036	1424	2436	2914	1289	3114	935	1485	2255	2651	990	1856	2744	1501	1636	1579	3027	2569	2795	2817	2742	773	1603	1750	833	1693	1376	853	798	2418	2845	2693	872	3035	1443	1437	2474	2082	2080	429	
1748	2524	1172	3939	3348	2666	1027	1241	1783	2953	3352	2552	1986	2663	4031	2257	2540	2067	2380	2755	3369	1141	2634	3118	3055	2920	3326	1097	1114	0	1438	3550	1416	2988	3428	4623	1476	2023	2045	1120	2624	1395	3904	2445	2204	934	2854	2649	3378	2816	3625	3201	3371	1161	4762	937	2769	3419	1739	583	3262	2599	2123	3515	3665	1899	3681	2044	2187	2674	2885	2071	2969	2066	2020	1539	2391	2737	2559	3109	2206	2409	1882	2508	2794	369	2136	1120	1938	1831	3438	3519	2812	612	4119	1618	2469	2099	3150	3193	1524	
1145	1848	1220	3488	2393	2204	1029	1192	2123	1532	2874	1136	781	1433	3894	1795	1469	681	3483	1599	3028	858	1739	1682	2196	4142	3752	1282	1431	1438	0	2377	1754	2022	2121	3498	861	1902	3198	378	3813	223	3311	1048	1925	1243	2288	2511	2085	1943	2861	3471	2483	1320	3481	1480	3987	3687	3011	947	2449	1650	1104	3528	2455	868	2323	1894	1148	1288	1447	2228	2700	1566	827	216	1438	1600	3825	1676	1566	1329	1777	1671	2194	1146	3095	377	2104	2142	3644	2246	1387	865	4077	247	1903	1092	3231	3004	1510	
1884	1398	2556	2189	658	1722	3406	2472	2880	1353	1826	1490	1618	2738	3012	1771	3054	1738	4668	799	2147	2428	1058	1772	922	5422	3837	2670	2772	3550	2377	0	2804	3520	555	1122	3147	4148	4520	2742	5080	2278	1813	2168	2030	2789	1531	2312	2816	3600	1231	3410	834	2638	3728	2973	5279	3545	4557	2968	4024	3324	1427	3030	167	1654	813	2217	1363	1279	1680	2674	2150	3688	1576	2460	1196	2998	5230	1482	3589	2980	2284	1202	1466	3182	4167	2741	2659	2850	3415	389	1964	2954	3298	2130	1574	2979	2970	2408	2425	
1007	1470	534	2591	2385	1421	2140	570	402	2792	2044	2436	1696	3180	2616	1106	3217	2002	1930	2128	2004	896	1750	3141	2048	2668	2051	485	361	1416	1754	2804	0	3762	2905	3721	2372	3238	1734	1727	2323	1551	2622	2712	934	592	1648	1257	3792	3658	2468	1844	2343	437	5168	481	2519	2066	1756	1135	4158	3379	1557	2102	2956	1471	3231	733	1611	2448	2885	655	1599	3104	1699	1964	1642	3354	2440	3003	3174	3076	590	1605	1623	1172	1461	1727	522	439	2063	2924	2952	1232	2705	1737	1340	2816	1741	1792	388	
3109	3660	3230	5263	3864	4083	1981	3210	4141	2171	4680	2083	2479	789	5806	3718	563	2121	5331	3002	4894	2873	3410	1817	3805	5906	5775	3280	3421	2988	2022	3520	3762	0	3016	4521	1514	1517	5011	2058	5604	2241	5003	1398	3894	3210	4103	4480	997	239	4459	5488	4013	3325	1989	3426	5755	5702	4727	2765	506	393	2849	5500	3502	2692	2975	3892	2859	2280	1846	4249	4619	1071	2514	1807	3135	528	5546	2083	869	697	3788	3405	4001	2880	5008	2058	4126	4162	5651	3198	1559	2657	6017	2112	3767	948	5225	4934	3532	
1914	1651	2566	2705	1140	2051	3130	2484	3052	849	2287	1080	1442	2247	3495	1989	2580	1443	4822	778	2599	2366	1263	1233	1315	5568	4189	2681	2803	3428	2121	555	2905	3016	0	1519	2809	3766	4638	2498	5223	2070	2342	1711	2260	2774	1899	2642	2271	3113	1754	3774	1323	2661	3181	2985	5420	3928	4622	2850	3517	2850	1381	3456	492	1557	347	2420	1319	877	1171	2897	2540	3281	1408	2160	1270	2503	5343	946	3163	2519	2453	1388	1816	3071	4333	2497	2857	3030	3809	183	1458	2817	3775	1883	1835	2555	3352	2823	2516	
2903	2251	3563	2235	1336	2413	4527	3480	3711	2367	2175	2577	2733	3761	3127	2621	4098	2858	5467	1908	2479	3486	2016	2711	1674	6216	4307	3674	3755	4623	3498	1122	3721	4521	1519	0	4266	5257	5369	3861	5885	3393	1842	3229	2839	3807	2178	2929	3711	4628	1469	3871	1394	3632	4364	3966	6084	3952	5468	4046	5018	4368	2509	3351	1067	2747	1562	3045	2448	2367	2684	3445	2656	4785	2690	3581	2233	4016	6073	2438	4675	4038	3151	2154	2160	4254	4961	3860	3465	3671	3802	1344	2970	4041	3424	3251	2391	4065	3414	2816	3367	
1975	2707	1867	4343	3233	3049	511	1871	2769	2071	3728	1736	1618	1263	4713	2631	1077	1411	3822	2406	3869	1543	2596	2031	3051	4393	4422	1889	2014	1476	861	3147	2372	1514	2809	4266	0	1042	3499	664	4091	1060	4172	1279	2733	1788	3144	3309	1983	1354	3719	4187	3332	1945	3328	1978	4242	4408	3214	1288	1826	1124	1960	4313	3203	1728	2945	2672	2001	1933	1864	2939	3527	743	1664	706	2294	1286	4035	2141	804	954	2537	2531	3051	1377	3516	664	2806	2800	4381	2958	1677	1180	4880	1084	2755	644	3995	3822	2222	
2992	3742	2782	5373	4269	4070	1098	2803	3639	2968	4756	2686	2658	1790	5703	3646	1446	2426	4371	3430	4884	2500	3638	2812	4093	4825	5271	2778	2879	2023	1902	4148	3238	1517	3766	5257	1042	0	4026	1656	4564	2094	5211	2101	3725	2648	4176	4287	2386	1279	4761	5081	4372	2841	3504	2789	4684	5304	3662	2103	1519	1277	3003	5271	4189	2770	3856	3643	3043	2894	2706	3854	4528	532	2703	1745	3336	1651	4440	2989	723	1413	3498	3573	4085	2101	4158	1656	3717	3676	5294	3927	2462	2007	5853	2125	3782	1245	4936	4813	3159	
2732	3144	2134	3804	4047	2965	3071	2206	1659	4476	3413	4098	3372	4593	3429	2766	4529	3628	349	3861	3238	2442	3463	4780	3706	954	2085	2028	1883	2045	3198	4520	1734	5011	4638	5369	3499	4026	0	3005	617	3048	3976	4241	2531	1997	3203	2538	5277	4850	3998	2243	3975	2026	6675	1754	800	2392	451	2283	5305	4619	3281	2835	4676	3168	4963	2328	3338	4138	4525	1933	2885	4111	3383	3371	3374	4709	710	4677	4250	4392	2240	3319	3211	2137	509	3006	1903	1698	2499	4657	4543	2385	3364	3272	2987	4090	2497	2911	2122	
1336	2101	1211	3720	2721	2415	678	1210	2120	1898	3104	1507	1130	1590	4058	1990	1539	1059	3310	1956	3228	880	2043	2012	2501	3934	3772	1242	1376	1120	378	2742	1727	2058	2498	3861	664	1656	3005	0	3614	479	3573	1325	2077	1157	2527	2649	2287	1938	3155	3527	2799	1294	3683	1368	3780	3748	2777	723	2433	1668	1417	3650	2825	1171	2701	2010	1468	1664	1789	2278	2876	1406	1174	422	1747	1708	3599	2031	1454	1399	1874	1959	2439	882	2959	1	2146	2148	3719	2621	1696	620	4220	617	2130	1112	3331	3167	1560	
3328	3690	2744	4186	4579	3471	3649	2814	2200	5086	3855	4710	3981	5204	3703	3313	5132	4243	418	4445	3647	3057	4025	5394	4239	345	2234	2640	2493	2624	3813	5080	2323	5604	5223	5885	4091	4564	617	3614	0	3664	4399	4857	3065	2613	3708	2995	5890	5438	4478	2491	4494	2636	7289	2369	200	2596	902	2894	5884	5213	3878	3122	5238	3773	5552	2869	3933	4746	5139	2440	3324	4681	3991	3985	3955	5315	324	5289	4828	4995	2796	3883	3726	2741	923	3615	2431	2233	2727	5234	5160	2994	3592	3889	3525	4691	2821	3303	2710	
926	1649	1018	3283	2242	1992	1157	984	1912	1561	2668	1159	660	1629	3675	1579	1684	673	3323	1485	2815	656	1567	1768	2026	3998	3535	1089	1240	1395	223	2278	1551	2241	2070	3393	1060	2094	3048	479	3664	0	3118	1196	1703	1066	2085	2289	2258	2165	2684	3250	2321	1122	3650	1308	3842	3466	2885	854	2671	1871	939	3306	2368	694	2300	1671	989	1281	1522	2008	2482	1779	703	438	1270	1807	3691	1726	1785	1545	1555	1488	1992	1068	2920	478	1885	1930	3421	2181	1502	790	3855	233	1695	1314	3008	2784	1293	
2260	1472	2732	402	1216	1238	4226	2667	2433	2985	582	2938	2596	4221	1292	1655	4468	2913	3989	2015	754	2849	1609	3451	1198	4704	2540	2810	2820	3904	3311	1813	2622	5003	2342	1842	4172	5211	3976	3573	4399	3118	0	3607	1712	2972	1064	1451	4478	5023	589	2116	1038	2748	5518	3028	4590	2160	4190	3411	5502	4724	2228	1538	1944	2448	2626	1896	2198	2763	3289	2104	1094	4860	2553	3484	1904	4478	4639	3168	4825	4360	2053	1648	1141	3566	3503	3573	2184	2381	2005	2196	3542	3457	1589	3100	1464	4253	1672	1107	2393	
1870	2302	2190	3877	2468	2741	1734	2143	3043	877	3304	692	1158	614	4459	2413	890	786	4519	1605	3535	1837	2025	752	2409	5188	4600	2273	2425	2445	1048	2168	2712	1398	1711	3229	1279	2101	4241	1325	4857	1196	3607	0	2622	2261	2738	3194	1083	1444	3061	4268	2616	2298	2459	2504	5033	4472	4059	1993	1901	1159	1505	4200	2174	1395	1762	2660	1504	896	607	3076	3289	1591	1184	907	1762	871	4873	890	1458	813	2585	2033	2634	2184	4114	1325	2969	3051	4402	1885	399	1905	4686	982	2427	860	3958	3607	2403	
787	632	1040	1738	1517	488	2663	985	872	2402	1149	2134	1465	3191	1981	271	3331	1836	2650	1509	1185	1235	1001	2831	1175	3404	2023	1107	1108	2204	1925	2030	934	3894	2260	2839	2733	3725	2531	2077	3065	1703	1712	2622	0	1270	715	588	3679	3845	1535	1658	1446	1043	4972	1316	3265	1855	2638	1750	4351	3545	1152	1608	2193	1227	2606	208	1175	2065	2591	645	806	3470	1443	2134	1039	3414	3238	2624	3487	3199	347	872	696	1880	2146	2077	634	835	1781	2233	2744	1812	2152	1788	460	3002	1338	1089	682	
907	1625	250	3007	2494	1734	1550	330	993	2495	2418	2109	1401	2674	3141	1332	2677	1633	2261	2029	2441	446	1792	2783	2181	2951	2641	163	231	934	1243	2789	592	3210	2774	3807	1788	2648	1997	1157	2613	1066	2972	2261	1270	0	1928	1737	3323	3095	2714	2434	2495	228	4716	244	2797	2656	1884	547	3589	2822	1395	2657	2923	1227	3071	1116	1458	2166	2528	1216	2044	2515	1420	1440	1594	2828	2664	2690	2591	2536	953	1656	1874	622	1855	1157	1078	1029	2648	2830	2549	641	3254	1282	1552	2262	2307	2282	592	
1201	448	1682	1199	915	239	3170	1613	1557	2287	587	2127	1631	3345	1730	597	3550	1983	3290	1281	799	1786	741	2753	609	4039	2308	1768	1794	2854	2288	1531	1648	4103	1899	2178	3144	4176	3203	2527	3708	2085	1064	2738	715	1928	0	787	3714	4095	820	1884	797	1709	4901	2007	3907	2030	3339	2350	4589	3792	1258	1574	1698	1446	2241	920	1244	1994	2545	1272	642	3852	1593	2475	975	3591	3903	2499	3834	3431	1059	706	104	2509	2785	2527	1305	1512	1910	1821	2757	2393	1974	2095	401	3288	1454	939	1366	
1375	1011	1538	1351	1702	594	3211	1500	999	2907	877	2673	2036	3772	1418	784	3917	2408	2579	1949	758	1787	1399	3353	1392	3315	1548	1579	1536	2649	2511	2312	1257	4480	2642	2929	3309	4287	2538	2649	2995	2289	1451	3194	588	1737	787	0	4239	4433	1488	1143	1576	1512	5506	1718	3191	1318	2739	2258	4938	4133	1702	1021	2479	1803	2989	645	1716	2582	3122	663	361	4048	2010	2721	1528	3997	3215	3127	4070	3786	797	1303	846	2359	2081	2649	762	945	1225	2581	3294	2332	1571	2376	835	3590	768	545	1155	
2945	3299	3266	4789	3277	3750	2494	3222	4126	1497	4253	1588	2216	722	5444	3455	968	1850	5567	2478	4512	2910	2978	1045	3299	6215	5674	3345	3497	3378	2085	2816	3792	997	2271	3711	1983	2386	5277	2287	5890	2258	4478	1083	3679	3323	3714	4239	0	1203	3902	5333	3446	3374	1399	3562	6060	5534	5064	3000	1408	1111	2537	5230	2762	2459	2150	3730	2525	1730	1190	4155	4302	1870	2237	1905	2750	748	5885	1336	1667	1053	3662	3013	3611	3169	5177	2287	4050	4134	5457	2453	958	2902	5686	2056	3442	1346	5006	4620	3486	
3059	3649	3131	5269	3909	4061	1798	3117	4044	2264	4677	2136	2464	867	5781	3683	557	2118	5176	3041	4879	2779	3420	1944	3830	5735	5688	3174	3311	2816	1943	3600	3658	239	3113	4628	1354	1279	4850	1938	5438	2165	5023	1444	3845	3095	4095	4433	1203	0	4491	5414	4051	3222	2226	3303	5585	5630	4554	2628	506	303	2838	5454	3593	2665	3096	3831	2853	2339	1944	4169	4589	847	2502	1727	3136	614	5371	2196	651	665	3720	3405	3993	2730	4866	1938	4043	4068	5586	3293	1658	2520	5983	2057	3747	851	5168	4902	3449	
1902	1103	2465	958	629	1054	3825	2390	2367	2406	710	2381	2111	3672	1802	1390	3934	2401	4061	1457	1024	2514	1123	2869	672	4802	2842	2558	2598	3625	2861	1231	2468	4459	1754	1469	3719	4761	3998	3155	4478	2684	589	3061	1535	2714	820	1488	3902	4491	0	2406	456	2503	4929	2813	4676	2496	4152	3092	4961	4194	1758	1915	1370	1994	2044	1741	1719	2198	2714	2067	1192	4381	2066	3018	1425	3932	4689	2584	4331	3832	1878	1197	850	3269	3559	3155	2114	2321	2350	1611	2973	3122	2095	2636	1163	3745	1948	1351	2173	
2402	2153	2320	1811	2770	1725	3984	2317	1445	4043	1697	3791	3117	4820	1213	1900	4927	3486	2126	3092	1397	2650	2541	4482	2491	2747	436	2309	2203	3201	3471	3410	1844	5488	3774	3871	4187	5081	2243	3527	2491	3250	2116	4268	1658	2434	1884	1143	5333	5414	2406	0	2620	2249	6629	2307	2661	222	2600	2979	5920	5121	2809	644	3575	2876	4119	1609	2831	3713	4246	1250	1262	4927	3097	3687	2664	5030	2781	4264	4981	4791	1701	2445	1961	3006	1735	3527	1381	1405	262	3704	4402	3075	1121	3380	1977	4563	458	1055	1971	
1624	881	2245	1385	183	1027	3475	2165	2317	1950	994	1932	1715	3225	2181	1237	3494	1980	4076	1011	1316	2237	761	2414	316	4828	3053	2349	2412	3371	2483	834	2343	4013	1323	1394	3332	4372	3975	2799	4494	2321	1038	2616	1446	2495	797	1576	3446	4051	456	2620	0	2300	4485	2627	4693	2740	4080	2815	4516	3757	1383	2205	989	1628	1630	1653	1336	1746	2259	2054	1359	3974	1669	2627	1052	3485	4679	2130	3914	3396	1764	869	769	3006	3571	2798	2072	2277	2605	1194	2519	2833	2466	2250	1004	3321	2170	1592	2005	
757	1423	110	2779	2309	1511	1745	180	826	2450	2192	2076	1346	2750	2920	1115	2781	1619	2264	1900	2213	466	1618	2769	1988	2978	2478	67	144	1161	1320	2638	437	3325	2661	3632	1945	2841	2026	1294	2636	1122	2748	2298	1043	228	1709	1512	3374	3222	2503	2249	2300	0	4757	335	2825	2471	1963	754	3722	2942	1282	2445	2778	1145	2971	888	1342	2112	2512	1013	1816	2681	1357	1529	1443	2920	2713	2653	2745	2640	725	1478	1658	848	1827	1294	876	855	2455	2705	2559	839	3039	1318	1340	2379	2100	2056	364	
4278	4522	4649	5869	4304	4976	3837	4601	5488	2615	5392	2838	3538	2099	6606	4730	2257	3188	6965	3621	5679	4296	4164	2155	4406	7613	6991	4732	4884	4762	3481	3728	5168	1989	3181	4364	3328	3504	6675	3683	7289	3650	5518	2459	4972	4716	4901	5506	1399	2226	4929	6629	4485	4757	0	4957	7459	6820	6460	4398	2101	2294	3821	6461	3625	3782	2935	5047	3798	2926	2384	5491	5522	3051	3551	3304	3982	2043	7282	2402	2844	2374	4994	4227	4802	4565	6570	3683	5394	5493	6731	3340	2239	4300	6868	3441	4682	2684	6272	5834	4847	
1089	1747	420	3030	2640	1798	1696	504	865	2733	2460	2349	1635	2908	3094	1423	2900	1875	2017	2230	2451	688	1953	3026	2317	2708	2482	305	215	937	1480	2973	481	3426	2985	3966	1978	2789	1754	1368	2369	1308	3028	2504	1316	244	2007	1718	3562	3303	2813	2307	2627	335	4957	0	2553	2528	1652	698	3793	3036	1604	2583	3112	1450	3289	1137	1666	2401	2771	1136	2047	2692	1651	1673	1777	3056	2424	2930	2781	2759	976	1812	1964	700	1616	1368	1002	909	2533	3034	2793	803	3186	1526	1652	2479	2222	2259	642	
3523	3890	2933	4373	4779	3671	3791	3004	2400	5275	4049	4898	4171	5370	3873	3512	5290	4428	617	4642	3838	3241	4224	5579	4439	155	2387	2828	2682	2769	3987	5279	2519	5755	5420	6084	4242	4684	800	3780	200	3842	4590	5033	3265	2797	3907	3191	6060	5585	4676	2661	4693	2825	7459	2553	0	2758	1033	3061	6025	5365	4072	3297	5438	3965	5749	3068	4128	4937	5324	2640	3519	4818	4182	4156	4152	5476	284	5477	4969	5154	2995	4082	3925	2903	1123	3780	2631	2433	2893	5432	5341	3161	3754	4068	3725	4849	3002	3493	2906	
2609	2325	2541	1828	2897	1887	4206	2538	1667	4226	1788	3983	3319	5029	1137	2089	5141	3688	2249	3263	1474	2870	2709	4669	2631	2835	403	2531	2425	3419	3687	3545	2066	5702	3928	3952	4408	5304	2392	3748	2596	3466	2160	4472	1855	2656	2030	1318	5534	5630	2496	222	2740	2471	6820	2528	2758	0	2765	3201	6136	5337	3004	630	3709	3078	4271	1817	3023	3899	4435	1469	1395	5148	3297	3903	2846	5241	2896	4446	5201	5004	1914	2619	2112	3228	1887	3747	1602	1627	158	3850	4598	3297	996	3593	2152	4779	576	1152	2190	
2708	3220	2063	4053	4134	3101	2759	2142	1785	4378	3614	3988	3285	4364	3755	2847	4269	3505	781	3854	3472	2327	3505	4646	3794	1181	2485	1950	1820	1739	3011	4557	1756	4727	4622	5468	3214	3662	451	2777	902	2885	4190	4059	2638	1884	3339	2739	5064	4554	4152	2600	4080	1963	6460	1652	1033	2765	0	2069	4992	4338	3244	3160	4707	3101	4934	2430	3304	4050	4394	2096	3097	3786	3302	3166	3380	4459	824	4569	3937	4135	2317	3360	3333	1895	890	2777	2038	1832	2861	4657	4386	2163	3714	3116	3078	3828	2806	3164	2133	
1195	1989	720	3483	2783	2181	1006	765	1536	2411	2879	2010	1409	2310	3671	1757	2258	1520	2587	2173	2934	579	2068	2616	2500	3216	3174	688	777	583	947	2968	1135	2765	2850	4046	1288	2103	2283	723	2894	854	3411	1993	1750	547	2350	2258	3000	2628	3092	2979	2815	754	4398	698	3061	3201	2069	0	3111	2372	1542	3199	3082	1317	3110	1621	1605	2118	2373	1761	2546	1995	1442	1098	1816	2431	2888	2580	2087	2119	1462	1948	2281	221	2243	723	1624	1573	3195	2938	2333	108	3793	1086	1955	1825	2851	2800	1103	
3564	4143	3633	5756	4368	4560	2235	3620	4546	2674	5169	2588	2960	1295	6282	4186	1039	2607	5635	3505	5376	3282	3905	2309	4305	6173	6191	3673	3808	3262	2449	4024	4158	506	3517	5018	1826	1519	5305	2433	5884	2671	5502	1901	4351	3589	4589	4938	1408	506	4961	5920	4516	3722	2101	3793	6025	6136	4992	3111	0	806	3332	5959	4005	3165	3466	4338	3346	2785	2348	4674	5090	1215	2997	2233	3625	1033	5802	2580	1056	1160	4226	3895	4487	3201	5341	2433	4548	4570	6092	3699	2062	3003	6486	2563	4245	1357	5674	5404	3953	
2759	3345	2849	4967	3616	3757	1600	2832	3761	2001	4374	1849	2161	619	5478	3380	270	1816	4939	2747	4576	2494	3119	1713	3531	5517	5400	2895	3036	2599	1650	3324	3379	393	2850	4368	1124	1277	4619	1668	5213	1871	4724	1159	3545	2822	3792	4133	1111	303	4194	5121	3757	2942	2294	3036	5365	5337	4338	2372	806	0	2534	5153	3324	2362	2852	3534	2551	2056	1688	3878	4286	773	2199	1434	2834	401	5158	1950	565	363	3424	3102	3690	2487	4615	1668	3753	3783	5290	3028	1405	2264	5681	1757	3443	563	4870	4599	3159	
550	811	1185	2440	1305	1239	2095	1103	1770	1277	1841	983	374	2102	2961	918	2294	730	3486	640	2045	1006	636	1686	1092	4223	3171	1300	1424	2123	1104	1427	1557	2849	1381	2509	1960	3003	3281	1417	3878	939	2228	1505	1152	1395	1258	1702	2537	2838	1758	2809	1383	1282	3821	1604	4072	3004	3244	1542	3332	2534	0	2698	1547	247	1690	1235	64	932	1442	1700	1784	2633	336	1262	334	2342	3980	1497	2598	2174	1207	580	1156	1755	3013	1417	1622	1760	2922	1435	1594	1533	3182	878	924	2036	2470	2102	1173	
2395	1941	2492	1198	2373	1487	4182	2468	1737	3848	1220	3649	3045	4785	595	1789	4937	3417	2747	2851	896	2776	2301	4307	2142	3387	1027	2511	2436	3515	3528	3030	2102	5500	3456	3351	4313	5271	2835	3650	3122	3306	1538	4200	1608	2657	1574	1021	5230	5454	1915	644	2205	2445	6461	2583	3297	630	3160	3199	5959	5153	2698	0	3191	2817	3791	1642	2706	3539	4087	1448	940	5055	3017	3740	2486	5014	3406	4063	5084	4806	1777	2235	1669	3268	2326	3650	1584	1687	473	3361	4277	3283	605	3396	1788	4610	374	636	2112	
2023	1561	2694	2327	817	1889	3482	2610	3040	1331	1982	1512	1712	2727	3160	1933	3053	1800	4827	910	2305	2552	1214	1725	1089	5581	4004	2809	2914	3665	2455	167	2956	3502	492	1067	3203	4189	4676	2825	5238	2368	1944	2174	2193	2923	1698	2479	2762	3593	1370	3575	989	2778	3625	3112	5438	3709	4707	3082	4005	3324	1547	3191	0	1766	693	2378	1483	1301	1657	2838	2315	3719	1671	2526	1335	2986	5386	1438	3612	2986	2443	1357	1633	3298	4328	2824	2820	3010	3579	310	1943	3064	3449	2210	1738	3002	3134	2570	2574	
498	999	1040	2641	1552	1396	1848	964	1732	1321	2033	975	244	1969	3117	1028	2131	610	3392	857	2217	809	874	1686	1333	4117	3217	1152	1289	1899	868	1654	1471	2692	1557	2747	1728	2770	3168	1171	3773	694	2448	1395	1227	1227	1446	1803	2459	2665	1994	2876	1628	1145	3782	1450	3965	3078	3101	1317	3165	2362	247	2817	1766	0	1846	1272	303	977	1432	1709	1927	2414	234	1037	576	2198	3858	1533	2389	2005	1212	803	1348	1534	2932	1171	1615	1729	3008	1630	1543	1301	3325	653	1083	1844	2564	2242	1104	
2233	1998	2872	3001	1449	2396	3305	2792	3390	888	2610	1215	1704	2236	3811	2334	2587	1643	5153	1113	2925	2652	1610	1158	1650	5898	4536	2987	3114	3681	2323	813	3231	2975	347	1562	2945	3856	4963	2701	5552	2300	2626	1762	2606	3071	2241	2989	2150	3096	2044	4119	1630	2971	2935	3289	5749	4271	4934	3110	3466	2852	1690	3791	693	1846	0	2764	1631	1038	1171	3242	2880	3352	1675	2335	1606	2482	5666	902	3217	2544	2793	1734	2159	3331	4667	2700	3199	3369	4151	437	1448	3068	4094	2097	2182	2621	3695	3159	2843	
793	822	902	1896	1719	690	2566	859	670	2507	1324	2215	1515	3212	2063	445	3330	1881	2454	1657	1325	1143	1173	2921	1378	3209	1946	954	935	2044	1894	2217	733	3892	2420	3045	2672	3643	2328	2010	2869	1671	1896	2660	208	1116	920	645	3730	3831	1741	1609	1653	888	5047	1137	3068	1817	2430	1621	4338	3534	1235	1642	2378	1272	2764	0	1268	2164	2675	480	929	3413	1499	2108	1172	3425	3036	2728	3443	3195	163	1037	905	1735	1952	2010	442	636	1759	2403	2811	1691	2211	1781	659	2982	1337	1182	524	
605	801	1246	2419	1253	1237	2146	1165	1816	1239	1824	960	398	2106	2956	935	2307	739	3540	576	2037	1070	597	1657	1050	4278	3198	1361	1485	2187	1148	1363	1611	2859	1319	2448	2001	3043	3338	1468	3933	989	2198	1504	1175	1458	1244	1716	2525	2853	1719	2831	1336	1342	3798	1666	4128	3023	3304	1605	3346	2551	64	2706	1483	303	1631	1268	0	896	1415	1737	1786	2666	356	1300	295	2349	4038	1460	2627	2189	1247	554	1141	1819	3064	1468	1662	1805	2939	1372	1578	1595	3182	918	924	2059	2484	2104	1226	
1456	1598	2004	3062	1589	2053	2270	1933	2693	347	2524	212	767	1490	3720	1813	1787	612	4368	751	2787	1724	1254	771	1573	5090	4088	2113	2255	2674	1288	1279	2448	2280	877	2367	1933	2894	4138	1664	4746	1281	2763	896	2065	2166	1994	2582	1730	2339	2198	3713	1746	2112	2926	2401	4937	3899	4050	2118	2785	2056	932	3539	1301	977	1038	2164	896	0	550	2631	2601	2419	755	1299	1056	1752	4822	565	2313	1706	2138	1305	1892	2337	3909	1663	2553	2686	3807	1032	780	2065	3969	1067	1757	1702	3347	2916	2076	
1930	2146	2402	3599	2092	2601	2290	2339	3164	327	3070	460	1195	1077	4270	2346	1420	896	4776	1289	3337	2083	1804	256	2109	5479	4613	2502	2651	2885	1447	1680	2885	1846	1171	2684	1864	2706	4525	1789	5139	1522	3289	607	2591	2528	2545	3122	1190	1944	2714	4246	2259	2512	2384	2771	5324	4435	4394	2373	2348	1688	1442	4087	1657	1432	1171	2675	1415	550	0	3132	3150	2192	1199	1373	1601	1333	5190	283	2050	1373	2635	1854	2442	2583	4336	1788	3044	3162	4347	1352	287	2301	4519	1289	2302	1462	3889	3466	2531	
1213	1277	1076	2012	2142	1034	2758	1069	337	2976	1524	2671	1953	3603	1963	912	3691	2308	2023	2136	1420	1401	1644	3381	1803	2775	1531	1077	990	2071	2228	2674	655	4249	2897	3445	2939	3854	1933	2278	2440	2008	2104	3076	645	1216	1272	663	4155	4169	2067	1250	2054	1013	5491	1136	2640	1469	2096	1761	4674	3878	1700	1448	2838	1709	3242	480	1737	2631	3132	0	1023	3680	1941	2444	1652	3803	2631	3196	3732	3553	497	1511	1286	1820	1517	2278	137	283	1444	2876	3252	1851	2051	2152	1101	3318	1092	1166	722	
1557	1004	1829	995	1508	551	3469	1781	1359	2908	531	2717	2143	3884	1195	908	4058	2512	2911	1912	405	2041	1361	3368	1236	3639	1695	1882	1856	2969	2700	2150	1599	4619	2540	2656	3527	4528	2885	2876	3324	2482	1094	3289	806	2044	642	361	4302	4589	1192	1262	1359	1816	5522	2047	3519	1395	3097	2546	5090	4286	1784	940	2315	1927	2880	929	1786	2601	3150	1023	0	4259	2112	2904	1552	4120	3555	3123	4266	3932	1091	1297	732	2663	2418	2876	1118	1305	1271	2456	3346	2613	1399	2541	862	3757	819	319	1453	
2703	3409	2607	5051	3858	3770	1043	2612	3503	2466	4438	2208	2271	1258	5449	3357	918	1999	4447	3002	4593	2286	3262	2288	3709	4965	5155	2624	2744	2066	1566	3688	3104	1071	3281	4785	743	532	4111	1406	4681	1779	4860	1591	3470	2515	3852	4048	1870	847	4381	4927	3974	2681	3051	2692	4818	5148	3786	1995	1215	773	2633	5055	3719	2414	3352	3413	2666	2419	2192	3680	4259	0	2315	1378	2962	1127	4592	2474	208	881	3280	3212	3756	2049	4179	1406	3547	3535	5123	3446	1940	1889	5619	1761	3469	731	4737	4557	2964	
732	1147	1250	2774	1570	1570	1849	1178	1966	1096	2176	742	46	1773	3293	1229	1958	401	3614	782	2380	985	948	1452	1394	4335	3444	1359	1501	2020	827	1576	1699	2514	1408	2690	1664	2703	3383	1174	3991	703	2553	1184	1443	1420	1593	2010	2237	2502	2066	3097	1669	1357	3551	1651	4182	3297	3302	1442	2997	2199	336	3017	1671	234	1675	1499	356	755	1199	1941	2112	2315	0	958	649	2010	4069	1305	2272	1838	1444	910	1491	1663	3158	1174	1849	1963	3223	1501	1313	1410	3511	585	1254	1703	2775	2429	1336	
1351	2031	1430	3673	2527	2401	972	1405	2336	1502	3062	1124	912	1235	4099	1997	1255	725	3664	1704	3225	1069	1896	1592	2349	4311	3968	1489	1636	1539	216	2460	1964	1807	2160	3581	706	1745	3371	422	3985	438	3484	907	2134	1440	2475	2721	1905	1727	3018	3687	2627	1529	3304	1673	4156	3903	3166	1098	2233	1434	1262	3740	2526	1037	2335	2108	1300	1299	1373	2444	2904	1378	958	0	1594	1392	3985	1622	1364	1115	1993	1838	2379	1280	3287	421	2319	2356	3859	2297	1274	1005	4285	384	2096	876	3445	3210	1726	
689	549	1360	2133	984	1001	2423	1276	1784	1380	1546	1165	693	2371	2702	774	2586	1019	3552	493	1774	1253	302	1827	758	4299	3049	1475	1579	2391	1438	1196	1642	3135	1270	2233	2294	3336	3374	1747	3955	1270	1904	1762	1039	1594	975	1528	2750	3136	1425	2664	1052	1443	3982	1777	4152	2846	3380	1816	3625	2834	334	2486	1335	576	1606	1172	295	1056	1601	1652	1552	2962	649	1594	0	2619	4081	1600	2921	2472	1189	271	872	2022	3063	1746	1599	1765	2751	1283	1794	1819	2937	1211	701	2350	2291	1870	1254	
2635	3150	2819	4743	3336	3579	1793	2791	3720	1655	4164	1555	1977	262	5302	3226	222	1611	5017	2475	4385	2458	2890	1331	3280	5629	5334	2880	3027	2737	1600	2998	3354	528	2503	4016	1286	1651	4709	1708	5315	1807	4478	871	3414	2828	3591	3997	748	614	3932	5030	3485	2920	2043	3056	5476	5241	4459	2431	1033	401	2342	5014	2986	2198	2482	3425	2349	1752	1333	3803	4120	1127	2010	1392	2619	0	5284	1582	928	331	3330	2890	3488	2574	4663	1708	3685	3737	5183	2684	1046	2326	5519	1652	3264	643	4750	4437	3096	
3433	3853	2819	4442	4754	3664	3573	2894	2366	5156	4085	4772	4055	5187	3992	3475	5093	4296	661	4567	3892	3110	4173	5443	4413	394	2542	2710	2569	2559	3825	5230	2440	5546	5343	6073	4035	4440	710	3599	324	3691	4639	4873	3238	2664	3903	3215	5885	5371	4689	2781	4679	2713	7282	2424	284	2896	824	2888	5802	5158	3980	3406	5386	3858	5666	3036	4038	4822	5190	2631	3555	4592	4069	3985	4081	5284	0	5354	4748	4959	2950	4029	3914	2718	1137	3600	2608	2404	3023	5364	5192	2983	3891	3920	3695	4651	3093	3554	2828	
2019	2129	2544	3497	1956	2580	2557	2476	3257	221	2996	582	1310	1334	4207	2368	1685	1068	4916	1219	3278	2245	1763	291	2016	5631	4645	2649	2795	3109	1676	1482	3003	2083	946	2438	2141	2989	4677	2031	5289	1726	3168	890	2624	2690	2499	3127	1336	2196	2584	4264	2130	2653	2402	2930	5477	4446	4569	2580	2580	1950	1497	4063	1438	1533	902	2728	1460	565	283	3196	3123	2474	1305	1622	1600	1582	5354	0	2329	1646	2704	1833	2400	2794	4463	2030	3118	3250	4349	1129	547	2514	4466	1496	2295	1745	3888	3433	2636	
2710	3388	2665	5030	3792	3765	1180	2664	3571	2335	4421	2101	2229	1075	5459	3360	724	1934	4582	2929	4589	2332	3220	2129	3659	5118	5224	2691	2817	2206	1566	3589	3174	869	3163	4675	804	723	4250	1454	4828	1785	4825	1458	3487	2591	3834	4070	1667	651	4331	4981	3914	2745	2844	2781	4969	5201	3937	2087	1056	565	2598	5084	3612	2389	3217	3443	2627	2313	2050	3732	4266	208	2272	1364	2921	928	4748	2329	0	704	3315	3178	3736	2160	4298	1454	3600	3600	5171	3332	1788	1980	5639	1740	3459	611	4775	4569	3012	
2414	2985	2543	4605	3257	3400	1463	2520	3451	1675	4013	1497	1801	378	5122	3028	141	1453	4703	2387	4217	2184	2756	1432	3169	5307	5080	2597	2742	2409	1329	2980	3076	697	2519	4038	954	1413	4392	1399	4995	1545	4360	813	3199	2536	3431	3786	1053	665	3832	4791	3396	2640	2374	2759	5154	5004	4135	2119	1160	363	2174	4806	2986	2005	2544	3195	2189	1706	1373	3553	3932	881	1838	1115	2472	331	4959	1646	704	0	3091	2740	3329	2255	4357	1399	3431	3471	4954	2695	1100	2013	5328	1415	3086	311	4529	4246	2838	
718	907	743	2059	1818	835	2416	703	600	2484	1484	2175	1456	3123	2215	531	3227	1813	2385	1680	1488	999	1229	2884	1478	3138	2015	792	773	1882	1777	2284	590	3788	2453	3151	2537	3498	2240	1874	2796	1555	2053	2585	347	953	1059	797	3662	3720	1878	1701	1764	725	4994	976	2995	1914	2317	1462	4226	3424	1207	1777	2443	1212	2793	163	1247	2138	2635	497	1091	3280	1444	1993	1189	3330	2950	2704	3315	3091	0	1088	1034	1573	1888	1874	416	577	1866	2448	2755	1535	2355	1679	761	2869	1460	1338	362	
762	296	1410	1865	842	749	2629	1327	1687	1615	1275	1426	951	2642	2434	601	2856	1288	3473	650	1505	1370	145	2072	556	4226	2842	1519	1603	2508	1671	1202	1605	3405	1388	2154	2531	3573	3319	1959	3883	1488	1648	2033	872	1656	706	1303	3013	3405	1197	2445	869	1478	4227	1812	4082	2619	3360	1948	3895	3102	580	2235	1357	803	1734	1037	554	1305	1854	1511	1297	3212	910	1838	271	2890	4029	1833	3178	2740	1088	0	602	2142	2975	1958	1477	1660	2518	1366	2056	1964	2673	1454	468	2613	2057	1612	1230	
1119	349	1626	1295	870	262	3087	1554	1557	2187	686	2024	1530	3242	1833	543	3448	1880	3308	1183	903	1713	639	2652	547	4059	2381	1715	1750	2794	2194	1466	1623	4001	1816	2160	3051	4085	3211	2439	3726	1992	1141	2634	696	1874	104	846	3611	3993	850	1961	769	1658	4802	1964	3925	2112	3333	2281	4487	3690	1156	1669	1633	1348	2159	905	1141	1892	2442	1286	732	3756	1491	2379	872	3488	3914	2400	3736	3329	1034	602	0	2446	2802	2438	1308	1515	1996	1743	2653	2322	2077	1998	327	3188	1537	1035	1323	
1383	2166	840	3618	2981	2329	1021	900	1564	2629	3022	2227	1630	2469	3761	1913	2392	1738	2453	2389	3058	772	2266	2824	2691	3056	3173	781	833	369	1146	3182	1172	2880	3071	4254	1377	2101	2137	882	2741	1068	3566	2184	1880	622	2509	2359	3169	2730	3269	3006	3006	848	4565	700	2903	3228	1895	221	3201	2487	1755	3268	3298	1534	3331	1735	1819	2337	2583	1820	2663	2049	1663	1280	2022	2574	2718	2794	2160	2255	1573	2142	2446	0	2140	882	1684	1607	3232	3157	2534	282	3868	1299	2119	1953	2912	2903	1211	
2464	2773	1937	3314	3657	2548	3137	1997	1288	4253	2948	3892	3153	4522	2920	2397	4498	3444	506	3555	2757	2279	3116	4592	3318	1259	1596	1845	1693	2136	3095	4167	1461	5008	4333	4961	3516	4158	509	2959	923	2920	3503	4114	2146	1855	2785	2081	5177	4866	3559	1735	3571	1827	6570	1616	1123	1887	890	2243	5341	4615	3013	2326	4328	2932	4667	1952	3064	3909	4336	1517	2418	4179	3158	3287	3063	4663	1137	4463	4298	4357	1888	2975	2802	2140	0	2959	1512	1317	1992	4335	4385	2351	2855	3132	2606	4067	1991	2423	1840	
1336	2101	1211	3720	2721	2415	678	1210	2120	1898	3103	1506	1129	1590	4058	1990	1539	1058	3310	1955	3228	880	2042	2011	2501	3934	3772	1242	1376	1120	377	2741	1727	2058	2497	3860	664	1656	3006	1	3615	478	3573	1325	2077	1157	2527	2649	2287	1938	3155	3527	2798	1294	3683	1368	3780	3747	2777	723	2433	1668	1417	3650	2824	1171	2700	2010	1468	1663	1788	2278	2876	1406	1174	421	1746	1708	3600	2030	1454	1399	1874	1958	2438	882	2959	0	2146	2148	3719	2620	1695	621	4220	616	2130	1111	3331	3166	1559	
1117	1262	941	2112	2149	1066	2621	936	254	2899	1603	2584	1858	3489	2094	888	3569	2208	2016	2088	1520	1270	1615	3295	1808	2770	1650	940	853	1938	2104	2659	522	4126	2857	3465	2806	3717	1903	2146	2431	1885	2184	2969	634	1078	1305	762	4050	4043	2114	1381	2072	876	5394	1002	2631	1602	2038	1624	4548	3753	1622	1584	2820	1615	3199	442	1662	2553	3044	137	1118	3547	1849	2319	1599	3685	2608	3118	3600	3431	416	1477	1308	1684	1512	2146	0	208	1580	2844	3156	1713	2186	2035	1094	3192	1229	1283	594	
1233	1457	938	2295	2351	1274	2578	952	54	3033	1800	2704	1969	3550	2222	1080	3611	2306	1819	2257	1703	1290	1800	3415	2010	2573	1624	911	798	1831	2142	2850	439	4162	3030	3671	2800	3676	1698	2148	2233	1930	2381	3051	835	1029	1512	945	4134	4068	2321	1405	2277	855	5493	909	2433	1627	1832	1573	4570	3783	1760	1687	3010	1729	3369	636	1805	2686	3162	283	1305	3535	1963	2356	1765	3737	2404	3250	3600	3471	577	1660	1515	1607	1317	2148	208	0	1625	3024	3259	1670	2292	2096	1293	3220	1319	1446	648	
2548	2223	2520	1670	2765	1779	4197	2511	1668	4130	1644	3897	3246	4967	989	2005	5089	3617	2371	3157	1327	2839	2603	4578	2506	2973	558	2517	2418	3438	3644	3415	2063	5651	3809	3802	4381	5294	2499	3719	2727	3421	2005	4402	1781	2648	1910	1225	5457	5586	2350	262	2605	2455	6731	2533	2893	158	2861	3195	6092	5290	2922	473	3579	3008	4151	1759	2939	3807	4347	1444	1271	5123	3223	3859	2751	5183	3023	4349	5171	4954	1866	2518	1996	3232	1992	3719	1580	1625	0	3727	4516	3288	869	3540	2054	4735	462	1014	2160	
1951	1611	2613	2567	1012	1988	3264	2530	3049	1029	2174	1240	1538	2427	3374	1964	2758	1574	4828	805	2491	2435	1233	1416	1222	5578	4124	2729	2845	3519	2246	389	2924	3198	183	1344	2958	3927	4657	2621	5234	2181	2196	1885	2233	2830	1821	2581	2453	3293	1611	3704	1194	2705	3340	3034	5432	3850	4657	2938	3699	3028	1435	3361	310	1630	437	2403	1372	1032	1352	2876	2456	3446	1501	2297	1283	2684	5364	1129	3332	2695	2448	1366	1743	3157	4335	2620	2844	3024	3727	0	1640	2910	3657	2004	1794	2724	3274	2730	2537	
2040	2343	2448	3841	2356	2795	2133	2393	3256	613	3298	630	1299	792	4486	2511	1139	954	4809	1530	3554	2110	2021	357	2353	5495	4756	2541	2693	2812	1387	1964	2952	1559	1458	2970	1677	2462	4543	1696	5160	1502	3542	399	2744	2549	2757	3294	958	1658	2973	4402	2519	2559	2239	2793	5341	4598	4386	2333	2062	1405	1594	4277	1943	1543	1448	2811	1578	780	287	3252	3346	1940	1313	1274	1794	1046	5192	547	1788	1100	2755	2056	2653	2534	4385	1695	3156	3259	4516	1640	0	2252	4729	1273	2489	1217	4062	3664	2617	
1221	2021	795	3539	2793	2232	909	833	1633	2351	2932	1949	1375	2210	3748	1805	2152	1462	2691	2157	2997	610	2080	2542	2518	3315	3276	775	872	612	865	2954	1232	2657	2817	4041	1180	2007	2385	620	2994	790	3457	1905	1812	641	2393	2332	2902	2520	3122	3075	2833	839	4300	803	3161	3297	2163	108	3003	2264	1533	3283	3064	1301	3068	1691	1595	2065	2301	1851	2613	1889	1410	1005	1819	2326	2983	2514	1980	2013	1535	1964	2322	282	2351	621	1713	1670	3288	2910	2252	0	3875	1019	1996	1718	2939	2873	1179	
2934	2389	3082	1190	2646	1944	4769	3053	2342	4258	1489	4098	3543	5283	298	2301	5456	3911	3240	3247	1190	3353	2715	4725	2475	3829	1377	3105	3035	4119	4077	3298	2705	6017	3775	3424	4880	5853	3364	4220	3592	3855	1589	4686	2152	3254	1974	1571	5686	5983	2095	1121	2466	3039	6868	3186	3754	996	3714	3793	6486	5681	3182	605	3449	3325	4094	2211	3182	3969	4519	2051	1399	5619	3511	4285	2937	5519	3891	4466	5639	5328	2355	2673	2077	3868	2855	4220	2186	2292	869	3657	4729	3875	0	3930	2259	5146	977	1083	2699	
1001	1649	1210	3292	2155	2028	1276	1167	2083	1335	2682	934	539	1455	3736	1633	1549	456	3543	1353	2852	856	1513	1535	1968	4223	3682	1291	1443	1618	247	2130	1737	2112	1883	3251	1084	2125	3272	617	3889	233	3100	982	1788	1282	2095	2376	2056	2057	2636	3380	2250	1318	3441	1526	4068	3593	3116	1086	2563	1757	878	3396	2210	653	2097	1781	918	1067	1289	2152	2541	1761	585	384	1211	1652	3920	1496	1740	1415	1679	1454	1998	1299	3132	616	2035	2096	3540	2004	1273	1019	3930	0	1720	1217	3115	2850	1451	
800	184	1303	1590	1061	315	2770	1230	1329	2076	974	1861	1288	3025	2039	235	3209	1653	3110	1117	1134	1387	574	2527	720	3864	2375	1395	1437	2469	1903	1574	1340	3767	1835	2391	2755	3782	2987	2130	3525	1695	1464	2427	460	1552	401	835	3442	3747	1163	1977	1004	1340	4682	1652	3725	2152	3078	1955	4245	3443	924	1788	1738	1083	2182	659	924	1757	2302	1101	862	3469	1254	2096	701	3264	3695	2295	3459	3086	761	468	327	2119	2606	2130	1094	1293	2054	1794	2489	1996	2259	1720	0	2926	1593	1181	1016	
2215	2840	2286	4476	3194	3238	1154	2269	3198	1735	3874	1491	1662	636	4951	2849	442	1344	4404	2327	4060	1931	2644	1569	3075	5001	4838	2333	2474	2099	1092	2979	2816	948	2555	4065	644	1245	4090	1112	4691	1314	4253	860	3002	2262	3288	3590	1346	851	3745	4563	3321	2379	2684	2479	4849	4779	3828	1825	1357	563	2036	4610	3002	1844	2621	2982	2059	1702	1462	3318	3757	731	1703	876	2350	643	4651	1745	611	311	2869	2613	3188	1953	4067	1111	3192	3220	4735	2724	1217	1718	5146	1217	2926	0	4320	4067	2598	
2116	1761	2153	1391	2324	1317	3843	2135	1369	3669	1239	3441	2800	4529	955	1551	4662	3172	2432	2695	942	2452	2141	4118	2055	3101	894	2164	2082	3150	3231	2970	1741	5225	3352	3414	3995	4936	2497	3331	2821	3008	1672	3958	1338	2307	1454	768	5006	5168	1948	458	2170	2100	6272	2222	3002	576	2806	2851	5674	4870	2470	374	3134	2564	3695	1337	2484	3347	3889	1092	819	4737	2775	3445	2291	4750	3093	3888	4775	4529	1460	2057	1537	2912	1991	3331	1229	1319	462	3274	4062	2939	977	3115	1593	4320	0	598	1779	
1859	1321	2081	893	1754	869	3745	2040	1500	3219	642	3034	2461	4202	892	1219	4373	2829	2898	2218	355	2317	1671	3681	1510	3604	1491	2123	2080	3193	3004	2408	1792	4934	2823	2816	3822	4813	2911	3167	3303	2784	1107	3607	1089	2282	939	545	4620	4902	1351	1055	1592	2056	5834	2259	3493	1152	3164	2800	5404	4599	2102	636	2570	2242	3159	1182	2104	2916	3466	1166	319	4557	2429	3210	1870	4437	3554	3433	4569	4246	1338	1612	1035	2903	2423	3166	1283	1446	1014	2730	3664	2873	1083	2850	1181	4067	598	0	1698	
624	1124	384	2415	2032	1158	2070	356	641	2422	1831	2077	1337	2905	2569	784	2977	1663	2315	1739	1849	680	1375	2786	1700	3055	2242	430	429	1524	1510	2425	388	3532	2516	3367	2222	3159	2122	1560	2710	1293	2393	2403	682	592	1366	1155	3486	3449	2173	1971	2005	364	4847	642	2906	2190	2133	1103	3953	3159	1173	2112	2574	1104	2843	524	1226	2076	2531	722	1453	2964	1336	1726	1254	3096	2828	2636	3012	2838	362	1230	1323	1211	1840	1559	594	648	2160	2537	2617	1179	2699	1451	1016	2598	1779	1698	0	


0	 CF141TB 	 0 	 0 	 540  	 1080  	 0  	 0 

1	 CF141LP 	 0 	 22 	 600  	 840  	 10  	 5 
2	 CF144QA	 1 	 4 	 720  	 960  	 5  	 2 
3	 CF52QS 	 1 	 2 	 660  	 900  	 8  	 4 
4	 CF142TJ 	 1 	 4 	 600  	 840  	 8  	 4 
5	 CF141NW 1 	 8 	 660  	 900  	 6  	 3 
6	 CF145QD	 1 	 10 	 720  	 960  	 5  	 2 
7	 CF144QY	 1 	 7 	 720  	 960  	 7  	 3 
8	 CF143HQ	 1 	 9 	 720  	 960  	 10  	 5 
9	 CF146UU	 0 	 16 	 600  	 840  	 5  	 2 
10	 CF142HE 	 1 	 6 	 660  	 900  	 9  	 4 
11	 CF146JU 	 1 	 5 	 660  	 900  	 8  	 4 
12	 CF146AG	 1 	 3 	 540  	 780  	 6  	 3 
13	 CF149AY 	 1 	 7 	 720  	 960  	 6  	 3 
14	 CF52NQ 	 1 	 10 	 600  	 840  	 5  	 2 
15	 CF142NQ	 0 	 12 	 600  	 840  	 6  	 3 
16	 CF149AR 	 0 	 24 	 660  	 900  	 7  	 3 
17	 CF146NB	 1 	 10 	 600  	 840  	 5  	 2 
18	 CF244JL 	 1 	 1 	 720  	 960  	 8  	 4 
19	 CF141BJ 	 1 	 10 	 600  	 840  	 8  	 4 
20	 CF142JQ 	 1 	 9 	 540  	 780  	 5  	 2 
21	 CF144NR	 0 	 20 	 600  	 840  	 7  	 3 
22	 CF141AU	 0 	 17 	 540  	 780  	 8  	 4 
23	 CF146SH 	 1 	 9 	 660  	 900  	 6  	 3 
24	 CF142AH	 1 	 6 	 600  	 840  	 8  	 4 
25	 CF244BA 	 1 	 1 	 720  	 960  	 5  	 2 
26	 CF52AE 	 1 	 5 	 660  	 900  	 5  	 2 
27	 CF144AS 	 1 	 9 	 720  	 960  	 6  	 3 
28	 CF144DA	 1 	 8 	 540  	 780  	 6  	 3 
29	 CF144EL 	 1 	 7 	 720  	 960  	 10  	 5 
30	 CF145EU 	 1 	 3 	 540  	 780  	 8  	 4 
31	 CF147DU	 1 	 7 	 660  	 900  	 9  	 4 
32	 CF143BA 	 1 	 8 	 720  	 960  	 7  	 3 
33	 CF149EJ 	 1 	 4 	 600  	 840  	 6  	 3 
34	 CF147TD 	 1 	 7 	 720  	 960  	 8  	 4 
35	 CF147ZB 	 1 	 6 	 720  	 960  	 5  	 2 
36	 CF145DZ 	 1 	 5 	 720  	 960  	 5  	 2 
37	 CF140RG 	 1 	 5 	 720  	 960  	 9  	 4 
38	 CF244HW 1 	 1 	 720  	 960  	 8  	 4 
39	 CF148JT 	 1 	 1 	 600  	 840  	 6  	 3 
40	 CF244BZ 	 1 	 4 	 600  	 840  	 9  	 4 
41	 CF144NJ 	 1 	 4 	 720  	 960  	 10  	 5 
42	 CF52RR 	 1 	 3 	 600  	 840  	 7  	 3 
43	 CF146RH 	 1 	 5 	 660  	 900  	 6  	 3 
44	 CF141LB 	 1 	 10 	 660  	 900  	 9  	 4 
45	 CF144BD 	 1 	 6 	 720  	 960  	 10  	 5 
46	 CF141ND	 1 	 6 	 720  	 960  	 5  	 2 
47	 CF142PJ 	 1 	 7 	 720  	 960  	 6  	 3 
48	 CF149UG	 0 	 2 	 720  	 960  	 7  	 3 
49	 CF149BQ	 1 	 3 	 720  	 960  	 10  	 5 
50	 CF142HB 	 1 	 6 	 660  	 900  	 7  	 3 
51	 CF52DL 	 1 	 8 	 540  	 780  	 5  	 2 
52	 CF142DF 	 1 	 1 	 600  	 840  	 9  	 4 
53	 CF144AG	 1 	 3 	 540  	 780  	 9  	 4 
54	 CF831NB	 1 	 10 	 600  	 840  	 10  	 5 
55	 CF144DB 	 1 	 1 	 720  	 960  	 6  	 3 
56	 CF244BG 	 0 	 16 	 600  	 840  	 5  	 2 
57	 CF52AF 	 1 	 8 	 720  	 960  	 5  	 2 
58	 CF244QP	 1 	 7 	 540  	 780  	 5  	 2 
59	 CF144ND	 1 	 7 	 600  	 840  	 9  	 4 
60	 CF149HH	 1 	 10 	 540  	 780  	 5  	 2 
61	 CF149BG 	 1 	 1 	 660  	 900  	 6  	 3 
62	 CF146BU 	 1 	 3 	 600  	 840  	 7  	 3 
63	 CF52LL 	 1 	 9 	 720  	 960  	 7  	 3 
64	 CF147EG 	 1 	 4 	 720  	 960  	 7  	 3 
65	 CF146DA	 1 	 4 	 600  	 840  	 9  	 4 
66	 CF147HH	 1 	 1 	 540  	 780  	 9  	 4 
67	 CF141HJ 	 1 	 1 	 600  	 840  	 5  	 2 
68	 CF146BS 	 1 	 9 	 720  	 960  	 10  	 5 
69	 CF146HP 	 1 	 3 	 600  	 840  	 5  	 2 
70	 CF146SX 	 1 	 3 	 720  	 960  	 6  	 3 
71	 CF143HY 	 1 	 10 	 600  	 840  	 9  	 4 
72	 CF142HW 1 	 5 	 600  	 840  	 8  	 4 
73	 CF145AS 	 1 	 6 	 720  	 960  	 9  	 4 
74	 CF146AE 	 1 	 9 	 600  	 840  	 6  	 3 
75	 CF145FB 	 0 	 4 	 720  	 960  	 9  	 4 
76	 CF146BG 	 1 	 3 	 600  	 840  	 7  	 3 
77	 CF149HQ	 1 	 8 	 540  	 780  	 6  	 3 
78	 CF244DJ 	 1 	 4 	 720  	 960  	 10  	 5 
79	 CF146TW	 1 	 4 	 660  	 900  	 6  	 3 
80	 CF145AQ	 1 	 4 	 660  	 900  	 7  	 3 
81	 CF145LA 	 1 	 7 	 660  	 900  	 6  	 3 
82	 CF141HG	 1 	 3 	 600  	 840  	 8  	 4 
83	 CF141AH	 1 	 3 	 600  	 840  	 10  	 5 
84	 CF141PD 	 1 	 7 	 720  	 960  	 10  	 5 
85	 CF144EG 	 1 	 6 	 540  	 780  	 7  	 3 
86	 CF244HN	 0 	 24 	 540  	 780  	 10  	 5 
87	 CF147ZY 	 1 	 3 	 660  	 900  	 5  	 2 
88	 CF143HX 	 1 	 10 	 720  	 960  	 7  	 3 
89	 CF143HN	 1 	 7 	 600  	 840  	 10  	 5 
90	 CF52DW 	 1 	 10 	 660  	 900  	 8  	 4 
91	 CF147EX 	 1 	 3 	 600  	 840  	 6  	 3 
92	 CF146QF 	 1 	 9 	 660  	 900  	 10  	 5 
93	 CF144LY 	 1 	 6 	 600  	 840  	 6  	 3 
94	 CF52JT 	 1 	 2 	 540  	 780  	 6  	 3 
95	 CF144SW	 1 	 9 	 540  	 780  	 9  	 4 
96	 CF141DS 	 1 	 9 	 540  	 780  	 10  	 5 
97	 CF145BN	 1 	 3 	 660  	 900  	 8  	 4 
98	 CF52LA 	 1 	 6 	 600  	 840  	 9  	 4 
99	 CF142JJ 	 1 	 10 	 540  	 780  	 6  	 3 
100	 CF141EJ 	 1 	 10 	 720  	 960  	 9  	 4 
