100

1200
32
10
500

0	1901	4588	2263	2394	3065	3122	2331	3344	5327	4654	1946	2681	4401	1312	1464	448	4695	4616	2715	2484	2894	3203	2127	5387	2660	3283	2521	1902	1974	2709	2539	785	3129	2560	4630	4565	2151	2884	5369	5067	1082	1967	2775	2291	2770	2462	1985	1574	3119	4708	2332	3256	3232	3704	3881	2978	1082	3233	2492	2646	2455	5147	759	1076	1615	3238	4146	1740	1783	2101	1614	1934	2482	205	1877	3956	1863	241	2595	2364	5250	2839	1896	1566	2249	4114	1880	2360	3101	2730	523	2798	632	2708	3281	2263	2304	2420	3370	2379	
1901	0	2969	378	861	1916	1435	1903	2642	3668	3036	437	1235	3638	1267	781	1453	4221	3969	2171	1473	1010	1308	1603	3778	1542	2874	2697	2747	2196	2415	2375	1117	1532	2259	3043	4025	1868	2306	3716	3574	2149	1676	1419	733	888	2214	1664	2022	1603	3106	2016	3028	3450	3497	3249	1566	2342	3582	625	1377	1746	3533	1197	956	290	1613	3283	1577	1546	2485	1764	1621	1698	2036	493	3366	1602	1988	1235	539	3537	948	1105	578	1470	3670	310	1799	3418	1675	2094	2454	1450	935	2323	378	2493	1998	2123	1160	
4588	2969	0	2788	3301	4122	3106	2745	2235	742	67	3270	3484	2313	4234	3126	4181	3122	2681	2533	2213	2121	2013	4389	811	2024	2727	3499	4254	3464	5115	5142	3911	3317	4987	132	2902	4686	2461	781	716	4210	2966	3655	2337	2204	2922	2936	3669	1469	145	2859	3034	3820	3221	2428	3634	4436	4062	2383	1969	2443	566	3837	3889	3164	1373	2000	3128	3064	3686	3393	2959	4311	4644	3363	2539	3020	4566	1997	2433	743	2202	2734	3543	2500	2903	3208	2611	3939	2015	4526	2789	3975	2036	1843	2788	3470	2730	1419	3701	
2263	378	2788	0	664	1728	1099	2130	2762	3460	2855	484	1009	3707	1485	1130	1817	4340	4056	2355	1608	714	978	1632	3588	1635	3046	2973	3092	2501	2413	2405	1477	1223	2268	2875	4135	1921	2473	3509	3431	2520	1948	1207	794	604	2450	1932	2360	1532	2930	2255	3228	3708	3686	3360	1320	2716	3855	414	1437	1929	3344	1572	1269	667	1487	3338	1878	1840	2795	2088	1895	1640	2405	578	3483	1886	2359	1281	432	3306	639	1359	812	1668	3808	447	2009	3690	1772	2471	2659	1828	782	2396	0	2780	2219	2120	1042	
2394	861	3301	664	0	1071	731	2755	3424	3924	3366	503	374	4369	1286	1618	1981	5003	4719	3001	2266	1184	1321	1104	4076	2298	3698	3558	3563	3051	1818	1842	1653	745	1686	3400	4798	1403	3125	3975	3976	2898	2537	560	1456	1117	3069	2524	2854	2160	3445	2872	3869	4311	4332	4023	708	3067	4443	1037	2101	2574	3838	1838	1319	1054	2082	3997	2435	2406	3337	2610	2482	1019	2571	538	4146	2463	2546	1943	1091	3737	1103	1962	836	2306	4469	626	2643	4279	2435	2719	3297	2112	1396	3059	664	3353	2847	2769	405	
3065	1916	4122	1728	1071	0	1023	3819	4489	4660	4182	1505	724	5413	1761	2633	2726	6065	5771	4071	3335	2105	2120	1033	4843	3361	4769	4598	4515	4072	1223	1360	2449	818	1178	4235	5857	1209	4196	4713	4827	3784	3586	524	2522	2076	4130	3575	3838	3160	4266	3932	4938	5360	5402	5084	488	3922	5482	2067	3158	3644	4618	2689	2063	2062	3045	5036	3467	3444	4348	3618	3531	657	3264	1494	5209	3506	3264	2999	2144	4434	2032	3022	1699	3375	5536	1641	3710	5318	3498	3488	4365	2955	2402	4112	1728	4387	3913	3791	782	
3122	1435	3106	1099	731	1023	0	3196	3705	3637	3165	1194	557	4549	1994	2215	2703	5250	4921	3380	2610	1183	1126	1620	3820	2591	4048	4062	4181	3599	2146	2232	2371	211	2054	3222	5034	1900	3479	3690	3815	3567	3039	636	1806	1191	3518	3021	3453	2260	3250	3326	4257	4784	4698	4276	544	3748	4940	1284	2372	2963	3596	2538	2048	1689	2111	4165	2977	2937	3894	3185	2987	1378	3296	1251	4405	2981	3269	2213	1408	3413	1124	2448	1558	2721	4755	1292	3064	4775	2726	3431	3700	2810	1547	3286	1099	3873	3278	2906	908	
2331	1903	2745	2130	2755	3819	3196	0	1013	3461	2799	2328	3123	2073	2751	1288	2078	2458	2313	384	687	2178	2452	3386	3446	827	1033	920	1511	720	4195	4109	1994	3343	4031	2735	2296	3599	554	3490	3016	1579	366	3314	1397	2103	323	351	970	1508	2824	143	1134	1591	1611	1567	3445	1788	1761	1925	1013	325	3233	1764	2240	1804	1738	1818	592	557	961	758	406	3560	2293	2361	1655	473	2204	1124	1790	3484	2193	801	2269	479	1877	2192	157	1598	770	2053	564	1728	1773	1032	2130	795	102	1329	3060	
3344	2642	2235	2762	3424	4489	3705	1013	0	2860	2272	3078	3767	1069	3670	2195	3080	1581	1347	629	1169	2549	2737	4221	2785	1129	496	1365	2263	1565	5038	4975	2967	3885	4878	2180	1384	4462	462	2878	2288	2543	1378	3966	1968	2519	954	1360	1916	1545	2268	1028	802	1585	1084	608	4061	2736	1827	2442	1339	955	2610	2755	3171	2626	1768	809	1604	1565	1677	1756	1413	4339	3304	3132	725	1482	3214	1499	2348	2960	2594	1652	3110	1228	1051	2951	1000	1706	991	3053	671	2737	2160	474	2762	1416	927	981	3782	
5327	3668	742	3460	3924	4660	3637	3461	2860	0	679	3943	4068	2717	4927	3863	4916	3490	3043	3225	2950	2766	2607	5025	242	2761	3338	4174	4963	4178	5718	5761	4640	3843	5598	727	3286	5324	3138	53	701	4947	3696	4225	3063	2861	3618	3667	4398	2208	640	3570	3641	4429	3766	2947	4178	5173	4674	3065	2710	3167	254	4573	4602	3877	2099	2471	3863	3800	4388	4126	3692	4914	5384	4038	3042	3754	5307	2737	3129	294	2847	3475	4236	3236	3377	3891	3332	4562	2747	5268	3459	4715	2733	2514	3460	4162	3440	2132	4315	
4654	3036	67	2855	3366	4182	3165	2799	2272	679	0	3337	3547	2321	4302	3192	4247	3128	2685	2582	2273	2186	2075	4455	744	2084	2763	3545	4307	3518	5179	5207	3978	3376	5051	113	2909	4752	2507	717	663	4270	3023	3717	2404	2270	2972	2994	3727	1535	85	2912	3069	3856	3247	2450	3694	4496	4099	2450	2032	2499	499	3903	3956	3231	1440	2015	3187	3124	3737	3452	3018	4375	4709	3430	2559	3079	4631	2061	2500	695	2268	2797	3610	2560	2920	3275	2666	3977	2073	4589	2834	4040	2103	1887	2855	3519	2783	1472	3766	
1946	437	3270	484	503	1505	1194	2328	3078	3943	3337	0	865	4069	1014	1133	1516	4657	4403	2605	1910	1191	1429	1187	4071	1974	3308	3093	3063	2572	1992	1963	1180	1240	1839	3355	4461	1465	2742	3993	3906	2396	2082	1032	1148	1085	2634	2072	2359	1976	3411	2436	3457	3856	3929	3685	1201	2567	3978	888	1801	2181	3827	1345	886	562	1953	3710	1963	1939	2853	2124	2027	1261	2112	96	3803	2001	2080	1654	868	3788	1113	1528	389	1904	4106	137	2229	3814	2108	2237	2883	1618	1249	2753	484	2883	2425	2531	733	
2681	1235	3484	1009	374	724	557	3123	3767	4068	3547	865	0	4690	1478	1990	2286	5342	5047	3362	2617	1409	1472	1067	4235	2638	4055	3931	3928	3425	1654	1716	1970	470	1545	3591	5134	1352	3482	4120	4178	3248	2910	200	1802	1368	3439	2897	3223	2445	3629	3242	4233	4684	4693	4361	336	3410	4817	1344	2434	2935	4003	2173	1612	1423	2342	4314	2809	2780	3710	2983	2856	857	2866	885	4486	2837	2848	2275	1421	3862	1333	2333	1157	2670	4815	994	3008	4652	2776	3037	3662	2447	1684	3388	1009	3727	3215	3072	356	
4401	3638	2313	3707	4369	5413	4549	2073	1069	2717	2321	4069	4690	0	4722	3253	4148	813	390	1690	2181	3366	3486	5237	2560	2096	1192	2187	3134	2540	6052	6001	4035	4744	5894	2209	590	5488	1520	2714	2027	3547	2440	4889	2928	3364	1960	2424	2922	2291	2279	2071	1376	2035	1229	544	4960	3722	2269	3346	2274	2018	2468	3824	4230	3654	2463	386	2665	2629	2582	2797	2477	5326	4352	4131	525	2546	4262	2428	3278	2910	3426	2708	4138	2284	710	3948	2068	2215	1964	4086	1632	3801	3018	1316	3707	2313	1982	1643	4746	
1312	1267	4234	1485	1286	1761	1994	2751	3670	4927	4302	1014	1478	4722	0	1477	1031	5203	5016	3101	2555	2198	2443	827	5042	2674	3784	3302	2969	2729	1524	1398	851	1948	1360	4310	5030	919	3262	4976	4839	2166	2420	1530	1962	2088	3002	2423	2399	2857	4372	2819	3861	4075	4339	4271	1734	2261	4141	1863	2554	2716	4797	1126	514	1117	2880	4395	2229	2234	2957	2270	2368	1171	1515	918	4375	2316	1525	2435	1802	4784	2122	2017	692	2442	4625	1041	2702	3987	2791	1771	3309	1344	2199	3438	1485	3075	2853	3327	1138	
1464	781	3126	1130	1618	2633	2215	1288	2195	3863	3192	1133	1990	3253	1477	0	1058	3729	3540	1626	1120	1567	1890	2103	3928	1269	2317	1970	1967	1440	2908	2821	828	2312	2744	3171	3554	2311	1785	3906	3626	1411	986	2164	844	1448	1564	982	1242	1658	3247	1372	2416	2740	2895	2795	2326	1620	2852	1173	1210	1241	3686	711	976	571	1775	2937	839	822	1720	992	931	2299	1536	1139	2898	893	1465	1140	1022	3787	1533	546	993	970	3153	999	1228	2689	1368	1486	1852	869	1296	1994	1130	1755	1390	1970	1853	
448	1453	4181	1817	1981	2726	2703	2078	3080	4916	4247	1516	2286	4148	1031	1058	0	4507	4390	2460	2133	2447	2756	1856	4985	2300	3078	2423	1963	1851	2526	2378	341	2722	2368	4229	4361	1935	2630	4959	4683	1145	1714	2396	1864	2323	2257	1727	1475	2714	4304	2103	3091	3174	3556	3645	2596	1231	3209	2045	2263	2154	4743	351	676	1167	2820	3868	1491	1521	2033	1431	1673	2185	596	1453	3730	1606	566	2199	1919	4830	2392	1538	1146	1922	3922	1442	2081	3064	2382	762	2589	377	2270	2967	1817	2197	2174	3009	2004	
4695	4221	3122	4340	5003	6065	5250	2458	1581	3490	3128	4657	5342	813	5203	3729	4507	0	447	2102	2749	4075	4223	5791	3317	2705	1431	2252	3159	2734	6608	6537	4449	5437	6446	3016	228	6024	1944	3483	2792	3730	2809	5541	3546	4059	2250	2801	3137	3015	3083	2410	1446	1820	1052	980	5629	3871	2008	4007	2907	2501	3247	4211	4695	4193	3207	1170	3023	3002	2686	3088	2856	5918	4613	4710	856	2917	4525	3067	3921	3699	4128	3199	4675	2782	585	4529	2501	2013	2567	4311	1919	4140	3704	1964	4340	2436	2357	2375	5363	
4616	3969	2681	4056	4719	5771	4921	2313	1347	3043	2685	4403	5047	390	5016	3540	4390	447	0	1936	2500	3740	3867	5560	2872	2431	1341	2281	3220	2699	6377	6318	4300	5114	6217	2572	254	5805	1768	3037	2345	3709	2676	5246	3270	3734	2154	2663	3093	2667	2638	2289	1449	1992	1174	748	5323	3869	2209	3704	2619	2300	2799	4077	4516	3968	2845	771	2899	2869	2699	3002	2718	5663	4552	4462	661	2784	4462	2776	3630	3252	3797	2999	4453	2575	613	4279	2329	2182	2296	4269	1819	4033	3384	1661	4056	2436	2216	2020	5091	
2715	2171	2533	2355	3001	4071	3380	384	629	3225	2582	2605	3362	1690	3101	1626	2460	2102	1936	0	772	2292	2536	3704	3189	836	704	977	1751	993	4518	4441	2365	3542	4355	2508	1931	3928	170	3250	2732	1932	750	3557	1578	2234	395	734	1309	1461	2597	408	878	1491	1332	1188	3674	2133	1698	2096	1057	427	2987	2142	2594	2108	1700	1436	976	940	1168	1130	788	3856	2675	2647	1281	856	2585	1200	1976	3276	2320	1103	2584	701	1527	2472	399	1544	726	2428	336	2112	1884	724	2355	938	298	1122	3330	
2484	1473	2213	1608	2266	3335	2610	687	1169	2950	2273	1910	2617	2181	2555	1120	2133	2749	2500	772	0	1525	1782	3060	2972	189	1443	1605	2130	1348	3877	3821	1943	2775	3717	2227	2552	3308	871	2986	2603	1997	776	2815	818	1463	989	746	1476	848	2312	830	1648	2235	2090	1775	2922	2224	2423	1326	328	380	2742	1784	2078	1473	1068	1842	917	853	1620	1188	760	3171	2503	1964	1893	815	2419	443	1212	2934	1550	595	1957	291	2204	1782	530	2263	250	2341	1101	1853	1116	884	1608	1479	736	887	2616	
2894	1010	2121	714	1184	2105	1183	2178	2549	2766	2186	1191	1409	3366	2198	1567	2447	4075	3740	2292	1525	0	324	2269	2906	1466	2924	3089	3408	2713	3002	3023	2118	1380	2870	2217	3857	2567	2369	2816	2792	2967	2111	1598	827	124	2496	2087	2673	1077	2264	2318	3158	3756	3576	3105	1627	3182	3937	404	1243	1900	2665	2160	1960	1283	941	2982	2118	2064	3009	2374	2067	2201	3015	1287	3235	2083	2959	1092	547	2600	82	1551	1523	1701	3592	1160	2030	3775	1594	3029	2625	2389	409	2115	714	2930	2245	1724	1588	
3203	1308	2013	978	1321	2120	1126	2452	2737	2607	2075	1429	1472	3486	2443	1890	2756	4223	3867	2536	1782	324	0	2424	2767	1700	3140	3369	3720	3013	3113	3154	2424	1336	2992	2121	4001	2724	2599	2659	2711	3291	2409	1643	1138	444	2766	2384	2987	1209	2157	2594	3387	4015	3789	3267	1632	3506	4204	724	1479	2161	2532	2476	2244	1589	1022	3100	2427	2371	3308	2687	2367	2309	3329	1525	3399	2387	3275	1340	870	2417	366	1861	1787	1981	3766	1420	2300	4043	1820	3350	2871	2708	686	2285	978	3218	2513	1850	1709	
2127	1603	4389	1632	1104	1033	1620	3386	4221	5025	4455	1187	1067	5237	827	2103	1856	5791	5560	3704	3060	2269	2424	0	5173	3142	4404	4033	3774	3470	817	776	1646	1495	657	4484	5603	300	3853	5076	5051	2984	3087	1010	2332	2187	3666	3084	3168	3158	4533	3474	4518	4809	4996	4830	1185	3086	4894	2046	2980	3292	4933	1915	1267	1598	3118	4884	2921	2914	3717	3005	3032	381	2331	1113	4943	2990	2346	2836	2048	4841	2187	2601	1119	3011	5227	1296	3311	4736	3273	2597	3950	2153	2414	3923	1632	3809	3487	3717	738	
5387	3778	811	3588	4076	4843	3820	3446	2785	242	744	4071	4235	2560	5042	3928	4985	3317	2872	3189	2972	2906	2767	5173	0	2783	3252	4121	4937	4158	5880	5917	4719	4028	5757	756	3119	5471	3091	204	534	4961	3700	4398	3147	2996	3584	3671	4397	2271	681	3548	3551	4336	3648	2825	4359	5185	4582	3187	2751	3163	245	4639	4700	3975	2184	2338	3876	3814	4356	4133	3699	5076	5436	4164	2913	3763	5357	2792	3241	536	2988	3516	4351	3253	3236	4013	3324	4476	2757	5305	3404	4769	2844	2469	3588	4122	3418	2124	4472	
2660	1542	2024	1635	2298	3361	2591	827	1129	2761	2084	1974	2638	2096	2674	1269	2300	2705	2431	836	189	1466	1700	3142	2783	0	1461	1732	2302	1515	3957	3909	2097	2765	3799	2038	2501	3398	903	2797	2418	2186	957	2838	842	1419	1108	927	1660	682	2123	967	1692	2324	2113	1725	2932	2413	2523	1316	224	504	2553	1950	2210	1574	911	1743	1105	1041	1779	1374	944	3233	2684	2035	1849	1001	2600	379	1219	2746	1500	765	2055	478	2179	1852	672	2365	138	2528	1173	2029	1062	781	1635	1622	861	710	2662	
3283	2874	2727	3046	3698	4769	4048	1033	496	3338	2763	3308	4055	1192	3784	2317	3078	1431	1341	704	1443	2924	3140	4404	3252	1461	0	1006	1948	1361	5217	5136	3019	4217	5053	2669	1284	4625	573	3353	2743	2371	1378	4252	2261	2880	823	1371	1753	1979	2757	979	307	1094	652	648	4363	2538	1338	2767	1684	1128	3086	2780	3273	2811	2211	1080	1592	1571	1390	1669	1426	4559	3213	3351	689	1486	3124	1840	2655	3448	2961	1803	3285	1405	847	3175	1093	1225	1330	2928	489	2713	2522	951	3046	1121	931	1461	4032	
2521	2697	3499	2973	3558	4598	4062	920	1365	4174	3545	3093	3931	2187	3302	1970	2423	2252	2281	977	1605	3089	3369	4033	4121	1732	1006	0	946	576	4812	4698	2464	4196	4647	3466	2165	4205	1039	4197	3641	1494	1026	4114	2289	3009	625	1041	953	2401	3556	777	831	776	1212	1648	4263	1620	886	2815	1929	1231	3931	2194	2794	2537	2637	2081	1132	1154	436	1033	1079	4260	2410	3107	1668	1095	2325	2045	2671	4240	3100	1615	2953	1389	1699	2957	1075	721	1652	2089	717	2046	2687	1661	2973	228	872	2097	3821	
1902	2747	4254	3092	3563	4515	4181	1511	2263	4963	4307	3063	3928	3134	2969	1967	1963	3159	3220	1751	2130	3408	3720	3774	4937	2302	1948	946	0	792	4485	4340	2129	4275	4324	4240	3091	3887	1867	4991	4483	829	1362	4087	2582	3304	1357	1391	738	2978	4329	1395	1773	1438	2107	2593	4264	840	1378	3059	2447	1824	4730	1860	2511	2512	3195	3015	1297	1355	588	1034	1390	4065	1742	3048	2614	1354	1671	2515	2904	4995	3396	1860	2817	1849	2627	2937	1652	1272	2269	1395	1591	1625	3044	2475	3092	847	1524	2835	3739	
1974	2196	3464	2501	3051	4072	3599	720	1565	4178	3518	2572	3425	2540	2729	1440	1851	2734	2699	993	1348	2713	3013	3470	4158	1515	1361	576	792	0	4243	4126	1889	3719	4078	3453	2619	3635	1130	4207	3716	1010	606	3601	1888	2619	613	632	403	2195	3542	610	1289	1346	1729	1999	3759	1182	1426	2396	1671	1032	3948	1619	2223	2011	2416	2359	623	664	297	465	646	3708	1880	2578	2050	631	1793	1752	2245	4204	2711	1171	2405	1076	2159	2437	860	1267	1478	1578	913	1474	2328	1712	2501	348	740	2047	3291	
2709	2415	5115	2413	1818	1223	2146	4195	5038	5718	5179	1992	1654	6052	1524	2908	2526	6608	6377	4518	3877	3002	3113	817	5880	3957	5217	4812	4485	4243	0	206	2374	1968	165	5216	6420	608	4668	5770	5794	3671	3888	1515	3140	2934	4469	3887	3921	3945	5259	4279	5324	5588	5803	5647	1615	3744	5660	2822	3791	4107	5645	2649	2020	2415	3889	5698	3714	3711	4477	3780	3834	805	2912	1923	5760	3789	2945	3645	2839	5515	2921	3415	1934	3827	6042	2107	4124	5505	4088	3217	4759	2862	3190	4738	2413	4586	4296	4520	1415	
2539	2375	5142	2405	1842	1360	2232	4109	4975	5761	5207	1963	1716	6001	1398	2821	2378	6537	6318	4441	3821	3023	3154	776	5917	3909	5136	4698	4340	4126	206	0	2246	2065	183	5240	6354	514	4594	5813	5813	3521	3793	1596	3106	2947	4376	3793	3794	3933	5286	4188	5233	5472	5712	5583	1716	3586	5538	2817	3751	4036	5679	2520	1905	2350	3889	5652	3612	3613	4353	3666	3740	859	2740	1888	5694	3693	2777	3610	2823	5566	2941	3339	1866	3756	5968	2070	4044	5385	4038	3052	4672	2722	3186	4690	2405	4471	4211	4493	1446	
785	1117	3911	1477	1653	2449	2371	1994	2967	4640	3978	1180	1970	4035	851	828	341	4449	4300	2365	1943	2118	2424	1646	4719	2097	3019	2464	2129	1889	2374	2246	0	2397	2211	3965	4290	1769	2532	4685	4439	1347	1641	2090	1578	1995	2212	1649	1549	2453	4038	2041	3066	3233	3540	3552	2287	1473	3293	1719	2034	2019	4476	275	390	835	2542	3735	1432	1449	2108	1436	1593	1946	936	1120	3645	1533	900	1953	1599	4544	2061	1355	818	1766	3866	1103	1972	3141	2192	1068	2534	512	1961	2807	1477	2236	2094	2798	1705	
3129	1532	3317	1223	745	818	211	3343	3885	3843	3376	1240	470	4744	1948	2312	2722	5437	5114	3542	2775	1380	1336	1495	4028	2765	4217	4196	4275	3719	1968	2065	2397	0	1885	3433	5222	1763	3646	3896	4026	3633	3170	487	1964	1380	3665	3154	3554	2457	3460	3471	4419	4928	4865	4461	353	3807	5077	1451	2548	3121	3805	2582	2054	1767	2314	4361	3096	3060	4010	3294	3118	1222	3309	1283	4590	3108	3287	2389	1566	3616	1318	2581	1579	2873	4936	1352	3216	4912	2901	3463	3858	2856	1733	3473	1223	4002	3428	3103	823	
2560	2259	4987	2268	1686	1178	2054	4031	4878	5598	5051	1839	1545	5894	1360	2744	2368	6446	6217	4355	3717	2870	2992	657	5757	3799	5053	4647	4324	4078	165	183	2211	1885	0	5087	6259	443	4505	5650	5662	3512	3723	1419	2986	2798	4305	3722	3757	3799	5131	4114	5160	5423	5638	5486	1535	3588	5496	2678	3635	3945	5521	2486	1855	2253	3748	5541	3549	3546	4313	3615	3669	688	2763	1768	5599	3624	2795	3491	2691	5400	2789	3252	1771	3664	5879	1951	3960	5341	3930	3064	4595	2700	3047	4580	2268	4421	4132	4369	1286	
4630	3043	132	2875	3400	4235	3222	2735	2180	727	113	3355	3591	2209	4310	3171	4229	3016	2572	2508	2227	2217	2121	4484	756	2038	2669	3466	4240	3453	5216	5240	3965	3433	5087	0	2797	4780	2428	760	594	4222	2969	3764	2396	2297	2900	2940	3671	1515	90	2846	2975	3763	3146	2345	3747	4448	4006	2467	1997	2440	518	3882	3954	3231	1437	1906	3138	3075	3667	3400	2966	4413	4681	3447	2453	3028	4601	2035	2510	780	2299	2763	3619	2512	2812	3289	2606	3886	2020	4553	2753	4013	2114	1806	2875	3446	2716	1406	3802	
4565	4025	2902	4135	4798	5857	5034	2296	1384	3286	2909	4461	5134	590	5030	3554	4361	228	254	1931	2552	3857	4001	5603	3119	2501	1284	2165	3091	2619	6420	6354	4290	5222	6259	2797	0	5840	1769	3281	2590	3624	2653	5333	3343	3843	2107	2643	3019	2794	2866	2258	1341	1807	1003	777	5418	3774	2013	3796	2700	2319	3041	4058	4525	4006	2984	942	2871	2847	2593	2952	2699	5723	4490	4516	660	2762	4402	2859	3714	3489	3911	3019	4489	2599	466	4334	2329	1999	2364	4197	1773	3997	3489	1751	4135	2336	2196	2151	5162	
2151	1868	4686	1921	1403	1209	1900	3599	4462	5324	4752	1465	1352	5488	919	2311	1935	6024	5805	3928	3308	2567	2724	300	5471	3398	4625	4205	3887	3635	608	514	1769	1763	443	4780	5840	0	4081	5375	5346	3078	3286	1276	2600	2483	3869	3286	3314	3440	4830	3680	4725	4980	5204	5069	1437	3161	5053	2335	3243	3523	5231	2044	1412	1836	3407	5141	3109	3108	3870	3173	3233	566	2356	1386	5180	3187	2382	3103	2331	5141	2485	2826	1352	3242	5455	1566	3532	4898	3527	2646	4162	2262	2702	4179	1921	3979	3700	3990	1033	
2884	2306	2461	2473	3125	4196	3479	554	462	3138	2507	2742	3482	1520	3262	1785	2630	1944	1768	170	871	2369	2599	3853	3091	903	573	1039	1867	1130	4668	4594	2532	3646	4505	2428	1769	4081	0	3161	2622	2089	920	3679	1688	2319	518	904	1463	1481	2517	568	789	1468	1219	1020	3790	2286	1687	2196	1126	562	2896	2311	2756	2255	1719	1270	1146	1110	1279	1295	958	3996	2842	2787	1116	1026	2753	1278	2083	3202	2402	1255	2734	842	1374	2609	562	1542	779	2592	333	2282	1963	624	2473	1034	465	1072	3463	
5369	3716	781	3509	3975	4713	3690	3490	2878	53	717	3993	4120	2714	4976	3906	4959	3483	3037	3250	2986	2816	2659	5076	204	2797	3353	4197	4991	4207	5770	5813	4685	3896	5650	760	3281	5375	3161	0	692	4982	3729	4278	3108	2912	3644	3700	4431	2250	674	3598	3656	4443	3774	2954	4231	5207	4689	3114	2749	3198	267	4616	4649	3924	2143	2474	3898	3835	4415	4160	3725	4966	5425	4087	3047	3788	5347	2778	3177	338	2897	3514	4285	3271	3379	3940	3363	4578	2780	5306	3481	4756	2781	2537	3509	4187	3468	2162	4367	
5067	3574	716	3431	3976	4827	3815	3016	2288	701	663	3906	4178	2027	4839	3626	4683	2792	2345	2732	2603	2792	2711	5051	534	2418	2743	3641	4483	3716	5794	5813	4439	4026	5662	594	2590	5346	2622	692	0	4563	3294	4353	2895	2866	3127	3266	3980	1996	578	3108	3039	3820	3119	2296	4339	4783	4067	3019	2422	2751	472	4333	4459	3742	1961	1806	3484	3424	3898	3730	3299	4992	5100	3996	2382	3367	5017	2487	3049	941	2874	3174	4151	2872	2702	3833	2905	3965	2372	4944	2926	4439	2658	2008	3431	3656	2979	1725	4380	
1082	2149	4210	2520	2898	3784	3567	1579	2543	4947	4270	2396	3248	3547	2166	1411	1145	3730	3709	1932	1997	2967	3291	2984	4961	2186	2371	1494	829	1010	3671	3521	1347	3633	3512	4222	3624	3078	2089	4982	4563	0	1269	3390	2184	2851	1595	1297	628	2799	4308	1524	2286	2165	2703	3007	3578	228	2153	2581	2263	1813	4735	1095	1736	1880	2981	3348	1084	1147	1059	834	1264	3293	938	2364	3060	1198	860	2278	2427	4929	2938	1531	2100	1710	3161	2282	1667	2025	2204	601	1915	835	2657	2609	2520	1295	1642	2842	3021	
1967	1676	2966	1948	2537	3586	3039	366	1378	3696	3023	2082	2910	2440	2420	986	1714	2809	2676	750	776	2111	2409	3087	3700	957	1378	1026	1362	606	3888	3793	1641	3170	3723	2969	2653	3286	920	3729	3294	1269	0	3095	1290	2020	583	30	705	1622	3056	401	1442	1775	1920	1931	3240	1489	1910	1807	1086	544	3478	1404	1906	1535	1834	2180	226	193	899	436	55	3283	1934	2103	2017	108	1844	1154	1659	3696	2112	591	1979	489	2225	1945	407	1745	951	1705	894	1362	1723	1355	1948	835	461	1577	2814	
2775	1419	3655	1207	560	524	636	3314	3966	4225	3717	1032	200	4889	1530	2164	2396	5541	5246	3557	2815	1598	1643	1010	4398	2838	4252	4114	4087	3601	1515	1596	2090	487	1419	3764	5333	1276	3679	4278	4353	3390	3095	0	2000	1561	3629	3083	3390	2641	3800	3432	4427	4870	4889	4561	205	3545	5000	1543	2634	3130	4167	2306	1720	1594	2534	4513	2989	2961	3884	3155	3041	742	2966	1040	4685	3020	2954	2475	1620	4013	1523	2522	1291	2864	5014	1165	3201	4835	2975	3154	3855	2579	1881	3587	1207	3908	3407	3269	397	
2291	733	2337	794	1456	2522	1806	1397	1968	3063	2404	1148	1802	2928	1962	844	1864	3546	3270	1578	818	827	1138	2332	3147	842	2261	2289	2582	1888	3140	3106	1578	1964	2986	2396	3343	2600	1688	3108	2895	2184	1290	2000	0	731	1720	1268	1850	901	2466	1531	2456	2987	2905	2567	2104	2406	3154	529	654	1158	2903	1532	1564	849	965	2565	1291	1237	2185	1549	1245	2399	2375	1218	2690	1258	2306	505	398	2968	823	724	1292	919	3014	1036	1260	2990	979	2327	1895	1712	474	1612	794	2118	1475	1390	1821	
2770	888	2204	604	1117	2076	1191	2103	2519	2861	2270	1085	1368	3364	2088	1448	2323	4059	3734	2234	1463	124	444	2187	2996	1419	2880	3009	3304	2619	2934	2947	1995	1380	2798	2297	3843	2483	2319	2912	2866	2851	2020	1561	731	0	2423	1997	2568	1086	2347	2242	3105	3687	3532	3085	1605	3065	3864	281	1196	1834	2754	2036	1840	1160	975	2983	2018	1966	2916	2270	1975	2136	2891	1181	3215	1988	2835	1041	426	2703	92	1452	1408	1624	3567	1048	1958	3701	1550	2907	2564	2265	359	2096	604	2844	2173	1726	1522	
2462	2214	2922	2450	3069	4130	3518	323	954	3618	2972	2634	3439	1960	3002	1564	2257	2250	2154	395	989	2496	2766	3666	3584	1108	823	625	1357	613	4469	4376	2212	3665	4305	2900	2107	3869	518	3644	3127	1595	583	3629	1720	2423	0	583	967	1776	2989	197	859	1268	1337	1427	3763	1783	1441	2248	1309	611	3382	1966	2488	2100	2012	1755	780	768	772	848	636	3854	2399	2662	1495	686	2309	1431	2113	3665	2513	1108	2554	802	1665	2497	466	1279	1028	2126	336	1891	2090	1119	2450	549	253	1506	3367	
1985	1664	2936	1932	2524	3575	3021	351	1360	3667	2994	2072	2897	2424	2423	982	1727	2801	2663	734	746	2087	2384	3084	3671	927	1371	1041	1391	632	3887	3793	1649	3154	3722	2940	2643	3286	904	3700	3266	1297	30	3083	1268	1997	583	0	735	1592	3027	397	1440	1787	1919	1918	3226	1517	1924	1786	1057	517	3448	1415	1909	1528	1805	2161	245	206	924	464	55	3278	1955	2095	2005	122	1866	1125	1639	3666	2089	573	1975	459	2217	1935	383	1759	921	1729	888	1378	1698	1330	1932	855	448	1548	2804	
1574	2022	3669	2360	2854	3838	3453	970	1916	4398	3727	2359	3223	2922	2399	1242	1475	3137	3093	1309	1476	2673	2987	3168	4397	1660	1753	953	738	403	3921	3794	1549	3554	3757	3671	3019	3314	1463	4431	3980	628	705	3390	1850	2568	967	735	0	2315	3759	902	1692	1699	2131	2383	3560	824	1745	2321	1775	1234	4177	1274	1905	1800	2519	2720	581	644	561	305	716	3429	1478	2352	2440	664	1390	1823	2165	4401	2659	1132	2145	1186	2560	2229	1075	1595	1655	1178	1289	1100	2315	2001	2360	732	1024	2273	3056	
3119	1603	1469	1532	2160	3160	2260	1508	1545	2208	1535	1976	2445	2291	2857	1658	2714	3015	2667	1461	848	1077	1209	3158	2271	682	1979	2401	2978	2195	3945	3933	2453	2457	3799	1515	2794	3440	1481	2250	1996	2799	1622	2641	901	1086	1776	1592	2315	0	1590	1646	2250	2945	2617	2059	2691	3028	3157	1127	541	1183	2029	2369	2464	1749	239	1906	1742	1677	2461	2019	1602	3167	3176	2059	2191	1651	3100	532	1110	2150	1140	1283	2177	1133	2560	1884	1353	3005	749	3070	1791	2507	765	1082	1532	2301	1535	648	2559	
4708	3106	145	2930	3445	4266	3250	2824	2268	640	85	3411	3629	2279	4372	3247	4304	3083	2638	2597	2312	2264	2157	4533	681	2123	2757	3556	4329	3542	5259	5286	4038	3460	5131	90	2866	4830	2517	674	578	4308	3056	3800	2466	2347	2989	3027	3759	1590	0	2935	3062	3850	3229	2426	3778	4533	4094	2523	2078	2528	439	3959	4022	3297	1504	1981	3224	3161	3757	3487	3052	4455	4760	3503	2532	3114	4681	2113	2570	692	2346	2844	3681	2597	2889	3347	2694	3974	2107	4635	2843	4091	2174	1896	2930	3535	2805	1495	3846	
2332	2016	2859	2255	2872	3932	3326	143	1028	3570	2912	2436	3242	2071	2819	1372	2103	2410	2289	408	830	2318	2594	3474	3548	967	979	777	1395	610	4279	4188	2041	3471	4114	2846	2258	3680	568	3598	3108	1524	401	3432	1531	2242	197	397	902	1646	2935	0	1045	1458	1524	1550	3566	1726	1623	2060	1156	464	3338	1802	2306	1904	1878	1837	614	593	832	729	452	3658	2281	2465	1629	508	2192	1268	1922	3601	2332	911	2360	618	1825	2300	299	1460	904	2025	493	1744	1914	1108	2255	655	130	1440	3169	
3256	3028	3034	3228	3869	4938	4257	1134	802	3641	3069	3457	4233	1376	3861	2416	3091	1446	1449	878	1648	3158	3387	4518	3551	1692	307	831	1773	1289	5324	5233	3066	4419	5160	2975	1341	4725	789	3656	3039	2286	1442	4427	2456	3105	859	1440	1692	2250	3062	1045	0	789	479	852	4548	2433	1033	2974	1915	1300	3389	2814	3346	2939	2485	1329	1636	1627	1254	1661	1494	4694	3169	3493	851	1545	3081	2066	2854	3753	3189	1933	3402	1563	876	3322	1229	926	1568	2866	574	2718	2751	1248	3228	995	1035	1756	4188	
3232	3450	3820	3708	4311	5360	4784	1591	1585	4429	3856	3856	4684	2035	4075	2740	3174	1820	1992	1491	2235	3756	4015	4809	4336	2324	1094	776	1438	1346	5588	5472	3233	4928	5423	3763	1807	4980	1468	4443	3820	2165	1775	4870	2987	3687	1268	1787	1699	2945	3850	1458	789	0	820	1571	5012	2245	246	3516	2540	1857	4177	2962	3569	3304	3184	2071	1902	1920	1142	1807	1830	5034	3102	3874	1528	1854	3021	2675	3380	4542	3776	2353	3727	2069	1381	3719	1731	193	2217	2765	1156	2799	3348	2012	3708	1002	1515	2510	4586	
3704	3497	3221	3686	4332	5402	4698	1611	1084	3766	3247	3929	4693	1229	4339	2895	3556	1052	1174	1332	2090	3576	3789	4996	3648	2113	652	1212	2107	1729	5803	5712	3540	4865	5638	3146	1003	5204	1219	3774	3119	2703	1920	4889	2905	3532	1337	1919	2131	2617	3229	1524	479	820	0	823	5005	2832	1045	3415	2336	1759	3511	3286	3824	3414	2846	1321	2112	2104	1648	2126	1973	5169	3606	3966	749	2023	3520	2491	3301	3910	3613	2407	3880	2028	562	3794	1700	1008	1982	3293	1048	3181	3174	1558	3686	1409	1511	2064	4657	
3881	3249	2428	3360	4023	5084	4276	1567	608	2947	2450	3685	4361	544	4271	2795	3645	980	748	1188	1775	3105	3267	4830	2825	1725	648	1648	2593	1999	5647	5583	3552	4461	5486	2345	777	5069	1020	2954	2296	3007	1931	4561	2567	3085	1427	1918	2383	2059	2426	1550	852	1571	823	0	4649	3180	1814	3027	1927	1555	2693	3330	3769	3234	2264	503	2155	2124	2038	2270	1972	4946	3825	3739	132	2039	3735	2087	2941	3100	3156	2255	3718	1832	511	3558	1581	1738	1588	3552	1095	3291	2728	990	3360	1769	1471	1434	4385	
2978	1566	3634	1320	708	488	544	3445	4061	4178	3694	1201	336	4960	1734	2326	2596	5629	5323	3674	2922	1627	1632	1185	4359	2932	4363	4263	4264	3759	1615	1716	2287	353	1535	3747	5418	1437	3790	4231	4339	3578	3240	205	2104	1605	3763	3226	3560	2691	3778	3566	4548	5012	5005	4649	0	3736	5148	1622	2723	3248	4133	2498	1920	1759	2568	4581	3142	3112	4045	3318	3186	883	3168	1218	4775	3168	3155	2563	1714	3957	1557	2660	1482	2987	5111	1330	3327	4983	3070	3352	3979	2772	1942	3668	1320	4059	3536	3329	601	
1082	2342	4436	2716	3067	3922	3748	1788	2736	5173	4496	2567	3410	3722	2261	1620	1231	3871	3869	2133	2224	3182	3506	3086	5185	2413	2538	1620	840	1182	3744	3586	1473	3807	3588	4448	3774	3161	2286	5207	4783	228	1489	3545	2406	3065	1783	1517	824	3028	4533	1726	2433	2245	2832	3180	3736	0	2209	2792	2491	2032	4959	1239	1862	2066	3210	3537	1309	1373	1185	1053	1486	3408	909	2530	3227	1421	844	2507	2640	5156	3151	1759	2255	1936	3309	2458	1883	2093	2428	563	2095	968	2879	2820	2716	1438	1847	3064	3169	
3233	3582	4062	3855	4443	5482	4940	1761	1827	4674	4099	3978	4817	2269	4141	2852	3209	2008	2209	1698	2423	3937	4204	4894	4582	2523	1338	886	1378	1426	5660	5538	3293	5077	5496	4006	2013	5053	1687	4689	4067	2153	1910	5000	3154	3864	1441	1924	1745	3157	4094	1623	1033	246	1045	1814	5148	2209	0	3682	2735	2043	4422	3019	3641	3421	3396	2315	2015	2039	1184	1890	1963	5133	3091	3990	1768	1980	3013	2866	3543	4785	3954	2496	3828	2240	1601	3842	1908	165	2422	2748	1367	2838	3531	2246	3855	1096	1693	2741	4704	
2492	625	2383	414	1037	2067	1284	1925	2442	3065	2450	888	1344	3346	1863	1173	2045	4007	3704	2096	1326	404	724	2046	3187	1316	2767	2815	3059	2396	2822	2817	1719	1451	2678	2467	3796	2335	2196	3114	3019	2581	1807	1543	529	281	2248	1786	2321	1127	2523	2060	2974	3516	3415	3027	1622	2792	3682	0	1103	1681	2942	1756	1581	886	1073	2970	1785	1736	2693	2028	1759	2041	2611	980	3154	1765	2555	943	156	2923	361	1225	1174	1447	3493	826	1788	3518	1453	2626	2418	1985	368	2047	414	2639	2003	1734	1433	
2646	1377	1969	1437	2101	3158	2372	1013	1339	2710	2032	1801	2434	2274	2554	1210	2263	2907	2619	1057	328	1243	1479	2980	2751	224	1684	1929	2447	1671	3791	3751	2034	2548	3635	1997	2700	3243	1126	2749	2422	2263	1086	2634	654	1196	1309	1057	1775	541	2078	1156	1915	2540	2336	1927	2723	2491	2735	1103	0	699	2515	1913	2110	1441	748	1911	1201	1137	1946	1478	1063	3053	2687	1867	2053	1111	2606	160	1014	2672	1277	766	1912	598	2390	1684	857	2577	355	2557	1392	2021	838	959	1437	1806	1058	775	2473	
2455	1746	2443	1929	2574	3644	2963	325	955	3167	2499	2181	2935	2018	2716	1241	2154	2501	2300	427	380	1900	2161	3292	3163	504	1128	1231	1824	1032	4107	4036	2019	3121	3945	2440	2319	3523	562	3198	2751	1813	544	3130	1158	1834	611	517	1234	1183	2528	464	1300	1857	1759	1555	3248	2032	2043	1681	699	0	2944	1819	2216	1694	1415	1718	747	692	1284	980	554	3435	2442	2225	1661	624	2354	823	1556	3179	1922	700	2174	281	1935	2048	173	1883	447	2235	737	1831	1492	828	1929	1118	359	1038	2904	
5147	3533	566	3344	3838	4618	3596	3233	2610	254	499	3827	4003	2468	4797	3686	4743	3247	2799	2987	2742	2665	2532	4933	245	2553	3086	3931	4730	3948	5645	5679	4476	3805	5521	518	3041	5231	2896	267	472	4735	3478	4167	2903	2754	3382	3448	4177	2029	439	3338	3389	4177	3511	2693	4133	4959	4422	2942	2515	2944	0	4397	4455	3730	1939	2217	3650	3587	4153	3910	3475	4840	5198	3920	2788	3539	5119	2552	2996	469	2747	3280	4106	3025	3124	3768	3107	4311	2531	5071	3215	4530	2599	2272	3344	3924	3208	1906	4235	
759	1197	3837	1572	1838	2689	2538	1764	2755	4573	3903	1345	2173	3824	1126	711	351	4211	4077	2142	1784	2160	2476	1915	4639	1950	2780	2194	1860	1619	2649	2520	275	2582	2486	3882	4058	2044	2311	4616	4333	1095	1404	2306	1532	2036	1966	1415	1274	2369	3959	1802	2814	2962	3286	3330	2498	1239	3019	1756	1913	1819	4397	0	651	906	2481	3536	1188	1211	1834	1171	1360	2207	857	1299	3419	1296	799	1850	1621	4493	2110	1189	1017	1580	3627	1248	1756	2867	2033	901	2293	274	1953	2625	1572	1967	1863	2658	1930	
1076	956	3889	1269	1319	2063	2048	2240	3171	4602	3956	886	1612	4230	514	976	676	4695	4516	2594	2078	1960	2244	1267	4700	2210	3273	2794	2511	2223	2020	1905	390	2054	1855	3954	4525	1412	2756	4649	4459	1736	1906	1720	1564	1840	2488	1909	1905	2464	4022	2306	3346	3569	3824	3769	1920	1862	3641	1581	2110	2216	4455	651	0	725	2517	3910	1714	1720	2459	1761	1854	1558	1255	809	3871	1802	1237	2004	1487	4482	1893	1522	498	1946	4115	842	2195	3486	2321	1435	2796	902	1876	2960	1269	2567	2342	2885	1329	
1615	290	3164	667	1054	2062	1689	1804	2626	3877	3231	562	1423	3654	1117	571	1167	4193	3968	2108	1473	1283	1589	1598	3975	1574	2811	2537	2512	2011	2415	2350	835	1767	2253	3231	4006	1836	2255	3924	3742	1880	1535	1594	849	1160	2100	1528	1800	1749	3297	1904	2939	3304	3414	3234	1759	2066	3421	886	1441	1694	3730	906	725	0	1794	3312	1406	1384	2291	1562	1480	1756	1747	570	3346	1450	1698	1318	774	3760	1226	1008	484	1413	3629	429	1719	3257	1698	1804	2366	1162	1155	2350	667	2325	1904	2211	1284	
3238	1613	1373	1487	2082	3045	2111	1738	1768	2099	1440	1953	2342	2463	2880	1775	2820	3207	2845	1700	1068	941	1022	3118	2184	911	2211	2637	3195	2416	3889	3889	2542	2314	3748	1437	2984	3407	1719	2143	1961	2981	1834	2534	965	975	2012	1805	2519	239	1504	1878	2485	3184	2846	2264	2568	3210	3396	1073	748	1415	1939	2481	2517	1794	0	2078	1941	1877	2687	2219	1811	3099	3308	2041	2396	1857	3234	703	1089	2012	1013	1453	2191	1346	2769	1874	1583	3244	985	3222	2030	2638	705	1299	1487	2533	1769	833	2486	
4146	3283	2000	3338	3997	5036	4165	1818	809	2471	2015	3710	4314	386	4395	2937	3868	1170	771	1436	1842	2982	3100	4884	2338	1743	1080	2081	3015	2359	5698	5652	3735	4361	5541	1906	942	5141	1270	2474	1806	3348	2180	4513	2565	2983	1755	2161	2720	1906	1981	1837	1329	2071	1321	503	4581	3537	2315	2970	1911	1718	2217	3536	3910	3312	2078	0	2406	2364	2441	2565	2212	4963	4111	3775	576	2283	4021	2062	2907	2640	3043	2392	3795	1971	910	3592	1790	2234	1615	3862	1448	3534	2639	962	3338	2174	1734	1259	4379	
1740	1577	3128	1878	2435	3467	2977	592	1604	3863	3187	1963	2809	2665	2229	839	1491	3023	2899	976	917	2118	2427	2921	3876	1105	1592	1132	1297	623	3714	3612	1432	3096	3549	3138	2871	3109	1146	3898	3484	1084	226	2989	1291	2018	780	245	581	1742	3224	614	1636	1902	2112	2155	3142	1309	2015	1785	1201	747	3650	1188	1714	1406	1941	2406	0	65	917	278	197	3134	1710	1976	2239	125	1621	1243	1632	3851	2110	566	1826	628	2439	1827	626	1851	1120	1489	1104	1137	1747	1570	1878	920	685	1761	2689	
1783	1546	3064	1840	2406	3444	2937	557	1565	3800	3124	1939	2780	2629	2234	822	1521	3002	2869	940	853	2064	2371	2914	3814	1041	1571	1154	1355	664	3711	3613	1449	3060	3546	3075	2847	3108	1110	3835	3424	1147	193	2961	1237	1966	768	206	644	1677	3161	593	1627	1920	2104	2124	3112	1373	2039	1736	1137	692	3587	1211	1720	1384	1877	2364	65	0	960	342	152	3121	1757	1954	2210	85	1669	1179	1584	3787	2058	513	1814	564	2418	1803	578	1875	1057	1543	1085	1173	1691	1517	1840	947	653	1699	2667	
2101	2485	3686	2795	3337	4348	3894	961	1677	4388	3737	2853	3710	2582	2957	1720	2033	2686	2699	1168	1620	3009	3308	3717	4356	1779	1390	436	588	297	4477	4353	2108	4010	4313	3667	2593	3870	1279	4415	3898	1059	899	3884	2185	2916	772	924	561	2461	3757	832	1254	1142	1648	2038	4045	1185	1184	2693	1946	1284	4153	1834	2459	2291	2687	2441	917	960	0	730	941	3967	1982	2855	2071	928	1898	2035	2542	4428	3008	1469	2670	1357	2128	2719	1111	1034	1730	1657	1006	1660	2622	1891	2795	269	958	2267	3567	
1614	1764	3393	2088	2610	3618	3185	758	1756	4126	3452	2124	2983	2797	2270	992	1431	3088	3002	1130	1188	2374	2687	3005	4133	1374	1669	1033	1034	465	3780	3666	1436	3294	3615	3400	2952	3173	1295	4160	3730	834	436	3155	1549	2270	848	464	305	2019	3487	729	1661	1807	2126	2270	3318	1053	1890	2028	1478	980	3910	1171	1761	1562	2219	2565	278	342	730	0	435	3244	1555	2125	2342	373	1465	1521	1873	4120	2362	828	1943	897	2504	1990	835	1731	1380	1298	1183	1057	2012	1781	2088	806	832	2012	2836	
1934	1621	2959	1895	2482	3531	2987	406	1413	3692	3018	2027	2856	2477	2368	931	1673	2856	2718	788	760	2067	2367	3032	3699	944	1426	1079	1390	646	3834	3740	1593	3118	3669	2966	2699	3233	958	3725	3299	1264	55	3041	1245	1975	636	55	716	1602	3052	452	1494	1830	1973	1972	3186	1486	1963	1759	1063	554	3475	1360	1854	1480	1811	2212	197	152	941	435	0	3228	1906	2048	2060	72	1817	1125	1611	3688	2068	540	1924	470	2273	1890	429	1798	945	1685	944	1325	1682	1374	1895	886	503	1578	2759	
2482	1698	4311	1640	1019	657	1378	3560	4339	4914	4375	1261	857	5326	1171	2299	2185	5918	5663	3856	3171	2201	2309	381	5076	3233	4559	4260	4065	3708	805	859	1946	1222	688	4413	5723	566	3996	4966	4992	3293	3283	742	2399	2136	3854	3278	3429	3167	4455	3658	4694	5034	5169	4946	883	3408	5133	2041	3053	3435	4840	2207	1558	1756	3099	4963	3134	3121	3967	3244	3228	0	2686	1210	5064	3192	2695	2902	2071	4714	2120	2762	1308	3155	5365	1390	3472	4972	3367	2937	4121	2458	2406	4010	1640	4040	3659	3760	614	
205	2036	4644	2405	2571	3264	3296	2293	3304	5384	4709	2112	2866	4352	1515	1536	596	4613	4552	2675	2503	3015	3329	2331	5436	2684	3213	2410	1742	1880	2912	2740	936	3309	2763	4681	4490	2356	2842	5425	5100	938	1934	2966	2375	2891	2399	1955	1478	3176	4760	2281	3169	3102	3606	3825	3168	909	3091	2611	2687	2442	5198	857	1255	1747	3308	4111	1710	1757	1982	1555	1906	2686	0	2047	3893	1834	90	2647	2478	5319	2964	1926	1738	2254	4034	2038	2335	2964	2744	347	2734	670	2808	3270	2405	2199	2377	3390	2570	
1877	493	3363	578	538	1494	1251	2361	3132	4038	3430	96	885	4131	918	1139	1453	4710	4462	2647	1964	1287	1525	1113	4164	2035	3351	3107	3048	2578	1923	1888	1120	1283	1768	3447	4516	1386	2787	4087	3996	2364	2103	1040	1218	1181	2662	2095	2352	2059	3503	2465	3493	3874	3966	3739	1218	2530	3990	980	1867	2225	3920	1299	809	570	2041	3775	1976	1954	2855	2125	2048	1210	2047	0	3856	2020	2018	1723	953	3883	1209	1560	312	1946	4155	183	2266	3827	2168	2183	2919	1573	1339	2816	578	2894	2458	2605	714	
3956	3366	2539	3483	4146	5209	4405	1655	725	3042	2559	3803	4486	525	4375	2898	3730	856	661	1281	1893	3235	3399	4943	2913	1849	689	1668	2614	2050	5760	5694	3645	4590	5599	2453	660	5180	1116	3047	2382	3060	2017	4685	2690	3215	1495	2005	2440	2191	2532	1629	851	1528	749	132	4775	3227	1768	3154	2053	1661	2788	3419	3871	3346	2396	576	2239	2210	2071	2342	2060	5064	3893	3856	0	2125	3804	2212	3066	3202	3286	2361	3829	1939	382	3675	1677	1702	1711	3614	1160	3372	2858	1120	3483	1804	1557	1566	4506	
1863	1602	3020	1886	2463	3506	2981	473	1482	3754	3079	2001	2837	2546	2316	893	1606	2917	2784	856	815	2083	2387	2990	3763	1001	1486	1095	1354	631	3789	3693	1533	3108	3624	3028	2762	3187	1026	3788	3367	1198	108	3020	1258	1988	686	122	664	1651	3114	508	1545	1854	2023	2039	3168	1421	1980	1765	1111	624	3539	1296	1802	1450	1857	2283	125	85	928	373	72	3192	1834	2020	2125	0	1745	1165	1615	3747	2081	541	1886	524	2333	1865	501	1816	1008	1613	1001	1256	1703	1445	1886	894	568	1644	2732	
241	1988	4566	2359	2546	3264	3269	2204	3214	5307	4631	2080	2848	4262	1525	1465	566	4525	4462	2585	2419	2959	3275	2346	5357	2600	3124	2325	1671	1793	2945	2777	900	3287	2795	4601	4402	2382	2753	5347	5017	860	1844	2954	2306	2835	2309	1866	1390	3100	4681	2192	3081	3021	3520	3735	3155	844	3013	2555	2606	2354	5119	799	1237	1698	3234	4021	1621	1669	1898	1465	1817	2695	90	2018	3804	1745	0	2569	2419	5244	2909	1844	1711	2168	3946	2002	2246	2885	2659	283	2644	596	2743	3182	2359	2113	2288	3305	2560	
2595	1235	1997	1281	1943	2999	2213	1124	1499	2737	2061	1654	2275	2428	2435	1140	2199	3067	2776	1200	443	1092	1340	2836	2792	379	1840	2045	2515	1752	3645	3610	1953	2389	3491	2035	2859	3103	1278	2778	2487	2278	1154	2475	505	1041	1431	1125	1823	532	2113	1268	2066	2675	2491	2087	2563	2507	2866	943	160	823	2552	1850	2004	1318	703	2062	1243	1179	2035	1521	1125	2902	2647	1723	2212	1165	2569	0	855	2682	1124	753	1782	677	2550	1540	970	2706	513	2538	1534	1978	685	1115	1281	1910	1178	894	2318	
2364	539	2433	432	1091	2144	1408	1790	2348	3129	2500	868	1421	3278	1802	1022	1919	3921	3630	1976	1212	547	870	2048	3241	1219	2655	2671	2904	2245	2839	2823	1599	1566	2691	2510	3714	2331	2083	3177	3049	2427	1659	1620	398	426	2113	1639	2165	1110	2570	1922	2854	3380	3301	2941	1714	2640	3543	156	1014	1556	2996	1621	1487	774	1089	2907	1632	1584	2542	1873	1611	2071	2478	953	3066	1615	2419	855	0	2999	511	1074	1110	1314	3397	784	1656	3378	1357	2483	2293	1844	397	1970	432	2493	1871	1688	1474	
5250	3537	743	3306	3737	4434	3413	3484	2960	294	695	3788	3862	2910	4784	3787	4830	3699	3252	3276	2934	2600	2417	4841	536	2746	3448	4240	4995	4204	5515	5566	4544	3616	5400	780	3489	5141	3202	338	941	4929	3696	4013	2968	2703	3665	3666	4401	2150	692	3601	3753	4542	3910	3100	3957	5156	4785	2923	2672	3179	469	4493	4482	3760	2012	2640	3851	3787	4428	4120	3688	4714	5319	3883	3202	3747	5244	2682	2999	0	2680	3431	4097	3224	3550	3745	3349	4666	2746	5220	3529	4649	2607	2582	3306	4213	3472	2161	4122	
2839	948	2202	639	1103	2032	1124	2193	2594	2847	2268	1113	1333	3426	2122	1533	2392	4128	3797	2320	1550	82	366	2187	2988	1500	2961	3100	3396	2711	2921	2941	2061	1318	2789	2299	3911	2485	2402	2897	2874	2938	2112	1523	823	92	2513	2089	2659	1140	2346	2332	3189	3776	3613	3156	1557	3151	3954	361	1277	1922	2747	2110	1893	1226	1013	3043	2110	2058	3008	2362	2068	2120	2964	1209	3286	2081	2909	1124	511	2680	0	1545	1450	1714	3640	1086	2047	3791	1631	2986	2651	2343	439	2166	639	2936	2263	1785	1507	
1896	1105	2734	1359	1962	3022	2448	801	1652	3475	2797	1528	2333	2708	2017	546	1538	3199	2999	1103	595	1551	1861	2601	3516	765	1803	1615	1860	1171	3415	3339	1355	2581	3252	2763	3019	2826	1255	3514	3174	1531	591	2522	724	1452	1108	573	1132	1283	2844	911	1933	2353	2407	2255	2660	1759	2496	1225	766	700	3280	1189	1522	1008	1453	2392	566	513	1469	828	540	2762	1926	1560	2361	541	1844	753	1074	3431	1545	0	1482	425	2628	1391	711	2331	844	1792	1360	1266	1184	1453	1359	1426	898	1475	2260	
1566	578	3543	812	836	1699	1558	2269	3110	4236	3610	389	1157	4138	692	993	1146	4675	4453	2584	1957	1523	1787	1119	4351	2055	3285	2953	2817	2405	1934	1866	818	1579	1771	3619	4489	1352	2734	4285	4151	2100	1979	1291	1292	1408	2554	1975	2145	2177	3681	2360	3402	3727	3880	3718	1482	2255	3828	1174	1912	2174	4106	1017	498	484	2191	3795	1826	1814	2670	1943	1924	1308	1738	312	3829	1886	1711	1782	1110	4097	1450	1482	0	1893	4108	366	2192	3667	2180	1885	2833	1290	1507	2832	812	2734	2369	2676	924	
2249	1470	2500	1668	2306	3375	2721	479	1228	3236	2560	1904	2670	2284	2442	970	1922	2782	2575	701	291	1701	1981	3011	3253	478	1405	1389	1849	1076	3827	3756	1766	2873	3664	2512	2599	3242	842	3271	2872	1710	489	2864	919	1624	802	459	1186	1133	2597	618	1563	2069	2028	1832	2987	1936	2240	1447	598	281	3025	1580	1946	1413	1346	1971	628	564	1357	897	470	3155	2254	1946	1939	524	2168	677	1314	3224	1714	425	1893	0	2216	1771	343	2077	500	2074	992	1618	1298	1046	1668	1240	557	1148	2630	
4114	3670	2903	3808	4469	5536	4755	1877	1051	3377	2920	4106	4815	710	4625	3153	3922	585	613	1527	2204	3592	3766	5227	3236	2179	847	1699	2627	2159	6042	5968	3866	4936	5879	2812	466	5455	1374	3379	2702	3161	2225	5014	3014	3567	1665	2217	2560	2560	2889	1825	876	1381	562	511	5111	3309	1601	3493	2390	1935	3124	3627	4115	3629	2769	910	2439	2418	2128	2504	2273	5365	4034	4155	382	2333	3946	2550	3397	3550	3640	2628	4108	2216	0	3976	1925	1570	2041	3737	1334	3555	3208	1481	3808	1871	1775	1942	4820	
1880	310	3208	447	626	1641	1292	2192	2951	3891	3275	137	994	3948	1041	999	1442	4529	4279	2472	1782	1160	1420	1296	4013	1852	3175	2957	2937	2437	2107	2070	1103	1352	1951	3289	4334	1566	2609	3940	3833	2282	1945	1165	1036	1048	2497	1935	2229	1884	3347	2300	3322	3719	3794	3558	1330	2458	3842	826	1684	2048	3768	1248	842	429	1874	3592	1827	1803	2719	1990	1890	1390	2038	183	3675	1865	2002	1540	784	3745	1086	1391	366	1771	3976	0	2094	3678	1985	2146	2748	1519	1176	2632	447	2747	2289	2424	870	
2360	1799	2611	2009	2643	3710	3064	157	1000	3332	2666	2229	3008	2068	2702	1228	2081	2501	2329	399	530	2030	2300	3311	3324	672	1093	1075	1652	860	4124	4044	1972	3216	3960	2606	2329	3532	562	3363	2905	1667	407	3201	1260	1958	466	383	1075	1353	2694	299	1229	1731	1700	1581	3327	1883	1908	1788	857	173	3107	1756	2195	1719	1583	1790	626	578	1111	835	429	3472	2335	2266	1677	501	2246	970	1656	3349	2047	711	2192	343	1925	2094	0	1745	620	2112	655	1744	1624	948	2009	951	216	1201	2959	
3101	3418	3939	3690	4279	5318	4775	1598	1706	4562	3977	3814	4652	2215	3987	2689	3064	2013	2182	1544	2263	3775	4043	4736	4476	2365	1225	721	1272	1267	5505	5385	3141	4912	5341	3886	1999	4898	1542	4578	3965	2025	1745	4835	2990	3701	1279	1759	1595	3005	3974	1460	926	193	1008	1738	4983	2093	165	3518	2577	1883	4311	2867	3486	3257	3244	2234	1851	1875	1034	1731	1798	4972	2964	3827	1702	1816	2885	2706	3378	4666	3791	2331	3667	2077	1570	3678	1745	0	2267	2623	1217	2692	3369	2113	3690	934	1531	2602	4541	
2730	1675	2015	1772	2435	3498	2726	770	991	2747	2073	2108	2776	1964	2791	1368	2382	2567	2296	726	250	1594	1820	3273	2757	138	1330	1652	2269	1478	4088	4038	2192	2901	3930	2020	2364	3527	779	2780	2372	2204	951	2975	979	1550	1028	921	1655	749	2107	904	1568	2217	1982	1588	3070	2428	2422	1453	355	447	2531	2033	2321	1698	985	1615	1120	1057	1730	1380	945	3367	2744	2168	1711	1008	2659	513	1357	2746	1631	844	2180	500	2041	1985	620	2267	0	2573	1062	2098	1192	652	1772	1557	788	649	2799	
523	2094	4526	2471	2719	3488	3431	2053	3053	5268	4589	2237	3037	4086	1771	1486	762	4311	4269	2428	2341	3029	3350	2597	5305	2528	2928	2089	1395	1578	3217	3052	1068	3463	3064	4553	4197	2646	2592	5306	4944	601	1705	3154	2327	2907	2126	1729	1178	3070	4635	2025	2866	2765	3293	3552	3352	563	2748	2626	2557	2235	5071	901	1435	1804	3222	3862	1489	1543	1657	1298	1685	2937	347	2183	3614	1613	283	2538	2483	5220	2986	1792	1885	2074	3737	2146	2112	2623	2573	0	2457	645	2781	3058	2471	1884	2130	3222	2764	
2798	2454	2789	2659	3297	4365	3700	564	671	3459	2834	2883	3662	1632	3309	1852	2589	1919	1819	336	1101	2625	2871	3950	3404	1173	489	717	1591	913	4759	4672	2534	3858	4595	2753	1773	4162	333	3481	2926	1915	894	3855	1895	2564	336	888	1289	1791	2843	493	574	1156	1048	1095	3979	2095	1367	2418	1392	737	3215	2293	2796	2366	2030	1448	1104	1085	1006	1183	944	4121	2734	2919	1160	1001	2644	1534	2293	3529	2651	1360	2833	992	1334	2748	655	1217	1062	2457	0	2225	2216	947	2659	745	463	1405	3613	
632	1450	3975	1828	2112	2955	2810	1728	2737	4715	4040	1618	2447	3801	1344	869	377	4140	4033	2112	1853	2389	2708	2153	4769	2029	2713	2046	1625	1474	2862	2722	512	2856	2700	4013	3997	2262	2282	4756	4439	835	1362	2579	1712	2265	1891	1378	1100	2507	4091	1744	2718	2799	3181	3291	2772	968	2838	1985	2021	1831	4530	274	902	1162	2638	3534	1137	1173	1660	1057	1325	2458	670	1573	3372	1256	596	1978	1844	4649	2343	1266	1290	1618	3555	1519	1744	2692	2098	645	2225	0	2155	2655	1828	1820	1821	2738	2201	
2708	935	2036	782	1396	2402	1547	1773	2160	2733	2103	1249	1684	3018	2199	1296	2270	3704	3384	1884	1116	409	686	2414	2844	1062	2522	2687	3044	2328	3190	3186	1961	1733	3047	2114	3489	2702	1963	2781	2658	2657	1723	1881	474	359	2090	1698	2315	765	2174	1914	2751	3348	3174	2728	1942	2879	3531	368	838	1492	2599	1953	1876	1155	705	2639	1747	1691	2622	2012	1682	2406	2808	1339	2858	1703	2743	685	397	2607	439	1184	1507	1298	3208	1176	1624	3369	1192	2781	2216	2155	0	1740	782	2533	1838	1389	1796	
3281	2323	1843	2396	3059	4112	3286	1032	474	2514	1887	2753	3388	1316	3438	1994	2967	1964	1661	724	884	2115	2285	3923	2469	781	951	1661	2475	1712	4738	4690	2807	3473	4580	1806	1751	4179	624	2537	2008	2609	1355	3587	1612	2096	1119	1330	2001	1082	1896	1108	1248	2012	1558	990	3668	2820	2246	2047	959	828	2272	2625	2960	2350	1299	962	1570	1517	1891	1781	1374	4010	3270	2816	1120	1445	3182	1115	1970	2582	2166	1453	2832	1046	1481	2632	948	2113	652	3058	947	2655	1740	0	2396	1654	981	510	3432	
2263	378	2788	0	664	1728	1099	2130	2762	3460	2855	484	1009	3707	1485	1130	1817	4340	4056	2355	1608	714	978	1632	3588	1635	3046	2973	3092	2501	2413	2405	1477	1223	2268	2875	4135	1921	2473	3509	3431	2520	1948	1207	794	604	2450	1932	2360	1532	2930	2255	3228	3708	3686	3360	1320	2716	3855	414	1437	1929	3344	1572	1269	667	1487	3338	1878	1840	2795	2088	1895	1640	2405	578	3483	1886	2359	1281	432	3306	639	1359	812	1668	3808	447	2009	3690	1772	2471	2659	1828	782	2396	0	2780	2219	2120	1042	
2304	2493	3470	2780	3353	4387	3873	795	1416	4162	3519	2883	3727	2313	3075	1755	2197	2436	2436	938	1479	2930	3218	3809	4122	1622	1121	228	847	348	4586	4471	2236	4002	4421	3446	2336	3979	1034	4187	3656	1295	835	3908	2118	2844	549	855	732	2301	3535	655	995	1002	1409	1769	4059	1438	1096	2639	1806	1118	3924	1967	2567	2325	2533	2174	920	947	269	806	886	4040	2199	2894	1804	894	2113	1910	2493	4213	2936	1426	2734	1240	1871	2747	951	934	1557	1884	745	1820	2533	1654	2780	0	769	2055	3608	
2420	1998	2730	2219	2847	3913	3278	102	927	3440	2783	2425	3215	1982	2853	1390	2174	2357	2216	298	736	2245	2513	3487	3418	861	931	872	1524	740	4296	4211	2094	3428	4132	2716	2196	3700	465	3468	2979	1642	461	3407	1475	2173	253	448	1024	1535	2805	130	1035	1515	1511	1471	3536	1847	1693	2003	1058	359	3208	1863	2342	1904	1769	1734	685	653	958	832	503	3659	2377	2458	1557	568	2288	1178	1871	3472	2263	898	2369	557	1775	2289	216	1531	788	2130	463	1821	1838	981	2219	769	0	1311	3156	
3370	2123	1419	2120	2769	3791	2906	1329	981	2132	1472	2531	3072	1643	3327	1970	3009	2375	2020	1122	887	1724	1850	3717	2124	710	1461	2097	2835	2047	4520	4493	2798	3103	4369	1406	2151	3990	1072	2162	1725	2842	1577	3269	1390	1726	1506	1548	2273	648	1495	1440	1756	2510	2064	1434	3329	3064	2741	1734	775	1038	1906	2658	2885	2211	833	1259	1761	1699	2267	2012	1578	3760	3390	2605	1566	1644	3305	894	1688	2161	1785	1475	2676	1148	1942	2424	1201	2602	649	3222	1405	2738	1389	510	2120	2055	1311	0	3161	
2379	1160	3701	1042	405	782	908	3060	3782	4315	3766	733	356	4746	1138	1853	2004	5363	5091	3330	2616	1588	1709	738	4472	2662	4032	3821	3739	3291	1415	1446	1705	823	1286	3802	5162	1033	3463	4367	4380	3021	2814	397	1821	1522	3367	2804	3056	2559	3846	3169	4188	4586	4657	4385	601	3169	4704	1433	2473	2904	4235	1930	1329	1284	2486	4379	2689	2667	3567	2836	2759	614	2570	714	4506	2732	2560	2318	1474	4122	1507	2260	924	2630	4820	870	2959	4541	2799	2764	3613	2201	1796	3432	1042	3608	3156	3161	0	


0	 CF146UT 	 0 	 0 	 540  	 1080  	 0  	 0 

1	 CF145EU 	 1 	 9 	 600  	 840  	 9  	 4 
2	 CF244LA 	 1 	 3 	 720  	 960  	 10  	 5 
3	 CF148EU 	 1 	 9 	 600  	 840  	 6  	 3 
4	 CF145DZ 	 1 	 5 	 720  	 960  	 9  	 4 
5	 CF140XQ	 1 	 1 	 720  	 960  	 10  	 5 
6	 CF140NT 	 1 	 4 	 660  	 900  	 9  	 4 
7	 CF141DS 	 1 	 8 	 660  	 900  	 7  	 3 
8	 CF142QT 	 1 	 2 	 720  	 960  	 9  	 4 
9	 CF244ED 	 0 	 7 	 540  	 780  	 8  	 4 
10	 CF244JZ 	 1 	 2 	 720  	 960  	 9  	 4 
11	 CF145ZA 	 1 	 9 	 540  	 780  	 6  	 3 
12	 CF145NB	 1 	 9 	 600  	 840  	 7  	 3 
13	 CF52BG 	 1 	 4 	 600  	 840  	 5  	 2 
14	 CF145HP 	 1 	 4 	 720  	 960  	 8  	 4 
15	 CF146AG	 1 	 10 	 660  	 900  	 10  	 5 
16	 CF146SA 	 1 	 4 	 720  	 960  	 5  	 2 
17	 CF52BL 	 1 	 5 	 600  	 840  	 9  	 4 
18	 CF52AQ 	 1 	 4 	 720  	 960  	 8  	 4 
19	 CF141NZ	 1 	 8 	 660  	 900  	 10  	 5 
20	 CF141SB 	 1 	 5 	 600  	 840  	 5  	 2 
21	 CF144NA	 1 	 3 	 720  	 960  	 6  	 3 
22	 CF144EJ 	 0 	 8 	 540  	 780  	 10  	 5 
23	 CF149DR 	 1 	 9 	 660  	 900  	 6  	 3 
24	 CF244DW 1 	 7 	 600  	 840  	 8  	 4 
25	 CF141EF 	 0 	 18 	 540  	 780  	 7  	 3 
26	 CF142JB 	 1 	 1 	 660  	 900  	 9  	 4 
27	 CF142EF 	 1 	 3 	 600  	 840  	 10  	 5 
28	 CF147JQ 	 1 	 7 	 660  	 900  	 8  	 4 
29	 CF142AH	 1 	 1 	 660  	 900  	 7  	 3 
30	 CF149HD	 1 	 5 	 720  	 960  	 7  	 3 
31	 CF149FG 	 1 	 3 	 660  	 900  	 5  	 2 
32	 CF146LE 	 1 	 1 	 720  	 960  	 8  	 4 
33	 CF140NN	 1 	 6 	 600  	 840  	 8  	 4 
34	 CF149FE 	 1 	 6 	 600  	 840  	 5  	 2 
35	 CF244LN 	 1 	 4 	 600  	 840  	 6  	 3 
36	 CF52BJ 	 1 	 2 	 600  	 840  	 9  	 4 
37	 CF149EA 	 1 	 5 	 540  	 780  	 10  	 5 
38	 CF142NN	 1 	 8 	 720  	 960  	 5  	 2 
39	 CF244DP 	 1 	 6 	 660  	 900  	 6  	 3 
40	 CF103UN	 1 	 3 	 540  	 780  	 8  	 4 
41	 CF147TG 	 1 	 9 	 600  	 840  	 9  	 4 
42	 CF141AE 	 0 	 21 	 660  	 900  	 10  	 5 
43	 CF145RD 	 1 	 8 	 540  	 780  	 6  	 3 
44	 CF144QE 	 1 	 1 	 600  	 840  	 10  	 5 
45	 CF144UU	 0 	 4 	 540  	 780  	 9  	 4 
46	 CF141PA 	 0 	 13 	 600  	 840  	 5  	 2 
47	 CF141AJ 	 1 	 3 	 720  	 960  	 5  	 2 
48	 CF147BP 	 1 	 4 	 600  	 840  	 6  	 3 
49	 CF144AP 	 1 	 2 	 720  	 960  	 6  	 3 
50	 CF244LW	 1 	 7 	 720  	 960  	 8  	 4 
51	 CF141NN	 1 	 8 	 540  	 780  	 7  	 3 
52	 CF142JQ 	 1 	 5 	 660  	 900  	 5  	 2 
53	 CF52QN 	 1 	 9 	 660  	 900  	 10  	 5 
54	 CF52PX 	 1 	 8 	 720  	 960  	 7  	 3 
55	 CF52YE 	 1 	 6 	 540  	 780  	 6  	 3 
56	 CF140RE 	 0 	 15 	 540  	 780  	 8  	 4 
57	 CF147EP 	 1 	 1 	 540  	 780  	 9  	 4 
58	 CF52RJ 	 0 	 7 	 540  	 780  	 8  	 4 
59	 CF144JS 	 1 	 3 	 600  	 840  	 6  	 3 
60	 CF141RH 	 1 	 8 	 540  	 780  	 8  	 4 
61	 CF141JE 	 1 	 7 	 720  	 960  	 5  	 2 
62	 CF244HY 	 1 	 5 	 540  	 780  	 7  	 3 
63	 CF146HJ 	 1 	 8 	 660  	 900  	 10  	 5 
64	 CF146LG 	 1 	 7 	 540  	 780  	 5  	 2 
65	 CF144SR 	 1 	 7 	 720  	 960  	 9  	 4 
66	 CF144DF 	 1 	 9 	 720  	 960  	 7  	 3 
67	 CF52AZ 	 1 	 4 	 600  	 840  	 7  	 3 
68	 CF141AF 	 1 	 7 	 540  	 780  	 6  	 3 
69	 CF141AD	 1 	 4 	 660  	 900  	 9  	 4 
70	 CF142BY 	 1 	 9 	 540  	 780  	 9  	 4 
71	 CF147AR 	 1 	 8 	 540  	 780  	 7  	 3 
72	 CF141BS 	 1 	 10 	 600  	 840  	 7  	 3 
73	 CF149DD	 0 	 21 	 540  	 780  	 10  	 5 
74	 CF147TS 	 1 	 1 	 660  	 900  	 5  	 2 
75	 CF145XZ 	 1 	 7 	 660  	 900  	 10  	 5 
76	 CF52EJ 	 1 	 1 	 600  	 840  	 8  	 4 
77	 CF141AB 	 1 	 3 	 720  	 960  	 9  	 4 
78	 CF146US 	 1 	 5 	 720  	 960  	 8  	 4 
79	 CF141TU 	 1 	 9 	 660  	 900  	 5  	 2 
80	 CF144PD 	 1 	 1 	 540  	 780  	 6  	 3 
81	 CF244NU	 1 	 7 	 720  	 960  	 8  	 4 
82	 CF144LU 	 1 	 10 	 540  	 780  	 8  	 4 
83	 CF141SY 	 1 	 9 	 720  	 960  	 6  	 3 
84	 CF145EL 	 1 	 9 	 720  	 960  	 6  	 3 
85	 CF141QB	 1 	 2 	 660  	 900  	 6  	 3 
86	 CF52YN 	 0 	 19 	 660  	 900  	 10  	 5 
87	 CF145EY 	 1 	 8 	 540  	 780  	 6  	 3 
88	 CF141DU	 1 	 8 	 540  	 780  	 5  	 2 
89	 CF52RP 	 1 	 2 	 600  	 840  	 6  	 3 
90	 CF141HP 	 1 	 7 	 660  	 900  	 5  	 2 
91	 CF147TP 	 1 	 8 	 600  	 840  	 7  	 3 
92	 CF142LE 	 1 	 10 	 720  	 960  	 8  	 4 
93	 CF146HY 	 1 	 3 	 540  	 780  	 10  	 5 
94	 CF144JQ 	 1 	 5 	 600  	 840  	 5  	 2 
95	 CF142RY 	 1 	 4 	 720  	 960  	 7  	 3 
96	 CF148GS 	 1 	 8 	 600  	 840  	 10  	 5 
97	 CF142EN 	 1 	 4 	 600  	 840  	 6  	 3 
98	 CF141NR	 1 	 10 	 720  	 960  	 6  	 3 
99	 CF143HQ	 1 	 10 	 720  	 960  	 5  	 2 
100	 CF145AE 	 1 	 6 	 540  	 780  	 8  	 4 
