100

1200
32
10
500

0	2497	1699	895	228	3065	1393	4608	3064	1599	2147	1751	2910	2247	2556	3775	4223	1008	3611	1449	4461	1850	2107	3162	2557	1575	4113	1336	982	2814	1966	1356	5005	1718	5151	3458	1986	2186	2801	4858	1013	1252	1186	2754	867	3327	1980	3844	3137	2031	2999	3806	2913	4973	2868	2314	1945	1165	3838	2742	2317	2992	2138	1893	4313	3136	788	2545	3241	2656	2214	2557	2551	3524	496	3205	2251	1668	2461	2331	2205	1613	2402	3168	2526	3539	3155	4990	3414	2272	1608	1774	3117	2757	2460	1849	3054	289	4571	3399	1657	
2497	0	1070	3311	2330	2482	1796	2135	1897	1421	1594	1843	1995	394	333	2766	1835	1566	2613	1830	1968	1991	781	1921	1535	965	2369	2344	2306	1114	583	1363	2520	1990	2678	2795	1082	327	1799	2363	2743	2012	2276	1140	1718	2411	1708	2220	3453	2810	2360	3028	2373	2477	1708	849	2742	2728	2152	2798	665	516	2586	2031	1833	2393	1771	1116	3630	757	1092	1535	3524	2608	2056	1968	380	1455	440	1421	929	1093	2448	2005	3096	1608	2144	2511	2922	2614	900	1173	2032	1184	2641	2823	3046	2574	2106	3858	1554	
1699	1070	0	2388	1488	1853	1672	2995	2604	360	1938	824	1490	696	1307	2393	2559	693	2222	1736	2891	2086	1264	1624	2115	807	2471	1274	1923	1957	869	1171	3402	958	3528	3377	1425	893	2417	3286	2291	944	1212	1946	832	3064	1934	2224	3684	2778	2891	3672	2862	3403	2386	1483	2692	2345	2201	3078	1351	1574	1593	1038	2716	1838	1194	871	3844	1638	1596	2115	3484	2169	1205	2712	1065	415	838	798	510	1090	2687	1663	3189	2592	2811	3378	3445	2746	691	1339	1641	1078	1723	1767	3379	1684	2949	4057	513	
895	3311	2388	0	997	3335	2266	5374	3949	2184	3031	2151	3312	3018	3406	4091	4947	1751	3941	2317	5251	2694	2988	3621	3447	2434	4628	1525	1769	3705	2815	2249	5778	2059	5912	4288	2879	3016	3683	5648	1614	1642	1436	3647	1599	4187	2855	4342	3812	2717	3846	4637	3753	5764	3757	3202	2641	1789	4354	3506	3195	3819	2233	2211	5089	3447	1677	3155	3889	3536	3108	3447	3096	3838	1258	4090	3101	2227	3209	2856	2862	2498	3200	3604	3198	4432	4028	5758	4223	3028	2450	2668	3537	3363	2576	1789	3806	740	5331	4016	2180	
228	2330	1488	997	0	2841	1395	4425	3030	1375	2121	1525	2682	2061	2411	3549	4028	804	3384	1457	4286	1876	1995	2935	2514	1437	3889	1137	1076	2723	1819	1275	4824	1496	4966	3482	1904	2027	2771	4684	1183	1030	983	2668	657	3324	1970	3618	3242	2144	3012	3827	2931	4799	2827	2213	2056	1323	3613	2811	2199	2833	1936	1670	4133	2910	703	2327	3355	2541	2136	2513	2702	3297	285	3169	2106	1442	2268	2104	1991	1510	2456	2940	2638	3449	3138	4808	3452	2350	1456	1696	2889	2538	2252	1677	3128	268	4386	3523	1429	
3065	2482	1853	3335	2841	0	3506	3339	4334	1652	3774	1325	510	2147	2812	763	2762	2302	630	3573	3405	3938	3025	786	3892	2656	1638	1818	3647	3586	2622	3018	3712	1347	3743	5175	3241	2519	4187	3720	3936	1814	1932	3601	2360	4829	3784	1361	5536	4597	4701	5447	4683	3823	4127	3207	4509	4031	1431	4931	3039	2789	1156	1173	3184	184	2903	1371	5694	3230	3378	3892	5285	516	2634	4422	2704	1561	2044	1106	1602	2940	4540	688	5028	4064	4565	3657	5263	4595	2537	3182	605	1361	853	1667	5230	2889	3267	5906	1516	
1393	1796	1672	2266	1395	3506	0	3864	1687	1863	772	2279	3162	1771	1675	4064	3625	1285	3893	71	3651	500	1087	3275	1204	943	4011	2268	619	1600	1231	509	4219	2343	4396	2090	826	1486	1420	4027	1044	1994	2118	1525	1306	1934	589	3800	2052	1109	1617	2433	1537	4133	1504	1201	1026	979	3758	1505	1297	2160	2956	2495	3557	3504	763	2453	2200	1571	1001	1203	1823	3841	1301	1829	1429	1953	2011	2469	2082	716	1120	3323	1522	2292	1763	4223	2072	1103	1062	650	3307	2632	3198	2873	1823	1643	3847	2405	2014	
4608	2135	2995	5374	4425	3339	3864	0	3190	3258	3430	3512	2881	2364	2191	3083	578	3629	3024	3884	298	3932	2778	2554	3149	3100	2018	4160	4420	2529	2711	3481	410	3661	543	4065	3058	2461	3270	387	4860	3878	4146	2609	3782	3644	3610	2154	5105	4747	3804	4138	3872	485	3118	2702	4697	4830	2054	4473	2574	1705	4066	3612	307	3166	3905	2386	5286	2363	2950	3149	5418	3102	4143	3163	2458	3245	2166	2795	2567	3200	4215	2650	4917	2298	3427	384	4265	4452	3033	3215	2734	2228	3950	4471	4629	4651	76	5510	3323	
3064	1897	2604	3949	3030	4334	1687	3190	0	2937	918	3414	3868	2190	1570	4663	3213	2634	4509	1643	2907	1341	1340	3818	526	1872	4185	3664	2259	805	1743	1787	3430	3531	3633	929	1224	1815	268	3193	2614	3336	3537	761	2728	519	1103	4076	1938	1915	617	1131	699	3271	220	1133	1907	2487	3998	1350	1296	1832	4179	3635	2917	4263	2334	2995	2115	1148	1017	526	2432	4501	2870	142	1630	3010	2329	3234	2733	1641	1218	3900	1885	955	256	3462	1099	1506	1956	1391	3924	3080	4327	4252	1451	3292	3207	2334	3102	
1599	1421	360	2184	1375	1652	1863	3258	2937	0	2227	477	1368	1036	1666	2270	2790	671	2099	1931	3176	2314	1603	1577	2438	1093	2514	935	2009	2311	1217	1390	3668	602	3783	3682	1737	1253	2740	3567	2332	624	894	2297	765	3385	2199	2245	3907	2946	3192	3986	3156	3683	2718	1828	2858	2410	2239	3323	1703	1916	1244	698	2991	1668	1262	973	4060	1996	1923	2438	3634	2030	1110	3050	1424	91	1143	734	694	1367	2930	1595	3383	2952	3136	3639	3738	2961	991	1626	1554	1182	1402	1408	3631	1526	3207	4267	166	
2147	1594	1938	3031	2121	3774	772	3430	918	2227	0	2693	3357	1740	1348	4222	3294	1806	4057	732	3183	532	823	3387	440	1136	3957	2841	1363	955	1182	920	3746	2790	3936	1466	546	1367	654	3533	1750	2529	2704	872	1878	1224	214	3791	1862	1320	973	1787	929	3630	732	768	1275	1644	3731	1211	941	1788	3434	2916	3128	3735	1434	2536	2038	1069	510	440	1993	4026	1977	1059	1225	2310	1945	2675	2206	860	855	3454	1521	1578	1019	3761	1511	1041	1247	601	3459	2673	3626	3442	1481	2380	3426	2266	2392	
1751	1843	824	2151	1525	1325	2279	3512	3414	477	2693	0	1175	1450	2112	2024	3003	1011	1860	2349	3463	2749	2080	1470	2914	1564	2479	679	2342	2781	1691	1831	3921	153	4018	4153	2212	1710	3216	3845	2614	520	722	2769	1047	3860	2655	2192	4331	3334	3662	4460	3622	3960	3196	2304	3244	2714	2207	3763	2175	2315	769	223	3266	1385	1609	1131	4478	2460	2400	2914	4001	1772	1310	3527	1886	409	1508	749	989	1834	3371	1457	3788	3409	3612	3885	4203	3382	1466	2095	1394	1311	934	996	4075	1602	3455	4680	313	
2910	1995	1490	3312	2682	510	3162	2881	3868	1368	3357	1175	0	1678	2327	906	2310	2039	735	3225	2928	3566	2582	368	3444	2268	1377	1795	3373	3106	2185	2660	3266	1254	3311	4729	2816	2059	3733	3258	3700	1695	1876	3126	2125	4370	3386	1082	5159	4267	4262	4989	4251	3364	3666	2751	4182	3778	1124	4539	2577	2282	1322	1104	2708	398	2627	879	5322	2749	2936	3443	4971	680	2443	3951	2240	1283	1556	695	1154	2549	4152	309	4677	3562	4104	3214	4827	4228	2146	2778	229	852	1112	1816	4829	2775	2812	5539	1267	
2247	394	696	3018	2061	2147	1771	2364	2190	1036	1740	1450	1678	0	690	2501	1986	1268	2340	1817	2233	2056	927	1657	1772	844	2254	1967	2204	1443	570	1284	2764	1598	2905	3055	1197	384	2058	2630	2625	1640	1908	1455	1421	2692	1813	2065	3595	2847	2597	3311	2594	2746	1987	1075	2772	2635	2012	2950	899	880	2193	1638	2073	2073	1581	813	3767	1091	1278	1772	3568	2322	1779	2275	562	1066	242	1058	556	1059	2579	1732	3184	1990	2426	2747	3163	2709	741	1220	1746	934	2254	2433	3220	2290	2325	3992	1164	
2556	333	1307	3406	2411	2812	1675	2191	1570	1666	1348	2112	2327	690	0	3096	1972	1698	2944	1696	1986	1793	592	2251	1233	982	2657	2563	2234	781	592	1306	2552	2254	2725	2476	886	423	1484	2371	2675	2225	2481	811	1843	2086	1489	2524	3187	2618	2051	2701	2071	2480	1385	580	2557	2640	2452	2530	411	485	2868	2310	1883	2725	1791	1448	3366	426	837	1233	3320	2940	2151	1637	306	1712	772	1741	1243	1020	2198	2337	2867	1303	1819	2553	2610	2386	956	1026	2365	1515	2942	3074	2764	2667	2173	3595	1811	
3775	2766	2393	4091	3549	763	4064	3083	4663	2270	4222	2024	906	2501	3096	0	2514	2940	171	4126	3213	4457	3425	846	4272	3158	1130	2569	4277	3876	3041	3559	3413	2071	3404	5551	3677	2885	4552	3470	4598	2534	2675	3906	3019	5176	4265	932	6045	5171	5097	5793	5095	3560	4470	3573	5085	4680	1031	5417	3393	2952	1917	1902	2994	646	3531	1690	6211	3521	3778	4271	5876	254	3323	4733	3058	2183	2337	1595	2020	3435	5033	769	5574	4245	4908	3349	5663	5121	3035	3656	765	1583	1603	2426	5701	3618	3008	6430	2159	
4223	1835	2559	4947	4028	2762	3625	578	3213	2790	3294	3003	2310	1986	1972	2514	0	3224	2450	3654	713	3762	2561	1978	3076	2786	1477	3665	4140	2472	2416	3197	956	3149	1021	4126	2858	2158	3245	964	4575	3399	3663	2545	3374	3702	3452	1589	5065	4587	3806	4245	3860	1063	3104	2533	4528	4563	1488	4416	2379	1506	3520	3087	508	2589	3563	1872	5246	2236	2791	3076	5283	2526	3743	3211	2196	2767	1764	2269	2097	2928	4121	2074	4811	2410	3462	907	4310	4334	2703	2986	2158	1699	3390	3941	4606	4239	505	5474	2838	
1008	1566	693	1751	804	2302	1285	3629	2634	671	1806	1011	2039	1268	1698	2940	3224	0	2770	1356	3500	1771	1399	2240	2110	800	3143	1036	1346	2155	1121	890	4031	1061	4169	3266	1415	1287	2402	3898	1661	726	904	2117	153	3022	1725	2885	3332	2323	2774	3592	2719	4013	2416	1634	2233	1740	2870	2786	1570	2079	1672	1219	3340	2331	602	1553	3476	1908	1638	2109	2992	2699	519	2762	1399	757	1467	1393	1202	993	2397	2262	2780	2862	2795	4013	3289	2386	767	1244	2224	1763	1915	1637	3102	1022	3589	3674	787	
3611	2613	2222	3941	3384	630	3893	3024	4509	2099	4057	1860	735	2340	2944	171	2450	2770	0	3956	3139	4288	3262	693	4112	2989	1124	2416	4107	3725	2876	3389	3366	1911	3366	5393	3512	2725	4394	3411	4428	2372	2520	3754	2849	5020	4098	892	5877	5000	4937	5638	4934	3504	4315	3414	4915	4509	986	5250	3235	2815	1786	1744	2919	494	3360	1528	6042	3370	3616	4112	5705	119	3156	4581	2899	2013	2181	1425	1853	3267	4866	610	5405	4109	4753	3304	5503	4952	2866	3489	598	1429	1481	2297	5535	3457	2949	6261	1990	
1449	1830	1736	2317	1457	3573	71	3884	1643	1931	732	2349	3225	1817	1696	4126	3654	1356	3956	0	3667	430	1106	3334	1169	996	4062	2339	639	1588	1271	568	4234	2413	4413	2025	834	1523	1375	4040	1052	2066	2189	1511	1378	1877	541	3854	1981	1049	1555	2370	1474	4145	1464	1207	968	976	3810	1434	1312	2180	3027	2565	3576	3570	833	2509	2131	1575	996	1168	1767	3905	1369	1784	1459	2021	2056	2532	2140	759	1049	3383	1456	2272	1711	4240	2005	1033	1116	670	3369	2686	3269	2944	1752	1703	3868	2337	2082	
4461	1968	2891	5251	4286	3405	3651	298	2907	3176	3183	3463	2928	2233	1986	3213	713	3500	3139	3667	0	3693	2565	2621	2886	2926	2190	4095	4220	2266	2532	3289	568	3615	753	3774	2835	2289	2995	398	4662	3799	4069	2348	3653	3355	3369	2295	4830	4503	3523	3843	3594	513	2842	2472	4455	4624	2193	4202	2355	1505	4057	3580	222	3238	3737	2354	5009	2122	2715	2886	5164	3209	4007	2876	2267	3171	2053	2770	2494	3005	3953	2720	4657	2005	3141	578	3977	4196	2867	3001	2800	2216	3966	4440	4350	4521	341	5233	3254	
1850	1991	2086	2694	1876	3938	500	3932	1341	2314	532	2749	3566	2056	1793	4457	3762	1771	4288	430	3693	0	1214	3645	947	1299	4309	2767	941	1486	1487	924	4258	2821	4446	1609	912	1716	1077	4049	1273	2488	2617	1403	1802	1497	327	4119	1598	825	1153	1956	1063	4149	1196	1234	767	1148	4068	1016	1383	2259	3443	2968	3627	3923	1263	2804	1758	1571	982	946	1533	4245	1798	1480	1611	2403	2284	2871	2446	1025	626	3702	1129	2099	1363	4271	1578	663	1422	836	3694	2965	3675	3372	1332	2114	3924	1973	2471	
2107	781	1264	2988	1995	3025	1087	2778	1340	1603	823	2080	2582	927	592	3425	2561	1399	3262	1106	2565	1214	0	2583	868	599	3135	2388	1664	756	406	774	3132	2201	3309	2151	303	547	1165	2943	2105	2050	2277	721	1523	1812	928	2968	2685	2038	1680	2426	1672	3050	1123	236	1974	2060	2908	2034	220	1075	2847	2298	2471	2969	1319	1735	2861	550	354	867	2747	3239	1765	1448	405	1673	1124	1919	1429	496	1674	2655	2315	1469	1553	3136	2245	1834	649	437	2666	1860	2987	2955	2296	2261	2762	3088	1767	
3162	1921	1624	3621	2935	786	3275	2554	3818	1577	3387	1470	368	1657	2251	846	1978	2240	693	3334	2621	3645	2583	0	3426	2349	1024	2119	3543	3032	2205	2766	2930	1568	2967	4705	2841	2041	3705	2935	3895	1986	2187	3061	2342	4329	3439	731	5223	4383	4252	4947	4252	3038	3624	2728	4300	3960	763	4588	2547	2132	1688	1432	2399	618	2804	851	5391	2677	2935	3426	5096	698	2681	3889	2213	1500	1490	847	1200	2620	4208	102	4770	3426	4062	2876	4818	4308	2226	2831	181	737	1478	2177	4867	3050	2483	5612	1505	
2557	1535	2115	3447	2514	3892	1204	3149	526	2438	440	2914	3444	1772	1233	4272	3076	2110	4112	1169	2886	947	868	3426	0	1359	3890	3142	1803	620	1273	1262	3438	3026	3635	1285	707	1388	302	3215	2189	2816	3014	540	2202	949	650	3753	1991	1667	827	1560	839	3306	314	698	1636	2080	3683	1340	880	1600	3674	3136	2855	3834	1815	2585	2172	857	520	1	2287	4094	2347	660	1214	2514	1941	2786	2293	1118	1067	3503	1771	1154	698	3460	1392	1318	1449	866	3518	2693	3836	3733	1544	2778	3153	2400	2604	
1575	965	807	2434	1437	2656	943	3100	1872	1093	1136	1564	2268	844	982	3158	2786	800	2989	996	2926	1299	599	2349	1359	0	3069	1802	1364	1354	396	442	3483	1670	3642	2590	652	639	1660	3319	1792	1469	1685	1317	925	2300	1128	2858	2891	2043	2100	2896	2064	3431	1653	834	1963	1794	2815	2276	778	1431	2318	1787	2797	2631	815	1516	3054	1120	858	1359	2762	2946	1188	1994	677	1174	1087	1575	1150	284	1886	2404	2421	2065	2057	3475	2647	1963	123	536	2395	1690	2494	2382	2574	1698	3072	3272	1259	
4113	2369	2471	4628	3889	1638	4011	2018	4185	2514	3957	2479	1377	2254	2657	1130	1477	3143	1124	4062	2190	4309	3135	1024	3890	3069	0	3139	4373	3380	2822	3509	2315	2585	2289	5110	3428	2600	4133	2398	4758	2986	3200	3432	3263	4703	4054	294	5819	5100	4705	5300	4728	2479	4022	3217	5023	4801	276	5166	3034	2357	2693	2454	1982	1457	3661	1602	5996	3053	3460	3890	5821	1230	3621	4224	2732	2448	2026	1788	1975	3309	4810	1067	5435	3578	4440	2248	5258	4957	2952	3473	1151	1400	2449	3191	5414	4027	1942	6223	2472	
1336	2344	1274	1525	1137	1818	2268	4160	3664	935	2841	679	1795	1967	2563	2569	3665	1036	2416	2339	4095	2767	2388	2119	3142	1802	3139	0	2147	3135	2049	1922	4571	555	4675	4298	2441	2142	3436	4482	2316	341	158	3107	971	4058	2753	2848	4274	3207	3807	4626	3749	4598	3445	2624	3116	2448	2870	3770	2531	2847	802	691	3904	1924	1512	1796	4403	2852	2658	3141	3812	2315	1033	3790	2296	926	2078	1428	1600	2024	3388	2093	3690	3816	3830	4538	4313	3341	1739	2278	2022	1984	1129	606	4089	1110	4106	4586	840	
982	2306	1923	1769	1076	3647	619	4420	2259	2009	1363	2342	3373	2204	2234	4277	4140	1346	4107	639	4220	941	1664	3543	1803	1364	4373	2147	0	2218	1724	944	4786	2367	4957	2519	1429	1982	1991	4603	441	1944	1989	2143	1295	2437	1161	4138	2166	1070	2085	2868	1988	4711	2091	1804	981	432	4108	1762	1882	2717	2914	2535	4113	3675	747	2776	2280	2175	1616	1802	1672	4040	1114	2400	1963	2097	2445	2703	2400	1220	1435	3576	1562	2909	2301	4786	2456	1290	1462	1235	3546	2973	3199	2725	2073	1267	4397	2451	2133	
2814	1114	1957	3705	2723	3586	1600	2529	805	2311	955	2781	3106	1443	781	3876	2472	2155	3725	1588	2266	1486	756	3032	620	1354	3380	3135	2218	0	1097	1457	2820	2913	3016	1730	830	1092	778	2599	2639	2796	3028	84	2277	1324	1161	3271	2596	2261	1349	1931	1393	2692	648	521	2223	2556	3193	1952	610	1035	3550	2993	2236	3503	2029	2227	2777	357	611	621	2902	3721	2506	859	907	2373	1552	2500	1998	1214	1687	3118	2391	726	1060	2840	1885	1933	1400	1043	3146	2296	3659	3692	2134	2990	2533	3004	2470	
1966	583	869	2815	1819	2622	1231	2711	1743	1217	1182	1691	2185	570	592	3041	2416	1121	2876	1271	2532	1487	406	2205	1273	396	2822	2049	1724	1097	0	781	3090	1818	3253	2554	636	258	1571	2924	2160	1709	1951	1080	1262	2218	1244	2635	3028	2285	2080	2832	2066	3036	1527	615	2212	2147	2582	2386	487	1035	2460	1906	2407	2570	1211	1354	3199	803	756	1273	3005	2849	1560	1847	286	1282	797	1516	1031	517	2012	2273	2614	1767	1958	3085	2643	2138	365	651	2278	1496	2589	2596	2663	2076	2685	3424	1378	
1356	1363	1171	2249	1275	3018	509	3481	1787	1390	920	1831	2660	1284	1306	3559	3197	890	3389	568	3289	924	774	2766	1262	442	3509	1922	944	1457	781	0	3853	1911	4020	2376	631	1039	1540	3676	1381	1616	1784	1398	958	2143	837	3295	2520	1617	1885	2704	1829	3786	1576	964	1534	1367	3254	1934	993	1784	2545	2052	3175	3008	574	1945	2677	1319	861	1261	2332	3339	1087	1922	1024	1479	1526	1965	1573	287	1541	2815	2017	2183	1927	3850	2400	1577	557	421	2801	2125	2762	2525	2245	1543	3457	2888	1548	
5005	2520	3402	5778	4824	3712	4219	410	3430	3668	3746	3921	3266	2764	2552	3413	956	4031	3366	4234	568	4258	3132	2930	3438	3483	2315	4571	4786	2820	3090	3853	0	4070	205	4271	3403	2844	3534	247	5227	4288	4556	2902	4184	3857	3933	2482	5362	5065	4047	4315	4123	224	3378	3039	5019	5191	2384	4743	2923	2069	4468	4020	691	3537	4291	2794	5541	2688	3281	3439	5721	3450	4543	3388	2829	3656	2570	3202	2977	3569	4505	3025	5209	2503	3655	73	4480	4753	3420	3569	3110	2634	4345	4878	4879	5053	467	5762	3734	
1718	1990	958	2059	1496	1347	2343	3661	3531	602	2790	153	1254	1598	2254	2071	3149	1061	1911	2413	3615	2821	2201	1568	3026	1670	2585	555	2367	2913	1818	1911	4070	0	4165	4254	2321	1848	3328	3996	2616	467	622	2898	1075	3969	2742	2295	4393	3378	3761	4564	3718	4111	3312	2428	3288	2725	2315	3837	2304	2466	648	175	3417	1426	1648	1278	4537	2596	2515	3026	4034	1817	1302	3646	2023	544	1660	887	1143	1933	3446	1546	3840	3548	3724	4034	4297	3445	1577	2195	1478	1454	855	843	4151	1547	3604	4735	445	
5151	2678	3528	5912	4966	3743	4396	543	3633	3783	3936	4018	3311	2905	2725	3404	1021	4169	3366	4413	753	4446	3309	2967	3635	3642	2289	4675	4957	3016	3253	4020	205	4165	0	4476	3584	3003	3734	451	5398	4400	4666	3098	4321	4062	4122	2476	5564	5256	4250	4520	4325	410	3579	3223	5208	5365	2381	4943	3102	2240	4540	4107	846	3564	4448	2887	5743	2875	3467	3635	5916	3455	4683	3593	2997	3767	2704	3288	3090	3738	4702	3058	5406	2707	3859	176	4684	4947	3576	3746	3145	2718	4403	4962	5082	5191	581	5965	3842	
3458	2795	3377	4288	3482	5175	2090	4065	929	3682	1466	4153	4729	3055	2476	5551	4126	3266	5393	2025	3774	1609	2151	4705	1285	2590	5110	4298	2519	1730	2554	2376	4271	4254	4476	0	1952	2672	999	4028	2759	3991	4157	1679	3330	423	1548	4995	1273	1772	493	349	554	4096	1092	1980	1809	2598	4919	939	2158	2761	4899	4377	3804	5118	2840	3868	1422	2062	1798	1285	2024	5377	3385	915	2494	3763	3215	4070	3578	2321	1111	4783	1504	1771	673	4310	226	1351	2694	2059	4801	3969	5084	4902	819	3723	4087	1607	3849	
1986	1082	1425	2879	1904	3241	826	3058	1224	1737	546	2212	2816	1197	886	3677	2858	1415	3512	834	2835	912	303	2841	707	652	3428	2441	1429	830	636	631	3403	2321	3584	1952	0	829	1008	3207	1865	2112	2317	769	1517	1649	628	3254	2399	1736	1467	2250	1443	3311	1005	376	1673	1805	3196	1753	484	1363	2969	2434	2751	3197	1204	1991	2573	746	232	707	2445	3483	1703	1349	704	1815	1407	2138	1663	422	1385	2909	2015	1554	1404	3410	2025	1534	746	213	2914	2128	3137	3028	2026	2172	3045	2799	1903	
2186	327	893	3016	2027	2519	1486	2461	1815	1253	1367	1710	2059	384	423	2885	2158	1287	2725	1523	2289	1716	547	2041	1388	639	2600	2142	1982	1092	258	1039	2844	1848	3003	2672	829	0	1675	2683	2417	1803	2058	1095	1435	2312	1455	2425	3227	2525	2212	2931	2210	2796	1609	692	2454	2406	2367	2578	520	806	2473	1915	2158	2451	1449	1197	3402	754	895	1388	3244	2706	1758	1905	187	1305	578	1420	918	774	2214	2116	2837	1700	2047	2836	2778	2358	580	884	2130	1314	2569	2659	2843	2277	2433	3628	1404	
2801	1799	2417	3683	2771	4187	1420	3270	268	2740	654	3216	3733	2058	1484	4552	3245	2402	4394	1375	2995	1077	1165	3705	302	1660	4133	3436	1991	778	1571	1540	3534	3328	3734	999	1008	1675	0	3302	2349	3112	3306	713	2490	647	835	4007	1836	1689	574	1261	616	3386	158	983	1675	2225	3934	1210	1159	1807	3976	3438	2985	4125	2079	2869	2016	1080	821	303	2246	4379	2618	409	1496	2816	2216	3082	2586	1414	1016	3784	1707	1121	397	3561	1126	1296	1751	1158	3802	2970	4138	4029	1364	3032	3280	2241	2906	
4858	2363	3286	5648	4684	3720	4027	387	3193	3567	3533	3845	3258	2630	2371	3470	964	3898	3411	4040	398	4049	2943	2935	3215	3319	2398	4482	4603	2599	2924	3676	247	3996	451	4028	3207	2683	3302	0	5044	4190	4459	2682	4050	3615	3723	2540	5128	4851	3810	4069	3888	117	3146	2839	4807	5003	2440	4512	2730	1893	4422	3956	579	3549	4131	2727	5306	2482	3076	3215	5501	3489	4404	3149	2656	3560	2449	3141	2883	3391	4280	3032	4984	2261	3416	299	4238	4531	3262	3378	3115	2580	4317	4815	4643	4918	462	5526	3642	
1013	2743	2291	1614	1183	3936	1044	4860	2614	2332	1750	2614	3700	2625	2675	4598	4575	1661	4428	1052	4662	1273	2105	3895	2189	1792	4758	2316	441	2639	2160	1381	5227	2616	5398	2759	1865	2417	2349	5044	0	2167	2161	2563	1581	2733	1539	4515	2199	1103	2364	3104	2258	5153	2462	2240	1029	174	4490	1915	2322	3158	3110	2790	4554	3980	1098	3157	2282	2611	2044	2189	1543	4354	1317	2753	2403	2417	2865	3049	2784	1661	1648	3921	1584	3318	2627	5227	2664	1440	1885	1675	3885	3359	3417	2856	2204	1294	4837	2422	2439	
1252	2012	944	1642	1030	1814	1994	3878	3336	624	2529	520	1695	1640	2225	2534	3399	726	2372	2066	3799	2488	2050	1986	2816	1469	2986	341	1944	2796	1709	1616	4288	467	4400	3991	2112	1803	3112	4190	2167	0	271	2769	689	3740	2452	2702	4026	2982	3499	4315	3445	4306	3117	2286	2891	2283	2712	3500	2191	2518	974	641	3613	1890	1258	1548	4162	2511	2326	2816	3616	2280	851	3460	1955	633	1764	1218	1311	1698	3113	1976	3456	3476	3508	4258	4015	3085	1402	1956	1914	1747	1256	917	3817	1085	3826	4353	563	
1186	2276	1212	1436	983	1932	2118	4146	3537	894	2704	722	1876	1908	2481	2675	3663	904	2520	2189	4069	2617	2277	2187	3014	1685	3200	158	1989	3028	1951	1784	4556	622	4666	4157	2317	2058	3306	4459	2161	271	0	2997	827	3924	2610	2912	4118	3049	3667	4487	3606	4576	3320	2513	2959	2291	2929	3618	2428	2785	953	778	3883	2029	1360	1804	4246	2754	2537	3013	3654	2421	875	3665	2206	900	2035	1456	1579	1897	3237	2168	3533	3718	3699	4525	4168	3187	1629	2148	2100	1999	1274	755	3937	970	4093	4429	825	
2754	1140	1946	3647	2668	3601	1525	2609	761	2297	872	2769	3126	1455	811	3906	2545	2117	3754	1511	2348	1403	721	3061	540	1317	3432	3107	2143	84	1080	1398	2902	2898	3098	1679	769	1095	713	2682	2563	2769	2997	0	2237	1280	1078	3317	2521	2177	1286	1892	1326	2775	590	484	2139	2477	3240	1875	595	1095	3538	2983	2315	3522	1971	2248	2702	387	544	540	2819	3748	2457	828	908	2360	1576	2511	2007	1163	1606	3146	2309	786	1013	2922	1828	1850	1369	981	3172	2325	3655	3669	2063	2936	2613	2930	2457	
867	1718	832	1599	657	2360	1306	3782	2728	765	1878	1047	2125	1421	1843	3019	3374	153	2849	1378	3653	1802	1523	2342	2202	925	3263	971	1295	2277	1262	958	4184	1075	4321	3330	1517	1435	2490	4050	1581	689	827	2237	0	3100	1783	3000	3339	2306	2839	3660	2779	4166	2512	1756	2215	1672	2989	2811	1701	2230	1658	1242	3493	2400	575	1682	3477	2041	1745	2202	2959	2774	373	2858	1543	844	1618	1497	1338	1095	2426	2359	2774	2990	2880	4165	3343	2396	903	1337	2317	1893	1921	1576	3130	870	3740	3670	859	
3327	2411	3064	4187	3324	4829	1934	3644	519	3385	1224	3860	4370	2692	2086	5176	3702	3022	5020	1877	3355	1497	1812	4329	949	2300	4703	4058	2437	1324	2218	2143	3857	3969	4062	423	1649	2312	647	3615	2733	3740	3924	1280	3100	0	1354	4595	1594	1858	382	619	498	3685	706	1622	1875	2586	4517	1116	1793	2349	4618	4083	3382	4763	2651	3501	1759	1666	1468	949	2240	5009	3197	492	2130	3462	2839	3725	3227	2045	1143	4411	1694	1355	268	3894	622	1424	2395	1785	4432	3592	4784	4656	1108	3576	3666	1962	3551	
1980	1708	1934	2855	1970	3784	589	3610	1103	2199	214	2655	3386	1813	1489	4265	3452	1725	4098	541	3369	327	928	3439	650	1128	4054	2753	1161	1161	1244	837	3933	2742	4122	1548	628	1455	835	3723	1539	2452	2610	1078	1783	1354	0	3876	1785	1139	1060	1882	996	3822	930	920	1087	1431	3820	1153	1078	1947	3380	2877	3306	3756	1300	2590	1956	1247	663	649	1832	4061	1847	1244	1331	2285	2031	2696	2245	845	770	3501	1388	1791	1174	3946	1563	906	1247	609	3500	2739	3588	3357	1446	2224	3603	2180	2362	
3844	2220	2224	4342	3618	1361	3800	2154	4076	2245	3791	2192	1082	2065	2524	932	1589	2885	892	3854	2295	4119	2968	731	3753	2858	294	2848	4138	3271	2635	3295	2482	2295	2476	4995	3254	2425	4007	2540	4515	2702	2912	3317	3000	4595	3876	0	5652	4898	4575	5201	4592	2629	3903	3068	4819	4564	102	5002	2883	2268	2399	2162	2078	1178	3417	1362	5827	2933	3303	3753	5618	988	3354	4125	2570	2177	1847	1514	1738	3107	4639	773	5248	3525	4329	2418	5133	4773	2739	3284	857	1171	2160	2897	5260	3750	2079	6053	2196	
3137	3453	3684	3812	3242	5536	2052	5105	1938	3907	1862	4331	5159	3595	3187	6045	5065	3332	5877	1981	4830	1598	2685	5223	1991	2891	5819	4274	2166	2596	3028	2520	5362	4393	5564	1273	2399	3227	1836	5128	2199	4026	4118	2521	3339	1594	1785	5652	0	1107	1324	1481	1240	5208	1988	2611	1192	2025	5593	657	2791	3587	4997	4546	4821	5520	2769	4375	181	2843	2361	1990	902	5837	3252	1999	3087	3997	3806	4465	4027	2611	1016	5284	615	2889	1734	5392	1053	948	3013	2392	5281	4523	5248	4868	491	3426	5116	410	4062	
2031	2810	2778	2717	2144	4597	1109	4747	1915	2946	1320	3334	4267	2847	2618	5171	4587	2323	5000	1049	4503	825	2038	4383	1667	2043	5100	3207	1070	2261	2285	1617	5065	3378	5256	1772	1736	2525	1689	4851	1103	2982	3049	2177	2306	1858	1139	4898	1107	0	1476	2101	1360	4948	1838	2057	91	929	4852	855	2209	3083	3956	3540	4445	4603	1731	3558	1211	2385	1802	1666	721	4946	2175	2035	2430	3037	3081	3575	3189	1791	718	4432	495	2799	1835	5080	1637	433	2164	1641	4415	3732	4227	3792	1116	2320	4742	1382	3089	
2999	2360	2891	3846	3012	4701	1617	3804	617	3192	973	3662	4262	2597	2051	5097	3806	2774	4937	1555	3523	1153	1680	4252	827	2100	4705	3807	2085	1349	2080	1885	4047	3761	4250	493	1467	2212	574	3810	2364	3499	3667	1286	2839	382	1060	4575	1324	1476	0	822	117	3888	704	1525	1493	2213	4503	770	1707	2381	4406	3885	3527	4649	2358	3409	1499	1653	1326	827	1887	4917	2904	677	2040	3273	2769	3595	3108	1829	761	4328	1338	1565	417	4078	566	1043	2205	1567	4342	3520	4593	4410	835	3258	3818	1717	3358	
3806	3028	3672	4637	3827	5447	2433	4138	1131	3986	1787	4460	4989	3311	2701	5793	4245	3592	5638	2370	3843	1956	2426	4947	1560	2896	5300	4626	2868	1931	2832	2704	4315	4564	4520	349	2250	2931	1261	4069	3104	4315	4487	1892	3660	619	1882	5201	1481	2101	822	0	896	4128	1325	2240	2143	2943	5121	1254	2412	2943	5211	4683	3892	5382	3179	4120	1605	2278	2080	1560	2297	5628	3725	1076	2749	4065	3457	4342	3845	2633	1456	5029	1799	1845	886	4358	472	1687	2995	2371	5051	4210	5387	5228	1080	4069	4166	1762	4152	
2913	2373	2862	3753	2931	4683	1537	3872	699	3156	929	3622	4251	2594	2071	5095	3860	2719	4934	1474	3594	1063	1672	4252	839	2064	4728	3749	1988	1393	2066	1829	4123	3718	4325	554	1443	2210	616	3888	2258	3445	3606	1326	2779	498	996	4592	1240	1360	117	896	0	3967	758	1530	1377	2105	4522	663	1714	2418	4361	3846	3592	4636	2286	3406	1418	1683	1318	839	1776	4911	2831	773	2043	3238	2774	3579	3097	1789	646	4326	1226	1653	520	4153	583	927	2173	1529	4337	3523	4555	4353	757	3174	3885	1639	3321	
4973	2477	3403	5764	4799	3823	4133	485	3271	3683	3630	3960	3364	2746	2480	3560	1063	4013	3504	4145	513	4149	3050	3038	3306	3431	2479	4598	4711	2692	3036	3786	224	4111	410	4096	3311	2796	3386	117	5153	4306	4576	2775	4166	3685	3822	2629	5208	4948	3888	4128	3967	0	3230	2943	4904	5109	2529	4596	2836	2004	4534	4070	695	3650	4244	2842	5385	2584	3177	3306	5593	3584	4519	3223	2767	3677	2566	3255	2999	3500	4370	3135	5074	2333	3491	294	4307	4623	3376	3485	3219	2693	4427	4929	4722	5034	557	5605	3758	
2868	1708	2386	3757	2827	4127	1504	3118	220	2718	732	3196	3666	1987	1385	4470	3104	2416	4315	1464	2842	1196	1123	3624	314	1653	4022	3445	2091	648	1527	1576	3378	3312	3579	1092	1005	1609	158	3146	2462	3117	3320	590	2512	706	930	3903	1988	1838	704	1325	758	3230	0	921	1821	2343	3828	1366	1089	1682	3960	3416	2835	4059	2129	2795	2168	970	797	315	2403	4303	2661	347	1425	2792	2134	3025	2525	1423	1172	3705	1865	966	439	3406	1238	1450	1736	1175	3726	2887	4110	4033	1512	3091	3129	2392	2884	
2314	849	1483	3202	2213	3207	1201	2702	1133	1828	768	2304	2751	1075	580	3573	2533	1634	3414	1207	2472	1234	236	2728	698	834	3217	2624	1804	521	615	964	3039	2428	3223	1980	376	692	983	2839	2240	2286	2513	484	1756	1622	920	3068	2611	2057	1525	2240	1530	2943	921	0	2001	2180	3001	1955	185	1027	3072	2520	2397	3143	1526	1888	2790	371	259	698	2751	3397	1989	1233	515	1895	1244	2104	1605	703	1618	2805	2289	1241	1358	3048	2091	1808	885	574	2821	1995	3204	3189	2197	2480	2693	3018	1991	
1945	2742	2692	2641	2056	4509	1026	4697	1907	2858	1275	3244	4182	2772	2557	5085	4528	2233	4915	968	4455	767	1974	4300	1636	1963	5023	3116	981	2223	2212	1534	5019	3288	5208	1809	1673	2454	1675	4807	1029	2891	2959	2139	2215	1875	1087	4819	1192	91	1493	2143	1377	4904	1821	2001	0	855	4774	906	2149	3026	3866	3450	4393	4516	1641	3477	1299	2334	1748	1636	799	4860	2085	2031	2363	2949	3007	3490	3107	1715	731	4348	582	2776	1839	5033	1683	459	2084	1572	4331	3653	4136	3702	1180	2234	4690	1472	3001	
1165	2728	2345	1789	1323	4031	979	4830	2487	2410	1644	2714	3778	2635	2640	4680	4563	1740	4509	976	4624	1148	2060	3960	2080	1794	4801	2448	432	2556	2147	1367	5191	2725	5365	2598	1805	2406	2225	5003	174	2283	2291	2477	1672	2586	1431	4564	2025	929	2213	2943	2105	5109	2343	2180	855	0	4536	1745	2273	3125	3236	2897	4523	4069	1156	3203	2110	2549	1971	2080	1385	4439	1433	2625	2377	2497	2877	3116	2827	1637	1488	3990	1410	3220	2489	5193	2499	1272	1894	1624	3957	3401	3537	2999	2032	1451	4810	2253	2525	
3838	2152	2201	4354	3613	1431	3758	2054	3998	2239	3731	2207	1124	2012	2452	1031	1488	2870	986	3810	2193	4068	2908	763	3683	2815	276	2870	4108	3193	2582	3254	2384	2315	2381	4919	3196	2367	3934	2440	4490	2712	2929	3240	2989	4517	3820	102	5593	4852	4503	5121	4522	2529	3828	3001	4774	4536	0	4941	2817	2184	2446	2188	1976	1248	3393	1333	5768	2858	3240	3683	5572	1078	3346	4045	2507	2173	1789	1513	1708	3060	4580	817	5195	3436	4252	2321	5061	4719	2697	3232	904	1136	2216	2939	5196	3752	1978	5995	2196	
2742	2798	3078	3506	2811	4931	1505	4473	1350	3323	1211	3763	4539	2950	2530	5417	4416	2786	5250	1434	4202	1016	2034	4588	1340	2276	5166	3770	1762	1952	2386	1934	4743	3837	4943	939	1753	2578	1210	4512	1915	3500	3618	1875	2811	1116	1153	5002	657	855	770	1254	663	4596	1366	1955	906	1745	4941	0	2136	2933	4459	3983	4185	4907	2258	3738	836	2189	1706	1340	1124	5213	2776	1434	2434	3411	3157	3848	3397	1993	393	4652	580	2303	1183	4770	785	478	2396	1762	4652	3881	4691	4373	320	3024	4481	1066	3482	
2317	665	1351	3195	2199	3039	1297	2574	1296	1703	941	2175	2577	899	411	3393	2379	1570	3235	1312	2355	1383	220	2547	880	778	3034	2531	1882	610	487	993	2923	2304	3102	2158	484	520	1159	2730	2322	2191	2428	595	1701	1793	1078	2883	2791	2209	1707	2412	1714	2836	1089	185	2149	2273	2817	2136	0	879	2943	2388	2268	2970	1532	1710	2970	343	432	880	2910	3219	1961	1388	337	1766	1061	1938	1437	712	1794	2625	2458	1293	1528	2928	2273	1976	805	649	2643	1813	3062	3083	2381	2464	2561	3198	1863	
2992	516	1574	3819	2833	2789	2160	1705	1832	1916	1788	2315	2282	880	485	2952	1506	2079	2815	2180	1505	2259	1075	2132	1600	1431	2357	2847	2717	1035	1035	1784	2069	2466	2240	2761	1363	806	1807	1893	3158	2518	2785	1095	2230	2349	1947	2268	3587	3083	2381	2943	2418	2004	1682	1027	3026	3125	2184	2933	879	0	3036	2490	1398	2674	2246	1433	3768	744	1285	1600	3777	2830	2562	1868	763	1942	818	1802	1351	1500	2622	2227	3307	1294	2088	2069	2919	2829	1385	1510	2272	1431	3057	3306	3144	3081	1688	3997	2039	
2138	2586	1593	2233	1936	1156	2956	4066	4179	1244	3434	769	1322	2193	2868	1917	3520	1672	1786	3027	4057	3443	2847	1688	3674	2318	2693	802	2914	3550	2460	2545	4468	648	4540	4899	2969	2473	3976	4422	3110	974	953	3538	1658	4618	3380	2399	4997	3956	4406	5211	4361	4534	3960	3072	3866	3236	2446	4459	2943	3036	0	559	3848	1304	2231	1712	5135	3226	3163	3674	4585	1672	1806	4293	2652	1178	2218	1294	1685	2579	4069	1629	4429	4169	4373	4424	4939	4053	2225	2841	1543	1842	343	511	4775	1908	4002	5327	1081	
1893	2031	1038	2211	1670	1173	2495	3612	3635	698	2916	223	1104	1638	2310	1902	3087	1219	1744	2565	3580	2968	2298	1432	3136	1787	2454	691	2535	2993	1906	2052	4020	175	4107	4377	2434	1915	3438	3956	2790	641	778	2983	1242	4083	2877	2162	4546	3540	3885	4683	3846	4070	3416	2520	3450	2897	2188	3983	2388	2490	559	0	3377	1257	1811	1228	4692	2668	2621	3136	4201	1648	1476	3746	2094	625	1675	819	1146	2057	3591	1403	3999	3611	3834	3981	4426	3598	1688	2318	1331	1389	711	860	4295	1718	3553	4892	532	
4313	1833	2716	5089	4133	3184	3557	307	2917	2991	3128	3266	2708	2073	1883	2994	508	3340	2919	3576	222	3627	2471	2399	2855	2797	1982	3904	4113	2236	2407	3175	691	3417	846	3804	2751	2158	2985	579	4554	3613	3883	2315	3493	3382	3306	2078	4821	4445	3527	3892	3592	695	2835	2397	4393	4523	1976	4185	2268	1398	3848	3377	0	3017	3603	2149	5001	2060	2646	2855	5118	2988	3851	2896	2151	2983	1882	2564	2305	2893	3920	2499	4621	2047	3157	679	4000	4154	2732	2907	2579	2006	3751	4237	4347	4362	298	5227	3064	
3136	2393	1838	3447	2910	184	3504	3166	4263	1668	3735	1385	398	2073	2725	646	2589	2331	494	3570	3238	3923	2969	618	3834	2631	1457	1924	3675	3503	2570	3008	3537	1426	3564	5118	3197	2451	4125	3549	3980	1890	2029	3522	2400	4763	3756	1178	5520	4603	4649	5382	4636	3650	4059	3143	4516	4069	1248	4907	2970	2674	1304	1257	3017	0	2929	1277	5681	3146	3323	3833	5299	392	2692	4347	2634	1579	1953	1061	1541	2914	4518	518	5025	3957	4498	3480	5213	4583	2511	3150	440	1243	1017	1815	5201	2973	3094	5895	1544	
788	1771	1194	1677	703	2903	763	3905	2334	1262	1434	1609	2627	1581	1791	3531	3563	602	3360	833	3737	1263	1319	2804	1815	815	3661	1512	747	2029	1211	574	4291	1648	4448	2840	1204	1449	2079	4131	1098	1258	1360	1971	575	2651	1300	3417	2769	1731	2358	3179	2286	4244	2129	1526	1641	1156	3393	2258	1532	2246	2231	1811	3603	2929	0	2060	2905	1869	1435	1814	2392	3292	547	2472	1490	1351	1814	1961	1688	825	1879	2834	2199	2755	2453	4282	2832	1831	871	995	2802	2263	2495	2115	2578	970	3873	3097	1388	
2545	1116	871	3155	2327	1371	2453	2386	2995	973	2536	1131	879	813	1448	1690	1872	1553	1528	2509	2354	2804	1735	851	2585	1516	1602	1796	2776	2227	1354	1945	2794	1278	2887	3868	1991	1197	2869	2727	3157	1548	1804	2248	1682	3501	2590	1362	4375	3558	3409	4120	3406	2842	2795	1888	3477	3203	1333	3738	1710	1433	1712	1228	2149	1277	2060	0	4544	1870	2088	2585	4276	1509	2050	3074	1373	930	676	419	376	1780	3359	920	3931	2695	3234	2757	3975	3466	1394	1983	933	211	1666	2088	4017	2495	2327	4766	986	
3241	3630	3844	3889	3355	5694	2200	5286	2115	4060	2038	4478	5322	3767	3366	6211	5246	3476	6042	2131	5009	1758	2861	5391	2172	3054	5996	4403	2280	2777	3199	2677	5541	4537	5743	1422	2573	3402	2016	5306	2282	4162	4246	2702	3477	1759	1956	5827	181	1211	1499	1605	1418	5385	2168	2790	1299	2110	5768	836	2970	3768	5135	4692	5001	5681	2905	4544	0	3024	2539	2172	891	6001	3377	2173	3263	4150	3980	4628	4194	2776	1188	5451	718	3064	1907	5571	1198	1100	3177	2561	5447	4695	5391	4994	664	3530	5296	229	4213	
2656	757	1638	3536	2541	3230	1571	2363	1148	1996	1069	2460	2749	1091	426	3521	2236	1908	3370	1575	2122	1571	550	2677	857	1120	3053	2852	2175	357	803	1319	2688	2596	2875	2062	746	754	1080	2482	2611	2511	2754	387	2041	1666	1247	2933	2843	2385	1653	2278	1683	2584	970	371	2334	2549	2858	2189	343	744	3226	2668	2060	3146	1869	1870	3024	0	594	857	3062	3365	2304	1212	574	2053	1195	2149	1647	1046	1885	2762	2577	965	1399	2700	2205	2102	1141	943	2790	1941	3323	3392	2401	2806	2358	3253	2151	
2214	1092	1596	3108	2136	3378	1001	2950	1017	1923	510	2400	2936	1278	837	3778	2791	1638	3616	996	2715	982	354	2935	520	858	3460	2658	1616	611	756	861	3281	2515	3467	1798	232	895	821	3076	2044	2326	2537	544	1745	1468	663	3303	2361	1802	1326	2080	1318	3177	797	259	1748	1971	3240	1706	432	1285	3163	2621	2646	3323	1435	2088	2539	594	0	520	2493	3593	1935	1135	735	1997	1466	2272	1783	651	1362	3008	2030	1329	1214	3292	1891	1549	939	440	3019	2209	3318	3240	1957	2403	2942	2767	2089	
2557	1535	2115	3447	2513	3892	1203	3149	526	2438	440	2914	3443	1772	1233	4271	3076	2109	4112	1168	2886	946	867	3426	1	1359	3890	3141	1802	621	1273	1261	3439	3026	3635	1285	707	1388	303	3215	2189	2816	3013	540	2202	949	649	3753	1990	1666	827	1560	839	3306	315	698	1636	2080	3683	1340	880	1600	3674	3136	2855	3833	1814	2585	2172	857	520	0	2287	4094	2346	660	1214	2514	1941	2786	2293	1118	1067	3503	1771	1154	699	3460	1393	1318	1449	866	3518	2693	3835	3732	1544	2777	3153	2400	2604	
2551	3524	3484	3096	2702	5285	1823	5418	2432	3634	1993	4001	4971	3568	3320	5876	5283	2992	5705	1767	5164	1533	2747	5096	2287	2762	5821	3812	1672	2902	3005	2332	5721	4034	5916	2024	2445	3244	2246	5501	1543	3616	3654	2819	2959	2240	1832	5618	902	721	1887	2297	1776	5593	2403	2751	799	1385	5572	1124	2910	3777	4585	4201	5118	5299	2392	4276	891	3062	2493	2287	0	5648	2782	2532	3144	3724	3802	4281	3905	2512	1232	5143	550	3367	2294	5740	1832	969	2883	2360	5124	4452	4871	4377	1217	2835	5416	952	3771	
3524	2608	2169	3838	3297	516	3841	3102	4501	2030	4026	1772	680	2322	2940	254	2526	2699	119	3905	3209	4245	3239	698	4094	2946	1230	2315	4040	3721	2849	3339	3450	1817	3455	5377	3483	2706	4379	3489	4354	2280	2421	3748	2774	5009	4061	988	5837	4946	4917	5628	4911	3584	4303	3397	4860	4439	1078	5213	3219	2830	1672	1648	2988	392	3292	1509	6001	3365	3593	4094	5648	0	3074	4576	2883	1943	2172	1374	1820	3226	4828	606	5356	4124	4742	3389	5483	4907	2824	3452	577	1426	1365	2182	5502	3364	3028	6218	1915	
496	2056	1205	1258	285	2634	1301	4143	2870	1110	1977	1310	2443	1779	2151	3323	3743	519	3156	1369	4007	1798	1765	2681	2347	1188	3621	1033	1114	2506	1560	1087	4543	1302	4683	3385	1703	1758	2618	4404	1317	851	875	2457	373	3197	1847	3354	3252	2175	2904	3725	2831	4519	2661	1989	2085	1433	3346	2776	1961	2562	1806	1476	3851	2692	547	2050	3377	2304	1935	2346	2782	3074	0	3006	1846	1182	1984	1843	1710	1293	2405	2692	2661	3230	2996	4525	3373	2331	1195	1502	2644	2261	2104	1617	3095	519	4103	3556	1179	
3205	1968	2712	4090	3169	4422	1829	3163	142	3050	1059	3527	3951	2275	1637	4733	3211	2762	4581	1784	2876	1480	1448	3889	660	1994	4224	3790	2400	859	1847	1922	3388	3646	3593	915	1349	1905	409	3149	2753	3460	3665	828	2858	492	1244	4125	1999	2035	677	1076	773	3223	347	1233	2031	2625	4045	1434	1388	1868	4293	3746	2896	4347	2472	3074	2173	1212	1135	660	2532	4576	3006	0	1719	3121	2403	3325	2823	1768	1330	3973	1983	893	268	3423	1104	1620	2074	1522	3999	3152	4435	4375	1509	3431	3182	2388	3214	
2251	380	1065	3101	2106	2704	1429	2458	1630	1424	1225	1886	2240	562	306	3058	2196	1399	2899	1459	2267	1611	405	2213	1214	677	2732	2296	1963	907	286	1024	2829	2023	2997	2494	704	187	1496	2656	2403	1955	2206	908	1543	2130	1331	2570	3087	2430	2040	2749	2043	2767	1425	515	2363	2377	2507	2434	337	763	2652	2094	2151	2634	1490	1373	3263	574	735	1214	3144	2883	1846	1719	0	1479	732	1606	1104	742	2078	2290	2719	1529	1864	2826	2606	2237	651	797	2306	1480	2753	2825	2691	2362	2435	3491	1578	
1668	1455	415	2227	1442	1561	1953	3245	3010	91	2310	409	1283	1066	1712	2183	2767	757	2013	2021	3171	2403	1673	1500	2514	1174	2448	926	2097	2373	1282	1479	3656	544	3767	3763	1815	1305	2816	3560	2417	633	900	2360	844	3462	2285	2177	3997	3037	3273	4065	3238	3677	2792	1895	2949	2497	2173	3411	1766	1942	1178	625	2983	1579	1351	930	4150	2053	1997	2514	3724	1943	1182	3121	1479	0	1155	663	678	1451	3019	1515	3474	3004	3211	3625	3820	3050	1070	1709	1472	1136	1322	1368	3719	1583	3193	4357	100	
2461	440	838	3209	2268	2044	2011	2166	2329	1143	1945	1508	1556	242	772	2337	1764	1467	2181	2056	2053	2284	1124	1490	1941	1087	2026	2078	2445	1552	797	1526	2570	1660	2704	3215	1407	578	2216	2449	2865	1764	2035	1576	1618	2839	2031	1847	3806	3081	2769	3457	2774	2566	2134	1244	3007	2877	1789	3157	1061	818	2218	1675	1882	1953	1814	676	3980	1195	1466	1941	3802	2172	1984	2403	732	1155	0	999	533	1297	2792	1572	3409	2031	2572	2549	3334	2931	983	1447	1596	754	2243	2503	3420	2488	2123	4206	1248	
2331	1421	798	2856	2104	1106	2469	2795	3234	734	2675	749	695	1058	1741	1595	2269	1393	1425	2532	2770	2871	1919	847	2786	1575	1788	1428	2703	2500	1516	1965	3202	887	3288	4070	2138	1420	3082	3141	3049	1218	1456	2511	1497	3725	2696	1514	4465	3575	3595	4342	3579	3255	3025	2104	3490	3116	1513	3848	1938	1802	1294	819	2564	1061	1961	419	4628	2149	2272	2786	4281	1374	1843	3325	1606	663	999	0	503	1856	3460	874	3982	3027	3462	3162	4158	3533	1453	2089	845	570	1261	1676	4141	2239	2734	4844	684	
2205	929	510	2862	1991	1602	2082	2567	2733	694	2206	989	1154	556	1243	2020	2097	1202	1853	2140	2494	2446	1429	1200	2293	1150	1975	1600	2400	1998	1031	1573	2977	1143	3090	3578	1663	918	2586	2883	2784	1311	1579	2007	1338	3227	2245	1738	4027	3189	3108	3845	3097	2999	2525	1605	3107	2827	1708	3397	1437	1351	1685	1146	2305	1541	1688	376	4194	1647	1783	2293	3905	1820	1710	2823	1104	678	533	503	0	1421	3014	1257	3570	2537	2963	2947	3673	3109	1028	1636	1255	575	1715	1985	3683	2176	2515	4414	760	
1613	1093	1090	2498	1510	2940	716	3200	1641	1367	860	1834	2549	1059	1020	3435	2928	993	3267	759	3005	1025	496	2620	1118	284	3309	2024	1220	1214	517	287	3569	1933	3738	2321	422	774	1414	3391	1661	1698	1897	1163	1095	2045	845	3107	2611	1791	1829	2633	1789	3500	1423	703	1715	1637	3060	1993	712	1500	2579	2057	2893	2914	825	1780	2776	1046	651	1118	2512	3226	1293	1768	742	1451	1297	1856	1421	0	1604	2678	2151	1940	1810	3567	2371	1688	404	262	2671	1946	2766	2615	2290	1777	3177	2994	1532	
2402	2448	2687	3200	2456	4540	1120	4215	1218	2930	855	3371	4152	2579	2198	5033	4121	2397	4866	1049	3953	626	1674	4208	1067	1886	4810	3388	1435	1687	2012	1541	4505	3446	4702	1111	1385	2214	1016	4280	1648	3113	3237	1606	2426	1143	770	4639	1016	718	761	1456	646	4370	1172	1618	731	1488	4580	393	1794	2622	4069	3591	3920	4518	1879	3359	1188	1885	1362	1067	1232	4828	2405	1330	2078	3019	2792	3460	3014	1604	0	4271	704	2137	1119	4527	1024	291	2007	1378	4269	3507	4299	3993	706	2679	4218	1414	3089	
3168	2005	1663	3604	2940	688	3323	2650	3900	1595	3454	1457	309	1732	2337	769	2074	2262	610	3383	2720	3702	2655	102	3503	2404	1067	2093	3576	3118	2273	2815	3025	1546	3058	4783	2909	2116	3784	3032	3921	1976	2168	3146	2359	4411	3501	773	5284	4432	4328	5029	4326	3135	3705	2805	4348	3990	817	4652	2625	2227	1629	1403	2499	518	2834	920	5451	2762	3008	3503	5143	606	2692	3973	2290	1515	1572	874	1257	2678	4271	0	4824	3520	4143	2970	4894	4365	2281	2893	90	822	1406	2124	4934	3048	2579	5672	1513	
2526	3096	3189	3198	2638	5028	1522	4917	1885	3383	1521	3788	4677	3184	2867	5574	4811	2780	5405	1456	4657	1129	2315	4770	1771	2421	5435	3690	1562	2391	2614	2017	5209	3840	5406	1504	2015	2837	1707	4984	1584	3456	3533	2309	2774	1694	1388	5248	615	495	1338	1799	1226	5074	1865	2289	582	1410	5195	580	2458	3307	4429	3999	4621	5025	2199	3931	718	2577	2030	1771	550	5356	2661	1983	2719	3474	3409	3982	3570	2151	704	4824	0	2825	1743	5231	1328	482	2544	1963	4813	4095	4692	4279	732	2815	4919	898	3532	
3539	1608	2592	4432	3449	4064	2292	2298	955	2952	1578	3409	3562	1990	1303	4245	2410	2862	4109	2272	2005	2099	1469	3426	1154	2065	3578	3816	2909	726	1767	2183	2503	3548	2707	1771	1554	1700	1121	2261	3318	3476	3718	786	2990	1355	1791	3525	2889	2799	1565	1845	1653	2333	966	1241	2776	3220	3436	2303	1293	1294	4169	3611	2047	3957	2755	2695	3064	965	1329	1154	3367	4124	3230	893	1529	3004	2031	3027	2537	1940	2137	3520	2825	0	1160	2540	1977	2416	2098	1767	3563	2716	4244	4353	2400	3717	2323	3280	3103	
3155	2144	2811	4028	3138	4565	1763	3427	256	3136	1019	3612	4104	2426	1819	4908	3462	2795	4753	1711	3141	1363	1553	4062	698	2057	4440	3830	2301	1060	1958	1927	3655	3724	3859	673	1404	2047	397	3416	2627	3508	3699	1013	2880	268	1174	4329	1734	1835	417	886	520	3491	439	1358	1839	2489	4252	1183	1528	2088	4373	3834	3157	4498	2453	3234	1907	1399	1214	699	2294	4742	2996	268	1864	3211	2572	3462	2963	1810	1119	4143	1743	1160	0	3689	847	1409	2148	1552	4165	3325	4532	4425	1243	3395	3445	2121	3302	
4990	2511	3378	5758	4808	3657	4223	384	3462	3639	3761	3885	3214	2747	2553	3349	907	4013	3304	4240	578	4271	3136	2876	3460	3475	2248	4538	4786	2840	3085	3850	73	4034	176	4310	3410	2836	3561	299	5227	4258	4525	2922	4165	3894	3946	2418	5392	5080	4078	4358	4153	294	3406	3048	5033	5193	2321	4770	2928	2069	4424	3981	679	3480	4282	2757	5571	2700	3292	3460	5740	3389	4525	3423	2826	3625	2549	3162	2947	3567	4527	2970	5231	2540	3689	0	4517	4772	3411	3573	3056	2594	4297	4838	4910	5035	432	5793	3702	
3414	2922	3445	4223	3452	5263	2072	4265	1099	3738	1511	4203	4827	3163	2610	5663	4310	3289	5503	2005	3977	1578	2245	4818	1392	2647	5258	4313	2456	1885	2643	2400	4480	4297	4684	226	2025	2778	1126	4238	2664	4015	4168	1828	3343	622	1563	5133	1053	1637	566	472	583	4307	1238	2091	1683	2499	5061	785	2273	2919	4939	4426	4000	5213	2832	3975	1198	2205	1891	1393	1832	5483	3373	1104	2606	3820	3334	4158	3673	2371	1024	4894	1328	1977	847	4517	0	1232	2756	2112	4908	4086	5136	4918	617	3685	4286	1381	3903	
2272	2614	2746	3028	2350	4595	1103	4452	1506	2961	1041	3382	4228	2709	2386	5121	4334	2386	4952	1033	4196	663	1834	4308	1318	1963	4957	3341	1290	1933	2138	1577	4753	3445	4947	1351	1534	2358	1296	4531	1440	3085	3187	1850	2396	1424	906	4773	948	433	1043	1687	927	4623	1450	1808	459	1272	4719	478	1976	2829	4053	3598	4154	4583	1831	3466	1100	2102	1549	1318	969	4907	2331	1620	2237	3050	2931	3533	3109	1688	291	4365	482	2416	1409	4772	1232	0	2086	1489	4358	3625	4300	3941	783	2556	4452	1312	3114	
1608	900	691	2450	1456	2537	1062	3033	1956	991	1247	1466	2146	741	956	3035	2703	767	2866	1116	2867	1422	649	2226	1449	123	2952	1739	1462	1400	365	557	3420	1577	3576	2694	746	580	1751	3262	1885	1402	1629	1369	903	2395	1247	2739	3013	2164	2205	2995	2173	3376	1736	885	2084	1894	2697	2396	805	1385	2225	1688	2732	2511	871	1394	3177	1141	939	1449	2883	2824	1195	2074	651	1070	983	1453	1028	404	2007	2281	2544	2098	2148	3411	2756	2086	0	648	2272	1570	2392	2309	2693	1711	3002	3395	1157	
1774	1173	1339	2668	1696	3182	650	3215	1391	1626	601	2095	2778	1220	1026	3656	2986	1244	3489	670	3001	836	437	2831	866	536	3473	2278	1235	1043	651	421	3569	2195	3746	2059	213	884	1158	3378	1675	1956	2148	981	1337	1785	609	3284	2392	1641	1567	2371	1529	3485	1175	574	1572	1624	3232	1762	649	1510	2841	2318	2907	3150	995	1983	2561	943	440	866	2360	3452	1502	1522	797	1709	1447	2089	1636	262	1378	2893	1963	1767	1552	3573	2112	1489	648	0	2891	2137	3026	2873	2052	1964	3198	2783	1792	
3117	2032	1641	3537	2889	605	3307	2734	3924	1554	3459	1394	229	1746	2365	765	2158	2224	598	3369	2800	3694	2666	181	3518	2395	1151	2022	3546	3146	2278	2801	3110	1478	3145	4801	2914	2130	3802	3115	3885	1914	2100	3172	2317	4432	3500	857	5281	4415	4342	5051	4337	3219	3726	2821	4331	3957	904	4652	2643	2272	1543	1331	2579	440	2802	933	5447	2790	3019	3518	5124	577	2644	3999	2306	1472	1596	845	1255	2671	4269	90	4813	3563	4165	3056	4908	4358	2272	2891	0	853	1316	2040	4937	2990	2663	5666	1465	
2757	1184	1078	3363	2538	1361	2632	2228	3080	1182	2673	1311	852	934	1515	1583	1699	1763	1429	2686	2216	2965	1860	737	2693	1690	1400	1984	2973	2296	1496	2125	2634	1454	2718	3969	2128	1314	2970	2580	3359	1747	1999	2325	1893	3592	2739	1171	4523	3732	3520	4210	3523	2693	2887	1995	3653	3401	1136	3881	1813	1431	1842	1389	2006	1243	2263	211	4695	1941	2209	2693	4452	1426	2261	3152	1480	1136	754	570	575	1946	3507	822	4095	2716	3325	2594	4086	3625	1570	2137	853	0	1761	2244	4153	2705	2167	4918	1188	
2460	2641	1723	2576	2252	853	3198	3950	4327	1402	3626	934	1112	2254	2942	1603	3390	1915	1481	3269	3966	3675	2987	1478	3836	2494	2449	1129	3199	3659	2589	2762	4345	855	4403	5084	3137	2569	4138	4317	3417	1256	1274	3655	1921	4784	3588	2160	5248	4227	4593	5387	4555	4427	4110	3204	4136	3537	2216	4691	3062	3057	343	711	3751	1017	2495	1666	5391	3323	3318	3835	4871	1365	2104	4435	2753	1322	2243	1261	1715	2766	4299	1406	4692	4244	4532	4297	5136	4300	2392	3026	1316	1761	0	829	5004	2238	3883	5588	1235	
1849	2823	1767	1789	1677	1667	2873	4471	4252	1408	3442	996	1816	2433	3074	2426	3941	1637	2297	2944	4440	3372	2955	2177	3733	2382	3191	606	2725	3692	2596	2525	4878	843	4962	4902	3028	2659	4029	4815	2856	917	755	3669	1576	4656	3357	2897	4868	3792	4410	5228	4353	4929	4033	3189	3702	2999	2939	4373	3083	3306	511	860	4237	1815	2115	2088	4994	3392	3240	3732	4377	2182	1617	4375	2825	1368	2503	1676	1985	2615	3993	2124	4279	4353	4425	4838	4918	3941	2309	2873	2040	2244	829	0	4693	1586	4410	5173	1270	
3054	3046	3379	3806	3128	5230	1823	4629	1451	3631	1481	4075	4829	3220	2764	5701	4606	3102	5535	1752	4350	1332	2296	4867	1544	2574	5414	4089	2073	2134	2663	2245	4879	4151	5082	819	2026	2843	1364	4643	2204	3817	3937	2063	3130	1108	1446	5260	491	1116	835	1080	757	4722	1512	2197	1180	2032	5196	320	2381	3144	4775	4295	4347	5201	2578	4017	664	2401	1957	1544	1217	5502	3095	1509	2691	3719	3420	4141	3683	2290	706	4934	732	2400	1243	4910	617	783	2693	2052	4937	4153	5004	4693	0	3338	4641	883	3791	
289	2574	1684	740	268	2889	1643	4651	3292	1526	2380	1602	2775	2290	2667	3618	4239	1022	3457	1703	4521	2114	2261	3050	2778	1698	4027	1110	1267	2990	2076	1543	5053	1547	5191	3723	2172	2277	3032	4918	1294	1085	970	2936	870	3576	2224	3750	3426	2320	3258	4069	3174	5034	3091	2480	2234	1451	3752	3024	2464	3081	1908	1718	4362	2973	970	2495	3530	2806	2403	2777	2835	3364	519	3431	2362	1583	2488	2239	2176	1777	2679	3048	2815	3717	3395	5035	3685	2556	1711	1964	2990	2705	2238	1586	3338	0	4610	3688	1555	
4571	2106	2949	5331	4386	3267	3847	76	3207	3207	3426	3455	2812	2325	2173	3008	505	3589	2949	3868	341	3924	2762	2483	3153	3072	1942	4106	4397	2533	2685	3457	467	3604	581	4087	3045	2433	3280	462	4837	3826	4093	2613	3740	3666	3603	2079	5116	4742	3818	4166	3885	557	3129	2693	4690	4810	1978	4481	2561	1688	4002	3553	298	3094	3873	2327	5296	2358	2942	3153	5416	3028	4103	3182	2435	3193	2123	2734	2515	3177	4218	2579	4919	2323	3445	432	4286	4452	3002	3198	2663	2167	3883	4410	4641	4610	0	5521	3270	
3399	3858	4057	4016	3523	5906	2405	5510	2334	4267	2266	4680	5539	3992	3595	6430	5474	3674	6261	2337	5233	1973	3088	5612	2400	3272	6223	4586	2451	3004	3424	2888	5762	4735	5965	1607	2799	3628	2241	5526	2422	4353	4429	2930	3670	1962	2180	6053	410	1382	1717	1762	1639	5605	2392	3018	1472	2253	5995	1066	3198	3997	5327	4892	5227	5895	3097	4766	229	3253	2767	2400	952	6218	3556	2388	3491	4357	4206	4844	4414	2994	1414	5672	898	3280	2121	5793	1381	1312	3395	2783	5666	4918	5588	5173	883	3688	5521	0	4419	
1657	1554	513	2180	1429	1516	2014	3323	3102	166	2392	313	1267	1164	1811	2159	2838	787	1990	2082	3254	2471	1767	1505	2604	1259	2472	840	2133	2470	1378	1548	3734	445	3842	3849	1903	1404	2906	3642	2439	563	825	2457	859	3551	2362	2196	4062	3089	3358	4152	3321	3758	2884	1991	3001	2525	2196	3482	1863	2039	1081	532	3064	1544	1388	986	4213	2151	2089	2604	3771	1915	1179	3214	1578	100	1248	684	760	1532	3089	1513	3532	3103	3302	3702	3903	3114	1157	1792	1465	1188	1235	1270	3791	1555	3270	4419	0	


0	 CF147TB 	 0 	 0 	 540  	 1080  	 0  	 0 

1	 CF141SD 	 1 	 4 	 660  	 900  	 8  	 4 
2	 CF141DT 	 1 	 8 	 720  	 960  	 9  	 4 
3	 CF147HY 	 1 	 8 	 540  	 780  	 10  	 5 
4	 CF147BW	 1 	 2 	 660  	 900  	 9  	 4 
5	 CF52NR 	 1 	 1 	 600  	 840  	 7  	 3 
6	 CF146JL 	 1 	 7 	 660  	 900  	 7  	 3 
7	 CF244HU  1 	 5 	 540  	 780  	 10  	 5 
8	 CF145PT 	 1 	 2 	 720  	 960  	 5  	 2 
9	 CF141PB 	 1 	 6 	 660  	 900  	 8  	 4 
10	 CF145EQ 	 1 	 10 	 720  	 960  	 6  	 3 
11	 CF142BB 	 1 	 9 	 600  	 840  	 10  	 5 
12	 CF52PT 	 1 	 7 	 600  	 840  	 9  	 4 
13	 CF141HP 	 1 	 9 	 600  	 840  	 9  	 4 
14	 CF144XF 	 1 	 7 	 600  	 840  	 6  	 3 
15	 CF52BW 	 1 	 7 	 720  	 960  	 10  	 5 
16	 CF103EX 	 1 	 10 	 660  	 900  	 9  	 4 
17	 CF141BT 	 1 	 8 	 600  	 840  	 6  	 3 
18	 CF52HR 	 0 	 6 	 540  	 780  	 5  	 2 
19	 CF146NW 1 	 6 	 720  	 960  	 8  	 4 
20	 CF244QB	 1 	 2 	 660  	 900  	 10  	 5 
21	 CF146NH	 1 	 2 	 600  	 840  	 9  	 4 
22	 CF144PW	 1 	 9 	 600  	 840  	 9  	 4 
23	 CF52YF 	 1 	 6 	 660  	 900  	 8  	 4 
24	 CF148JD 	 1 	 2 	 720  	 960  	 8  	 4 
25	 CF141SY 	 1 	 7 	 720  	 960  	 5  	 2 
26	 CF51DG 	 1 	 7 	 600  	 840  	 9  	 4 
27	 CF142BH 	 1 	 4 	 660  	 900  	 6  	 3 
28	 CF146UG	 1 	 7 	 600  	 840  	 5  	 2 
29	 CF144LY 	 1 	 5 	 540  	 780  	 10  	 5 
30	 CF141TE 	 1 	 6 	 600  	 840  	 7  	 3 
31	 CF146DJ 	 1 	 7 	 720  	 960  	 5  	 2 
32	 CF244FF 	 1 	 6 	 660  	 900  	 5  	 2 
33	 CF142GA	 1 	 6 	 540  	 780  	 5  	 2 
34	 CF244BY 	 1 	 3 	 660  	 900  	 8  	 4 
35	 CF145HU	 1 	 1 	 660  	 900  	 9  	 4 
36	 CF144SF 	 1 	 3 	 660  	 900  	 5  	 2 
37	 CF141RJ 	 0 	 20 	 600  	 840  	 5  	 2 
38	 CF145GG	 1 	 1 	 600  	 840  	 8  	 4 
39	 CF244NX	 1 	 8 	 600  	 840  	 8  	 4 
40	 CF146UQ	 1 	 3 	 720  	 960  	 9  	 4 
41	 CF142BS 	 1 	 6 	 540  	 780  	 8  	 4 
42	 CF142BZ 	 1 	 2 	 720  	 960  	 8  	 4 
43	 CF144LS 	 1 	 1 	 540  	 780  	 8  	 4 
44	 CF147BQ  0 	 25 	 660  	 900  	 5  	 2 
45	 CF145DW 0 	 20 	 660  	 900  	 9  	 4 
46	 CF144SN 	 1 	 2 	 600  	 840  	 7  	 3 
47	 CF52YD 	 1 	 10 	 540  	 780  	 7  	 3 
48	 CF149EE 	 1 	 2 	 720  	 960  	 9  	 4 
49	 CF146QB	 0 	 8 	 540  	 780  	 6  	 3 
50	 CF145LT 	 1 	 4 	 540  	 780  	 9  	 4 
51	 CF140RN  1 	 7 	 660  	 900  	 6  	 3 
52	 CF145DT 	 1 	 1 	 720  	 960  	 9  	 4 
53	 CF244NU	 1 	 10 	 660  	 900  	 7  	 3 
54	 CF145GP 	 1 	 7 	 600  	 840  	 9  	 4 
55	 CF144PG 	 1 	 6 	 540  	 780  	 9  	 4 
56	 CF146QN	 1 	 8 	 540  	 780  	 6  	 3 
57	 CF146TT 	 1 	 7 	 660  	 900  	 10  	 5 
58	 CF52AA 	 1 	 7 	 600  	 840  	 10  	 5 
59	 CF145AF 	 1 	 6 	 660  	 900  	 6  	 3 
60	 CF144NR	 1 	 1 	 660  	 900  	 9  	 4 
61	 CF144DN	 1 	 8 	 600  	 840  	 8  	 4 
62	 CF52SF 	 1 	 3 	 600  	 840  	 9  	 4 
63	 CF142FX 	 1 	 10 	 600  	 840  	 6  	 3 
64	 CF244JZ 	 1 	 9 	 720  	 960  	 6  	 3 
65	 CF52NA 	 1 	 1 	 540  	 780  	 6  	 3 
66	 CF141BN	 1 	 9 	 660  	 900  	 9  	 4 
67	 CF142PN	 0 	 16 	 660  	 900  	 9  	 4 
68	 CF149EP 	 1 	 4 	 540  	 780  	 7  	 3 
69	 CF144JX 	 1 	 5 	 720  	 960  	 9  	 4 
70	 CF144NL 	 1 	 1 	 600  	 840  	 8  	 4 
71	 CF148NL 	 1 	 3 	 720  	 960  	 6  	 3 
72	 CF149UG	 1 	 5 	 600  	 840  	 10  	 5 
73	 CF52HP 	 1 	 6 	 540  	 780  	 6  	 3 
74	 CF147AY 	 1 	 4 	 540  	 780  	 9  	 4 
75	 CF145QE 	 1 	 4 	 540  	 780  	 6  	 3 
76	 CF141UB 	 1 	 1 	 720  	 960  	 5  	 2 
77	 CF141PF 	 1 	 8 	 540  	 780  	 6  	 3 
78	 CF141JX 	 1 	 4 	 660  	 900  	 5  	 2 
79	 CF142PE 	 1 	 5 	 660  	 900  	 10  	 5 
80	 CF141JL 	 0 	 12 	 540  	 780  	 7  	 3 
81	 CF146BQ	 1 	 4 	 540  	 780  	 10  	 5 
82	 CF145BP 	 0 	 19 	 600  	 840  	 10  	 5 
83	 CF52EG 	 1 	 3 	 660  	 900  	 7  	 3 
84	 CF149AN	 0 	 23 	 600  	 840  	 8  	 4 
85	 CF235QA	 1 	 10 	 540  	 780  	 8  	 4 
86	 CF145PZ 	 1 	 9 	 660  	 900  	 5  	 2 
87	 CF244ED 	 0 	 3 	 660  	 900  	 9  	 4 
88	 CF145AP 	 1 	 4 	 660  	 900  	 8  	 4 
89	 CF145LD 	 1 	 10 	 720  	 960  	 7  	 3 
90	 CF141RN	 1 	 9 	 660  	 900  	 9  	 4 
91	 CF146AU	 1 	 1 	 660  	 900  	 9  	 4 
92	 CF52DN 	 0 	 20 	 540  	 780  	 8  	 4 
93	 CF142SH 	 1 	 6 	 720  	 960  	 10  	 5 
94	 CF52QU 	 1 	 2 	 660  	 900  	 7  	 3 
95	 CF52PE 	 1 	 2 	 720  	 960  	 6  	 3 
96	 CF149BP 	 1 	 3 	 660  	 900  	 6  	 3 
97	 CF147DS 	 1 	 3 	 540  	 780  	 7  	 3 
98	 CF244JF 	 1 	 9 	 540  	 780  	 5  	 2 
99	 CF149EY 	 1 	 9 	 720  	 960  	 6  	 3 
100	 CF141NJ 	 1 	 7 	 660  	 900  	 6  	 3 
