100

1200
32
10
500

0	3417	4686	3882	1722	4875	3628	3684	1771	3661	3372	1473	2103	4372	1401	4489	1223	4136	2666	5182	1576	4149	3928	2597	3839	4203	3237	522	2502	1090	3920	1433	4766	2810	2765	1298	3888	2291	3596	5028	908	1090	1867	2963	1793	4872	4566	1317	2649	1713	3647	3209	455	423	4302	3050	3295	221	3058	554	2528	2267	2974	3910	397	2355	2062	3141	570	2150	3363	1203	3054	2910	3992	2593	4527	1685	2574	1714	4455	3835	3655	2958	3518	3952	4584	3690	3466	4972	3458	1994	4148	2781	3868	5505	3145	2411	1714	1952	1419	
3417	0	4378	2352	3388	1893	3971	381	3252	750	1658	2698	1444	1845	3824	4561	2215	754	1567	1907	1989	4414	1448	1145	614	1625	992	2926	971	2328	4100	3069	1943	1132	933	2448	1743	3394	4032	2927	3608	2328	2173	2430	1664	2199	1194	3326	2043	1707	1214	582	2993	3227	1372	682	1749	3243	439	2863	896	1201	2218	4122	3481	2467	2323	602	2935	3276	457	2729	1214	637	1523	2300	4748	2727	2498	2104	4656	1696	4149	2140	1300	629	4846	477	686	2032	506	1750	4348	3392	1641	3027	333	1609	3428	1522	2184	
4686	4378	0	2096	6069	3750	1127	4197	2933	5127	2721	3276	3714	3081	6015	503	4100	4417	3011	4449	4726	787	3156	4886	4951	3182	3387	4330	3921	4263	833	3253	3480	3371	4813	5012	2792	2425	1199	2444	5538	4263	3163	2120	3934	3260	5165	5733	2598	4277	3248	3803	4654	4263	3632	3746	2630	4489	4051	4457	4106	3902	2280	859	5059	2528	2869	3799	4224	2549	4787	5212	5309	3903	3117	2444	719	3049	2334	3393	678	2815	1204	2352	3112	4236	795	4841	5032	3697	4865	4952	722	1911	2895	3071	4125	3153	6084	4494	3713	
3882	2352	2096	0	4785	1801	2062	2126	2574	3100	747	2464	2141	1075	4942	2382	2865	2321	1353	2469	3261	2343	1060	3081	2891	1120	1393	3391	2146	3049	2061	2685	1546	1536	2956	3665	697	2321	2156	1163	4537	3049	2018	1012	2461	1428	3069	4538	1233	2783	1166	1807	3654	3497	1560	1794	724	3661	2094	3451	2310	2221	925	2094	4163	1605	1836	1820	3319	2315	2790	3927	3417	1989	1027	1323	2600	2298	1416	2193	2514	718	2267	928	1053	2144	2700	2794	3031	1793	2855	3343	2261	1958	799	1735	2147	1597	4812	2891	2527	
1722	3388	6069	4785	0	5211	5109	3752	3321	3260	4109	2819	2654	4916	662	5960	1987	4133	3433	5294	1548	5647	4443	2259	3552	4707	3700	1825	2800	1814	5382	2950	5190	3351	2477	1120	4544	3823	5097	5814	926	1814	2932	4076	2325	5381	4285	406	3642	2015	4136	3475	1503	2042	4638	3359	4083	1814	3207	1668	2708	2637	4003	5379	1361	3556	3215	3415	1939	3665	3114	870	2464	3152	4521	3702	6035	3043	3764	2708	5955	4485	5175	3958	4074	4016	6105	3441	3092	5338	3175	1644	5630	4245	4486	6144	3250	3190	44	1991	2371	
4875	1893	3750	1801	5211	0	3863	1512	4048	2410	1700	3714	2782	729	5571	4114	3670	1293	2285	700	3710	4121	1003	3023	2080	765	1638	4353	2461	3831	3852	4033	271	2065	2818	4179	1227	3938	3957	1494	5280	3831	3154	2611	3114	536	1805	5091	2542	3311	1241	1747	4520	4575	582	1882	1827	4668	2004	4346	2517	2670	2427	3885	5044	3045	3122	1810	4321	3888	2299	4467	3086	2072	963	2762	4342	3627	2931	3224	4262	1252	4068	2379	1396	1293	4441	2085	2461	145	2296	3570	4036	3675	1178	1273	1964	2513	5248	3239	3467	
3628	3971	1127	2062	5109	3863	0	3883	1858	4688	2422	2290	2998	3136	4991	862	3196	4199	2438	4525	3884	540	3039	4233	4580	3161	3013	3317	3309	3341	300	2203	3606	2858	4204	4107	2700	1338	105	2879	4505	3341	2312	1541	3147	3464	4946	4750	1963	3475	3022	3392	3645	3210	3579	3293	2298	3442	3579	3458	3494	3230	1753	284	4012	1703	2018	3369	3206	1479	4319	4276	4709	3401	3028	1735	929	2068	1566	2536	847	2699	206	1831	2851	3991	1006	4447	4559	3851	4411	4172	523	865	2784	3542	3671	2498	5119	3734	2819	
3684	381	4197	2126	3752	1512	3883	0	3349	1017	1491	2837	1633	1503	4168	4416	2466	457	1568	1554	2317	4297	1145	1522	767	1288	873	3180	1187	2595	3986	3204	1568	1150	1312	2783	1473	3434	3951	2595	3932	2595	2287	2355	1900	1830	1097	3674	2022	1994	961	563	3275	3463	1000	720	1600	3499	626	3132	1162	1424	2138	4011	3776	2487	2394	617	3177	3329	807	3068	1585	788	1214	2284	4614	2837	2484	2254	4523	1433	4069	2062	1086	273	4713	688	1006	1652	828	2109	4226	3374	1367	2660	543	1669	3791	1843	2384	
1771	3252	2933	2574	3321	4048	1858	3349	0	3810	2350	641	1861	3388	3146	2719	1590	3781	1832	4551	2332	2379	3047	3010	3836	3288	2580	1498	2322	1681	2151	372	3860	2207	3068	2425	2857	520	1825	3724	2656	1681	1079	1562	1811	3863	4425	2942	1506	2050	2853	2786	1825	1355	3555	2631	2229	1589	2813	1653	2465	2133	1680	2140	2157	1010	965	2732	1384	384	3435	2538	3534	2616	3085	1301	2758	530	1165	1191	2685	2819	1887	1708	2677	3563	2819	3680	3634	4103	3539	2713	2377	1022	2883	4307	2919	1682	3326	2362	1297	
3661	750	5127	3100	3260	2410	4688	1017	3810	0	2408	3210	1949	2514	3790	5301	2547	1119	2257	2217	2107	5144	2160	1085	341	2302	1740	3219	1492	2616	4829	3579	2521	1830	897	2510	2475	4015	4744	3608	3667	2616	2738	3149	2068	2803	1027	3288	2737	1987	1950	1325	3211	3551	1976	1400	2497	3518	1108	3122	1345	1678	2942	4850	3645	3121	2933	1334	3252	3884	380	2761	808	1291	2229	2986	5484	3279	3178	2623	5392	2431	4860	2864	2046	1141	5582	335	195	2555	280	1746	5080	4067	2371	3631	1019	2253	3302	1713	2621	
3372	1658	2721	747	4109	1700	2422	1491	2350	2408	0	2066	1456	1049	4317	2926	2258	1778	713	2251	2568	2812	710	2334	2233	938	670	2858	1406	2439	2505	2359	1511	796	2210	2993	527	2248	2498	1712	3941	2439	1535	960	1793	1540	2527	3888	845	2094	605	1089	3088	3021	1248	1057	134	3153	1361	2892	1566	1500	754	2531	3610	1345	1447	1093	2802	2191	2078	3266	2676	1245	738	1062	3124	1952	1236	1659	3033	480	2616	694	430	1573	3223	2120	2322	1753	2150	2616	2740	2039	535	2134	1422	973	4138	2172	1963	
1473	2698	3276	2464	2819	3714	2290	2837	641	3210	2066	0	1268	3111	2741	3142	966	3284	1430	4151	1704	2829	2716	2375	3262	2977	2144	1058	1741	1079	2564	372	3556	1735	2441	1842	2592	1048	2281	3626	2271	1079	568	1503	1179	3605	3887	2465	1254	1409	2480	2282	1379	1060	3181	2120	1963	1257	2264	1182	1868	1535	1540	2561	1813	888	633	2222	956	886	2841	1990	2899	2072	2766	1145	3218	226	1105	594	3137	2545	2362	1538	2318	3071	3289	3105	3030	3787	2946	2076	2811	1427	2596	4152	2369	1222	2830	1721	656	
2103	1444	3714	2141	2654	2782	2998	1633	1861	1949	1456	1268	0	2339	2877	3747	888	2090	791	3083	1120	3512	1873	1243	1995	2148	1149	1584	476	1051	3204	1639	2692	737	1247	1537	1913	2102	3030	3165	2531	1051	800	1595	345	2829	2638	2436	1117	642	1576	1116	1738	1843	2204	954	1431	1903	1024	1566	604	272	1457	3215	2263	1303	1037	1050	1566	1961	1576	1811	1742	845	1945	1284	3888	1331	1434	676	3798	1854	3137	1396	1474	1889	3977	1837	1773	2886	1681	1249	3466	2247	1866	3538	1125	576	2682	786	751	
4372	1845	3081	1075	4916	729	3136	1503	3388	2514	1049	3111	2339	0	5205	3419	3206	1504	1714	1396	3375	3408	473	2865	2228	222	1217	3852	2116	3379	3133	3408	488	1602	2685	3832	531	3242	3230	1094	4869	3379	2570	1904	2683	500	2191	4747	1890	2933	780	1485	4054	4040	597	1571	1162	4157	1788	3868	2220	2290	1732	3166	4581	2379	2496	1534	3806	3202	2298	4117	3050	1787	397	2089	3644	3001	2246	2673	3562	570	3342	1691	865	1394	3744	2180	2508	739	2329	3316	3324	2957	516	1234	1788	1964	4950	2926	2953	
1401	3824	6015	4942	662	5571	4991	4168	3146	3790	4317	2741	2877	5205	0	5852	2077	4577	3612	5722	1863	5520	4735	2739	4060	5006	3993	1685	3115	1893	5278	2790	5523	3608	2953	1393	4789	3664	4966	6027	493	1893	2979	4135	2533	5688	4804	503	3742	2274	4431	3825	1363	1796	4991	3692	4271	1559	3585	1564	3056	2920	4095	5270	1004	3565	3236	3761	1791	3516	3602	1105	3018	3499	4809	3755	5903	2967	3783	2772	5828	4731	5032	4062	4345	4439	5964	3937	3611	5691	3673	2083	5514	4132	4743	6414	3643	3356	624	2337	2429	
4489	4561	503	2382	5960	4114	862	4416	2719	5301	2926	3142	3747	3419	5852	0	4027	4675	3105	4807	4694	364	3436	4960	5153	3496	3573	4176	4009	4179	578	3064	3844	3498	4908	4941	3075	2199	898	2880	5367	4179	3117	2190	3931	3646	5428	5606	2656	4268	3490	3979	4504	4071	3941	3904	2820	4304	4204	4315	4195	3959	2379	583	4874	2489	2820	3967	4066	2341	4946	5120	5411	4041	3407	2463	235	2918	2321	3346	176	3090	858	2455	3339	4482	329	5033	5191	4072	5031	4958	344	1722	3174	3522	4285	3211	5972	4509	3645	
1223	2215	4100	2865	1987	3670	3196	2466	1590	2547	2258	966	888	3206	2077	4027	0	2920	1547	3959	742	3736	2748	1560	2682	3024	2034	714	1280	183	3453	1247	3576	1615	1682	914	2752	2012	3200	3962	1683	183	946	2092	570	3702	3387	1691	1673	565	2456	1986	852	1016	3092	1827	2204	1034	1840	679	1319	1044	2031	3454	1378	1575	1233	1918	720	1850	2215	1119	2074	1687	2817	1716	4125	1160	1780	721	4040	2695	3289	1992	2342	2732	4202	2527	2354	3772	2316	1138	3709	2348	2717	4382	1930	1288	2006	870	387	
4136	754	4417	2321	4133	1293	4199	457	3781	1119	1778	3284	2090	1504	4577	4675	2920	0	1974	1166	2741	4584	1269	1877	788	1320	1241	3634	1643	3047	4279	3649	1422	1575	1660	3202	1630	3842	4274	2584	4360	3047	2729	2698	2355	1715	753	4079	2407	2439	1187	1002	3723	3920	917	1165	1901	3954	1080	3583	1610	1880	2481	4306	4220	2890	2821	1062	3633	3744	1059	3483	1837	1245	1319	2670	4882	3276	2868	2705	4793	1603	4392	2408	1350	220	4982	801	1186	1438	1035	2501	4509	3747	1525	2534	991	2099	4173	2271	2841	
2666	1567	3011	1353	3433	2285	2438	1568	1832	2257	713	1430	791	1714	3612	3105	1547	1974	0	2732	1910	2913	1293	1876	2181	1561	749	2150	911	1728	2598	1762	2137	434	1806	2313	1223	1869	2490	2416	3230	1728	869	916	1108	2214	2664	3194	480	1431	1050	1017	2375	2326	1752	887	659	2449	1152	2180	1096	912	732	2616	2898	920	869	977	2098	1769	1884	2578	2307	967	1348	734	3270	1361	931	960	3178	1169	2605	659	889	1754	3365	2038	2122	2363	1978	2022	2856	1826	1204	2846	1248	260	3460	1562	1252	
5182	1907	4449	2469	5294	700	4525	1554	4551	2217	2251	4151	3083	1396	5722	4807	3959	1166	2732	0	3870	4804	1545	3042	1876	1370	2008	4666	2689	4104	4529	4492	970	2429	2826	4337	1841	4496	4617	2166	5482	4104	3583	3200	3390	1219	1378	5227	3061	3528	1699	1973	4792	4922	1004	2132	2384	4986	2156	4636	2698	2920	3002	4562	5304	3570	3598	2041	4649	4431	2219	4622	2984	2280	1532	3301	5034	4093	3483	3615	4952	1853	4730	2945	1878	1284	5133	1933	2321	774	2185	3656	4720	4278	1771	1831	2087	2929	5334	3395	3815	
1576	1989	4726	3261	1548	3710	3884	2317	2332	2107	2568	1704	1120	3375	1863	4694	742	2741	1910	3870	0	4419	2902	1027	2317	3169	2158	1201	1263	680	4127	1987	3669	1803	1211	469	2996	2745	3895	4267	1619	680	1577	2642	815	3847	3060	1382	2180	479	2595	1963	1121	1550	3131	1834	2549	1462	1723	1069	1194	1090	2536	4131	1539	2208	1874	1900	1268	2584	1840	757	1480	1638	2979	2288	4807	1889	2392	1350	4720	2937	3990	2482	2527	2590	4888	2176	1913	3831	1928	435	4386	3051	2938	4600	1784	1679	1579	476	1077	
4149	4414	787	2343	5647	4121	540	4297	2379	5144	2812	2829	3512	3408	5520	364	3736	4584	2913	4804	4419	0	3375	4740	5016	3463	3437	3850	3803	3881	315	2731	3855	3322	4701	4646	3021	1858	554	2981	5033	3881	2845	2000	3674	3679	5336	5287	2449	4005	3397	3832	4179	3733	3898	3744	2697	3967	4038	3993	3988	3736	2203	298	4536	2228	2549	3814	3739	2005	4781	4815	5206	3867	3354	2236	389	2607	2077	3070	308	3029	500	2281	3236	4383	469	4889	5024	4092	4870	4701	89	1402	3114	3637	4125	2995	5657	4259	3358	
3928	1448	3156	1060	4443	1003	3039	1145	3047	2160	710	2716	1873	473	4735	3436	2748	1269	1293	1545	2902	3375	0	2413	1906	276	744	3406	1643	2919	3081	3031	845	1137	2240	3360	364	2958	3124	1489	4403	2919	2161	1655	2217	956	2011	4275	1542	2461	307	1029	3598	3608	549	1104	841	3715	1337	3415	1749	1817	1457	3110	4125	2048	2119	1074	3365	2899	1905	3645	2630	1322	80	1770	3651	2625	1946	2245	3563	347	3240	1401	410	1107	3751	1833	2129	1071	1948	2847	3296	2735	263	1704	1347	1532	4477	2453	2510	
2597	1145	4886	3081	2259	3023	4233	1522	3010	1085	2334	2375	1243	2865	2739	4960	1560	1877	1876	3042	1027	4740	2413	0	1325	2643	1734	2183	967	1593	4429	2723	3046	1557	218	1426	2620	3317	4269	3890	2588	1593	2016	2776	1200	3277	2072	2236	2304	1001	2122	1384	2143	2525	2476	1328	2370	2468	1077	2070	786	1004	2606	4442	2562	2545	2274	1341	2229	3167	864	1683	524	1113	2493	2505	5111	2496	2668	1840	5020	2564	4377	2534	2126	1774	5202	1198	894	3159	936	665	4690	3490	2535	4089	1082	1749	2299	691	1730	
3839	614	4951	2891	3552	2080	4580	767	3836	341	2233	3262	1995	2228	4060	5153	2682	788	2181	1876	2317	5016	1906	1325	0	2024	1581	3376	1521	2770	4703	3633	2203	1747	1117	2744	2239	3999	4642	3322	3910	2770	2757	3040	2165	2490	747	3557	2657	2136	1726	1187	3397	3696	1671	1296	2333	3683	1041	3292	1404	1733	2827	4725	3853	3078	2923	1213	3399	3877	479	3007	1129	1238	1971	2915	5344	3308	3112	2668	5253	2199	4760	2749	1844	837	5443	158	465	2225	391	1990	4948	4006	2133	3315	939	2216	3594	1890	2709	
4203	1625	3182	1120	4707	765	3161	1288	3288	2302	938	2977	2148	222	5006	3496	3024	1320	1561	1370	3169	3463	276	2643	2024	0	1013	3681	1907	3195	3178	3286	579	1412	2462	3628	472	3173	3250	1306	4678	3195	2427	1849	2492	682	2030	4544	1782	2732	576	1265	3874	3880	450	1356	1063	3990	1567	3691	2006	2087	1663	3210	4401	2282	2373	1315	3639	3123	2080	3914	2828	1570	213	1998	3717	2879	2166	2516	3632	490	3365	1614	685	1194	3817	1970	2292	815	2112	3101	3381	2920	413	1451	1566	1803	4741	2715	2785	
3237	992	3387	1393	3700	1638	3013	873	2580	1740	670	2144	1149	1217	3993	3573	2034	1241	749	2008	2158	3437	744	1734	1581	1013	0	2715	901	2199	3125	2491	1544	429	1587	2616	888	2606	3080	2168	3670	2199	1576	1482	1487	1695	1959	3531	1167	1719	438	419	2886	2943	1068	410	757	3030	703	2710	1019	1074	1265	3148	3411	1654	1616	428	2684	2513	1408	2901	2030	621	821	1429	3764	2098	1628	1610	3672	831	3198	1189	393	1021	3862	1460	1652	1738	1480	2116	3369	2510	809	2444	756	922	3734	1711	1833	
522	2926	4330	3391	1825	4353	3317	3180	1498	3219	2858	1058	1584	3852	1685	4176	714	3634	2150	4666	1201	3850	3406	2183	3376	3681	2715	0	1994	606	3600	1129	4244	2288	2333	1062	3372	2006	3297	4528	1214	606	1374	2502	1282	4351	4091	1445	2159	1240	3124	2694	329	349	3781	2534	2785	320	2554	169	2032	1758	2495	3594	776	1908	1595	2627	114	1851	2903	1089	2669	2400	3471	2125	4236	1283	2128	1206	4158	3318	3368	2474	2996	3446	4301	3223	3024	4450	3001	1636	3840	2454	3349	4993	2644	1893	1829	1508	899	
2502	971	3921	2146	2800	2461	3309	1187	2322	1492	1406	1741	476	2116	3115	4009	1280	1643	911	2689	1263	3803	1643	967	1521	1907	901	1994	0	1416	3489	2112	2408	610	899	1727	1769	2527	3353	3052	2821	1416	1247	1819	713	2584	2165	2643	1355	852	1336	723	2103	2277	1879	579	1425	2314	564	1951	186	237	1642	3504	2615	1661	1446	657	1990	2393	1115	2014	1403	409	1721	1574	4167	1792	1752	1147	4076	1710	3465	1569	1284	1452	4260	1364	1325	2577	1219	1224	3749	2616	1700	3346	660	812	2834	810	1214	
1090	2328	4263	3049	1814	3831	3341	2595	1681	2616	2439	1079	1051	3379	1893	4179	183	3047	1728	4104	680	3881	2919	1593	2770	3195	2199	606	1416	0	3602	1325	3742	1783	1734	766	2930	2127	3341	4144	1502	0	1119	2269	718	3874	3487	1511	1855	634	2625	2131	691	936	3252	1976	2386	917	1969	537	1438	1184	2212	3603	1213	1742	1401	2064	638	1965	2297	950	2093	1826	2988	1892	4270	1287	1950	897	4186	2873	3428	2174	2514	2864	4346	2617	2421	3936	2396	1104	3856	2486	2894	4560	2055	1470	1832	909	557	
3920	4100	833	2061	5382	3852	300	3986	2151	4829	2505	2564	3204	3133	5278	578	3453	4279	2598	4529	4127	315	3081	4429	4703	3178	3125	3600	3489	3602	0	2492	3589	3007	4388	4366	2730	1634	366	2772	4793	3602	2550	1685	3372	3425	5031	5028	2135	3706	3094	3518	3927	3501	3609	3430	2388	3732	3723	3737	3675	3425	1887	38	4302	1927	2253	3500	3490	1771	4466	4542	4892	3552	3062	1925	685	2340	1770	2777	596	2736	385	1965	2930	4077	774	4576	4708	3829	4555	4400	262	1146	2821	3433	3810	2682	5394	3955	3072	
1433	3069	3253	2685	2950	4033	2203	3204	372	3579	2359	372	1639	3408	2790	3064	1247	3649	1762	4492	1987	2731	3031	2723	3633	3286	2491	1129	2112	1325	2492	0	3864	2090	2798	2058	2881	878	2177	3847	2303	1325	921	1686	1535	3896	4258	2574	1523	1740	2809	2646	1457	1011	3512	2485	2248	1240	2635	1283	2239	1905	1764	2483	1811	1080	913	2588	1016	726	3211	2166	3247	2442	3077	1366	3114	407	1277	966	3038	2838	2244	1775	2641	3434	3177	3476	3397	4100	3316	2382	2725	1349	2894	4401	2740	1571	2956	2056	993	
4766	1943	3480	1546	5190	271	3606	1568	3860	2521	1511	3556	2692	488	5523	3844	3576	1422	2137	970	3669	3855	845	3046	2203	579	1544	4244	2408	3742	3589	3864	0	1961	2849	4135	1011	3726	3701	1248	5212	3742	3004	2390	3031	301	2003	5050	2356	3251	1120	1715	4427	4451	572	1835	1631	4555	1995	4248	2483	2605	2215	3623	4953	2852	2951	1775	4206	3683	2372	4422	3153	2038	790	2565	4074	3457	2726	3090	3993	1043	3812	2172	1254	1383	4172	2189	2553	251	2381	3560	3770	3444	977	1112	1969	2376	5226	3204	3351	
2810	1132	3371	1536	3351	2065	2858	1150	2207	1830	796	1735	737	1602	3608	3498	1615	1575	434	2429	1803	3322	1137	1557	1747	1412	429	2288	610	1783	3007	2090	1961	0	1454	2247	1193	2287	2914	2467	3268	1783	1169	1323	1081	2092	2243	3157	912	1343	842	591	2466	2514	1497	453	816	2602	722	2287	776	717	1121	3026	2992	1345	1246	546	2255	2179	1461	2528	1942	545	1208	1168	3672	1707	1365	1186	3579	1134	3030	1044	738	1356	3767	1605	1702	2162	1553	1822	3261	2260	1138	2808	816	525	3382	1386	1404	
2765	933	4813	2956	2477	2818	4204	1312	3068	897	2210	2441	1247	2685	2953	4908	1682	1660	1806	2826	1211	4701	2240	218	1117	2462	1587	2333	899	1734	4388	2798	2849	1454	0	1627	2465	3345	4244	3725	2793	1734	2041	2718	1263	3086	1864	2451	2254	1117	1956	1215	2315	2670	2277	1177	2256	2627	905	2230	714	987	2538	4403	2749	2534	2283	1178	2372	3201	649	1890	505	970	2320	2469	5067	2545	2641	1883	4975	2409	4355	2464	1973	1561	5159	986	703	2955	726	874	4648	3487	2376	3903	897	1707	2517	825	1811	
1298	2448	5012	3665	1120	4179	4107	2783	2425	2510	2993	1842	1537	3832	1393	4941	914	3202	2313	4337	469	4646	3360	1426	2744	3628	2616	1062	1727	766	4366	2058	4135	2247	1627	0	3439	2887	4107	4701	1168	766	1851	2975	1205	4308	3490	916	2532	904	3053	2432	862	1393	3599	2301	2964	1242	2192	898	1663	1543	2892	4367	1166	2484	2143	2368	1159	2725	2271	288	1814	2106	3435	2607	5036	2052	2685	1622	4951	3380	4194	2845	2979	3055	5112	2609	2320	4299	2353	766	4621	3253	3385	5052	2252	2069	1147	945	1300	
3888	1743	2792	697	4544	1227	2700	1473	2857	2475	527	2592	1913	531	4789	3075	2752	1630	1223	1841	2996	3021	364	2620	2239	472	888	3372	1769	2930	2730	2881	1011	1193	2465	3439	0	2716	2787	1284	4430	2930	2061	1384	2256	1015	2375	4346	1361	2535	530	1256	3591	3543	880	1292	633	3671	1564	3399	1902	1908	1205	2760	4116	1848	1971	1287	3320	2673	2196	3718	2886	1508	333	1558	3291	2475	1716	2178	3204	59	2903	1161	495	1461	3391	2157	2429	1259	2249	2992	2941	2450	107	1630	1594	1479	4575	2571	2474	
2291	3394	2425	2321	3823	3938	1338	3434	520	4015	2248	1048	2102	3242	3664	2199	2012	3842	1869	4496	2745	1858	2958	3317	3999	3173	2606	2006	2527	2127	1634	878	3726	2287	3345	2887	2716	0	1305	3432	3176	2127	1305	1342	2129	3690	4529	3450	1450	2410	2808	2877	2334	1875	3492	2734	2117	2109	2959	2157	2690	2371	1511	1622	2678	952	1082	2831	1893	163	3635	3021	3832	2761	2983	1198	2239	857	1013	1480	2165	2687	1367	1560	2626	3621	2300	3848	3851	3975	3738	3098	1857	526	2760	4047	3063	1785	3830	2709	1674	
3596	4032	1199	2156	5097	3957	105	3951	1825	4744	2498	2281	3030	3230	4966	898	3200	4274	2490	4617	3895	554	3124	4269	4642	3250	3080	3297	3353	3341	366	2177	3701	2914	4244	4107	2787	1305	0	2984	4479	3341	2329	1603	3168	3562	5020	4735	2013	3494	3100	3455	3626	3180	3665	3352	2373	3413	3636	3441	3536	3266	1817	342	3982	1730	2037	3430	3186	1451	4374	4270	4749	3456	3115	1779	939	2061	1603	2550	862	2785	118	1894	2928	4065	1008	4508	4612	3947	4466	4192	554	855	2871	3646	3728	2541	5107	3758	2826	
5028	2927	2444	1163	5814	1494	2879	2595	3724	3608	1712	3626	3165	1094	6027	2880	3962	2584	2416	2166	4267	2981	1489	3890	3322	1306	2168	4528	3052	4144	2772	3847	1248	2467	3725	4701	1284	3432	2984	0	5645	4144	3162	2167	3504	959	3232	5600	2384	3799	1769	2510	4777	4651	1666	2565	1758	4807	2820	4577	3185	3184	2088	2810	5293	2768	2995	2549	4461	3445	3383	4976	4119	2783	1411	2487	3115	3462	2575	3323	3047	1342	3077	2088	1775	2486	3206	3274	3598	1395	3418	4275	2892	3014	1359	663	2836	2674	5844	3851	3646	
908	3608	5538	4537	926	5280	4505	3932	2656	3667	3941	2271	2531	4869	493	5367	1683	4360	3230	5482	1619	5033	4403	2588	3910	4678	3670	1214	2821	1502	4793	2303	5212	3268	2793	1168	4430	3176	4479	5645	0	1502	2546	3696	2187	5360	4657	557	3321	1970	4104	3543	903	1304	4698	3400	3887	1068	3327	1108	2787	2610	3669	4785	511	3113	2791	3477	1316	3028	3438	907	2938	3220	4475	3316	5414	2496	3333	2349	5340	4373	4543	3640	4004	4206	5475	3776	3480	5393	3519	1923	5028	3648	4391	6060	3395	2971	904	2090	2011	
1090	2328	4263	3049	1814	3831	3341	2595	1681	2616	2439	1079	1051	3379	1893	4179	183	3047	1728	4104	680	3881	2919	1593	2770	3195	2199	606	1416	0	3602	1325	3742	1783	1734	766	2930	2127	3341	4144	1502	0	1119	2269	718	3874	3487	1511	1855	634	2625	2131	691	936	3252	1976	2386	917	1969	537	1438	1184	2212	3603	1213	1742	1401	2064	638	1965	2297	950	2093	1826	2988	1892	4270	1287	1950	897	4186	2873	3428	2174	2514	2864	4346	2617	2421	3936	2396	1104	3856	2486	2894	4560	2055	1470	1832	909	557	
1867	2173	3163	2018	2932	3154	2312	2287	1079	2738	1535	568	800	2570	2979	3117	946	2729	869	3583	1577	2845	2161	2016	2757	2427	1576	1374	1247	1119	2550	921	3004	1169	2041	1851	2061	1305	2329	3162	2546	1119	0	1157	848	3068	3353	2626	785	1165	1917	1727	1649	1494	2616	1567	1444	1646	1735	1444	1398	1072	1124	2555	2149	635	297	1670	1301	1161	2361	2065	2528	1539	2214	777	3231	554	835	230	3144	2011	2428	1100	1759	2514	3314	2601	2567	3231	2465	1864	2810	1503	2055	3653	1841	654	2951	1439	562	
2963	2430	2120	1012	4076	2611	1541	2355	1562	3149	960	1503	1595	1904	4135	2190	2092	2698	916	3200	2642	2000	1655	2776	3040	1849	1482	2502	1819	2269	1685	1686	2390	1323	2718	2975	1384	1342	1603	2167	3696	2269	1157	0	1834	2348	3435	3780	478	2179	1559	1852	2794	2559	2202	1753	827	2744	2041	2589	2005	1783	217	1704	3278	617	907	1828	2416	1317	2783	3206	3221	1867	1670	380	2355	1315	410	1372	2263	1360	1720	293	1378	2484	2449	2907	3025	2641	2873	2839	1941	1080	1437	2746	2131	1033	4097	2378	1715	
1793	1664	3934	2461	2325	3114	3147	1900	1811	2068	1793	1179	345	2683	2533	3931	570	2355	1108	3390	815	3674	2217	1200	2165	2492	1487	1282	713	718	3372	1535	3031	1081	1263	1205	2256	2129	3168	3504	2187	718	848	1834	0	3173	2849	2096	1367	345	1918	1417	1409	1566	2535	1259	1760	1602	1275	1246	771	476	1722	3380	1930	1445	1133	1349	1278	1976	1713	1473	1722	1118	2289	1490	4057	1297	1611	649	3968	2198	3270	1667	1818	2165	4142	2008	1880	3221	1817	1028	3634	2350	2211	3883	1368	868	2353	591	554	
4872	2199	3260	1428	5381	536	3464	1830	3863	2803	1540	3605	2829	500	5688	3646	3702	1715	2214	1219	3847	3679	956	3277	2490	682	1695	4351	2584	3874	3425	3896	301	2092	3086	4308	1015	3690	3562	959	5360	3874	3068	2348	3173	0	2305	5224	2374	3414	1258	1918	4551	4540	832	2023	1647	4657	2211	4366	2675	2768	2191	3460	5078	2854	2986	1974	4306	3660	2637	4594	3412	2234	885	2562	3877	3489	2709	3173	3800	1060	3669	2157	1360	1662	3974	2469	2826	446	2652	3764	3592	3372	1013	831	2196	2464	5416	3390	3453	
4566	1194	5165	3069	4285	1805	4946	1097	4425	1027	2527	3887	2638	2191	4804	5428	3387	753	2664	1378	3060	5336	2011	2072	747	2030	1959	4091	2165	3487	5031	4258	2003	2243	1864	3490	2375	4529	5020	3232	4657	3487	3353	3435	2849	2305	0	4301	3117	2855	1940	1652	4129	4403	1595	1800	2649	4403	1623	4015	2079	2393	3217	5057	4592	3584	3480	1701	4107	4422	1221	3753	1833	1816	2055	3380	5635	3906	3580	3295	5546	2351	5138	3143	2101	955	5735	884	1194	1941	1138	2736	5262	4468	2271	3077	1518	2755	4327	2624	3377	
1317	3326	5733	4538	406	5091	4750	3674	2942	3288	3888	2465	2436	4747	503	5606	1691	4079	3194	5227	1382	5287	4275	2236	3557	4544	3531	1445	2643	1511	5028	2574	5050	3157	2451	916	4346	3450	4735	5600	557	1511	2626	3780	2096	5224	4301	0	3363	1815	3969	3345	1118	1643	4512	3216	3851	1413	3097	1295	2574	2457	3722	5024	957	3237	2899	3282	1558	3294	3099	630	2521	3019	4350	3402	5674	2691	3450	2408	5595	4288	4809	3682	3891	3944	5741	3434	3109	5213	3171	1582	5273	3886	4295	5964	3152	2943	398	1852	2065	
2649	2043	2598	1233	3642	2542	1963	2022	1506	2737	845	1254	1117	1890	3742	2656	1673	2407	480	3061	2180	2449	1542	2304	2657	1782	1167	2159	1355	1855	2135	1523	2356	912	2254	2532	1361	1450	2013	2384	3321	1855	785	478	1367	2374	3117	3363	0	1710	1365	1483	2429	2267	2059	1362	728	2428	1631	2225	1541	1307	360	2150	2933	509	621	1448	2085	1372	2363	2773	2758	1446	1578	263	2813	1118	463	972	2721	1320	2128	320	1184	2188	2905	2516	2600	2597	2458	2363	2394	1355	1380	2898	1727	556	3665	1902	1313	
1713	1707	4277	2783	2015	3311	3475	1994	2050	1987	2094	1409	642	2933	2274	4268	565	2439	1431	3528	479	4005	2461	1001	2136	2732	1719	1240	852	634	3706	1740	3251	1343	1117	904	2535	2410	3494	3799	1970	634	1165	2179	345	3414	2855	1815	1710	0	2157	1574	1286	1565	2729	1430	2072	1549	1374	1161	833	646	2064	3713	1782	1779	1458	1508	1267	2253	1663	1185	1520	1253	2536	1834	4390	1560	1951	949	4302	2476	3593	2009	2076	2267	4474	1983	1792	3426	1762	699	3968	2665	2481	4149	1452	1201	2045	317	754	
3647	1214	3248	1166	4136	1241	3022	961	2853	1950	605	2480	1576	780	4431	3490	2456	1187	1050	1699	2595	3397	307	2122	1726	576	438	3124	1336	2625	3094	2809	1120	842	1956	3053	530	2808	3100	1769	4104	2625	1917	1559	1918	1258	1940	3969	1365	2157	0	741	3308	3337	704	803	736	3436	1051	3127	1444	1512	1348	3121	3834	1874	1904	780	3087	2736	1666	3339	2363	1021	385	1611	3696	2405	1799	1982	3606	482	3218	1282	184	992	3796	1636	1900	1329	1720	2542	3322	2634	430	2010	1072	1272	4170	2146	2233	
3209	582	3803	1807	3475	1747	3392	563	2786	1325	1089	2282	1116	1485	3825	3979	1986	1002	1017	1973	1963	3832	1029	1384	1187	1265	419	2694	723	2131	3518	2646	1715	591	1215	2432	1256	2877	3455	2510	3543	2131	1727	1852	1417	1918	1652	3345	1483	1574	741	0	2821	2959	1168	165	1173	3014	310	2663	771	948	1639	3540	3336	1934	1831	67	2681	2769	988	2720	1631	326	1109	1745	4166	2276	1944	1705	4074	1203	3572	1561	774	789	4264	1058	1233	1868	1062	1847	3766	2838	1164	2715	342	1106	3511	1493	1861	
455	2993	4654	3654	1503	4520	3645	3275	1825	3211	3088	1379	1738	4054	1363	4504	852	3723	2375	4792	1121	4179	3598	2143	3397	3874	2886	329	2103	691	3927	1457	4427	2466	2315	862	3591	2334	3626	4777	903	691	1649	2794	1409	4551	4129	1118	2429	1286	3308	2821	0	566	3942	2666	3023	382	2650	205	2113	1873	2773	3921	527	2211	1889	2754	441	2180	2919	820	2598	2513	3666	2415	4564	1605	2430	1461	4487	3535	3697	2747	3191	3545	4630	3249	3016	4624	3013	1539	4168	2782	3561	5219	2733	2115	1506	1507	1130	
423	3227	4263	3497	2042	4575	3210	3463	1355	3551	3021	1060	1843	4040	1796	4071	1016	3920	2326	4922	1550	3733	3608	2525	3696	3880	2943	349	2277	936	3501	1011	4451	2514	2670	1393	3543	1875	3180	4651	1304	936	1494	2559	1566	4540	4403	1643	2267	1565	3337	2959	566	0	4011	2796	2936	237	2841	498	2331	2040	2581	3491	803	1946	1666	2892	298	1731	3227	1384	3015	2677	3668	2194	4113	1268	2164	1367	4040	3491	3241	2570	3198	3726	4172	3542	3356	4666	3327	1985	3730	2359	3530	5146	2934	2078	2040	1845	1111	
4302	1372	3632	1560	4638	582	3579	1000	3555	1976	1248	3181	2204	597	4991	3941	3092	917	1752	1004	3131	3898	549	2476	1671	450	1068	3781	1879	3252	3609	3512	572	1497	2277	3599	880	3492	3665	1666	4698	3252	2616	2202	2535	832	1595	4512	2059	2729	704	1168	3942	4011	0	1300	1381	4097	1433	3770	1938	2089	2001	3640	4465	2568	2609	1230	3751	3427	1806	3887	2584	1493	550	2297	4160	3109	2479	2670	4074	880	3781	1942	878	835	4260	1641	1995	701	1820	3002	3817	3282	795	1662	1402	1966	4674	2661	2901	
3050	682	3746	1794	3359	1882	3293	720	2631	1400	1057	2120	954	1571	3692	3904	1827	1165	887	2132	1834	3744	1104	1328	1296	1356	410	2534	579	1976	3430	2485	1835	453	1177	2301	1292	2734	3352	2565	3400	1976	1567	1753	1259	2023	1800	3216	1362	1430	803	165	2666	2796	1300	0	1124	2854	306	2505	652	796	1543	3450	3184	1796	1680	102	2519	2623	1043	2589	1624	218	1184	1620	4085	2118	1818	1541	3993	1236	3469	1465	798	953	4182	1157	1288	1999	1127	1745	3680	2713	1208	2805	382	955	3394	1370	1697	
3295	1749	2630	724	4083	1827	2298	1600	2229	2497	134	1963	1431	1162	4271	2820	2204	1901	659	2384	2549	2697	841	2370	2333	1063	757	2785	1425	2386	2388	2248	1631	816	2256	2964	633	2117	2373	1758	3887	2386	1444	827	1760	1647	2649	3851	728	2072	736	1173	3023	2936	1381	1124	0	3075	1430	2826	1593	1499	620	2413	3543	1221	1339	1170	2725	2062	2158	3233	2731	1301	866	935	3014	1842	1106	1581	2923	592	2491	561	557	1693	3113	2217	2403	1875	2235	2619	2626	1906	654	2211	1498	916	4111	2169	1894	
221	3243	4489	3661	1814	4668	3442	3499	1589	3518	3153	1257	1903	4157	1559	4304	1034	3954	2449	4986	1462	3967	3715	2468	3683	3990	3030	320	2314	917	3732	1240	4555	2602	2627	1242	3671	2109	3413	4807	1068	917	1646	2744	1602	4657	4403	1413	2428	1549	3436	3014	382	237	4097	2854	3075	0	2874	397	2349	2078	2753	3723	571	2137	1842	2947	351	1963	3209	1197	2941	2720	3779	2373	4348	1473	2356	1495	4274	3618	3476	2737	3305	3766	4408	3532	3323	4763	3306	1891	3963	2589	3652	5286	2963	2195	1811	1805	1205	
3058	439	4051	2094	3207	2004	3579	626	2813	1108	1361	2264	1024	1788	3585	4204	1840	1080	1152	2156	1723	4038	1337	1077	1041	1567	703	2554	564	1969	3723	2635	1995	722	905	2192	1564	2959	3636	2820	3327	1969	1735	2041	1275	2211	1623	3097	1631	1374	1051	310	2650	2841	1433	306	1430	2874	0	2506	542	801	1836	3743	3154	2038	1886	278	2553	2839	743	2480	1329	198	1417	1884	4383	2289	2079	1672	4291	1509	3752	1758	1077	895	4479	893	987	2131	832	1568	3976	2972	1473	3015	105	1174	3244	1248	1773	
554	2863	4457	3451	1668	4346	3458	3132	1653	3122	2892	1182	1566	3868	1564	4315	679	3583	2180	4636	1069	3993	3415	2070	3292	3691	2710	169	1951	537	3737	1283	4248	2287	2230	898	3399	2157	3441	4577	1108	537	1444	2589	1246	4366	4015	1295	2225	1161	3127	2663	205	498	3770	2505	2826	397	2506	0	1974	1718	2569	3732	718	2006	1683	2595	279	2000	2816	919	2546	2360	3482	2210	4380	1408	2225	1258	4301	3344	3514	2543	3007	3401	4447	3141	2927	4448	2913	1501	3980	2593	3371	5026	2592	1921	1674	1409	931	
2528	896	4106	2310	2708	2517	3494	1162	2465	1345	1566	1868	604	2220	3056	4195	1319	1610	1096	2698	1194	3988	1749	786	1404	2006	1019	2032	186	1438	3675	2239	2483	776	714	1663	1902	2690	3536	3185	2787	1438	1398	2005	771	2675	2079	2574	1541	833	1444	771	2113	2331	1938	652	1593	2349	542	1974	0	334	1828	3690	2614	1839	1611	709	2038	2553	973	1951	1218	445	1828	1758	4353	1935	1934	1279	4261	1843	3648	1754	1410	1434	4446	1246	1170	2639	1078	1098	3935	2793	1827	3453	620	996	2743	722	1306	
2267	1201	3902	2221	2637	2670	3230	1424	2133	1678	1500	1535	272	2290	2920	3959	1044	1880	912	2920	1090	3736	1817	1004	1733	2087	1074	1758	237	1184	3425	1905	2605	717	987	1543	1908	2371	3266	3184	2610	1184	1072	1783	476	2768	2393	2457	1307	646	1512	948	1873	2040	2089	796	1499	2078	801	1718	334	0	1625	3438	2388	1548	1299	881	1753	2231	1306	1827	1488	643	1893	1501	4108	1603	1664	946	4017	1849	3376	1557	1438	1689	4199	1576	1501	2783	1411	1121	3687	2500	1848	3511	896	751	2669	673	984	
2974	2218	2280	925	4003	2427	1753	2138	1680	2942	754	1540	1457	1732	4095	2379	2031	2481	732	3002	2536	2203	1457	2606	2827	1663	1265	2495	1642	2212	1887	1764	2215	1121	2538	2892	1205	1511	1817	2088	3669	2212	1124	217	1722	2191	3217	3722	360	2064	1348	1639	2773	2581	2001	1543	620	2753	1836	2569	1828	1625	0	1908	3271	685	915	1617	2416	1470	2579	3133	3038	1666	1477	399	2550	1373	518	1323	2458	1176	1935	78	1165	2267	2646	2695	2821	2464	2667	2706	2141	1287	1250	2639	1923	883	4025	2244	1666	
3910	4122	859	2094	5379	3885	284	4011	2140	4850	2531	2561	3215	3166	5270	583	3454	4306	2616	4562	4131	298	3110	4442	4725	3210	3148	3594	3504	3603	38	2483	3623	3026	4403	4367	2760	1622	342	2810	4785	3603	2555	1704	3380	3460	5057	5024	2150	3713	3121	3540	3921	3491	3640	3450	2413	3723	3743	3732	3690	3438	1908	0	4293	1935	2259	3521	3483	1761	4486	4541	4907	3571	3093	1937	677	2337	1781	2782	589	2766	352	1986	2957	4103	763	4598	4728	3863	4575	4408	255	1140	2851	3471	3831	2697	5391	3964	3074	
397	3481	5059	4163	1361	5044	4012	3776	2157	3645	3610	1813	2263	4581	1004	4874	1378	4220	2898	5304	1539	4536	4125	2562	3853	4401	3411	776	2615	1213	4302	1811	4953	2992	2749	1166	4116	2678	3982	5293	511	1213	2149	3278	1930	5078	4592	957	2933	1782	3834	3336	527	803	4465	3184	3543	571	3154	718	2614	2388	3271	4293	0	2679	2370	3269	863	2533	3374	993	2978	3024	4193	2901	4916	2033	2900	1972	4842	4061	4043	3249	3718	4048	4974	3709	3451	5148	3464	1920	4533	3160	4087	5743	3233	2639	1348	1971	1649	
2355	2467	2528	1605	3556	3045	1703	2487	1010	3121	1345	888	1303	2379	3565	2489	1575	2890	920	3570	2208	2228	2048	2545	3078	2282	1654	1908	1661	1742	1927	1080	2852	1345	2534	2484	1848	952	1730	2768	3113	1742	635	617	1445	2854	3584	3237	509	1779	1874	1934	2211	1946	2568	1796	1221	2137	2038	2006	1839	1548	685	1935	2679	0	342	1891	1817	864	2742	2692	3036	1843	2082	292	2612	699	220	865	2523	1810	1836	703	1693	2670	2697	2930	2969	3096	2842	2473	2189	955	1875	3324	2140	868	3573	2031	1188	
2062	2323	2869	1836	3215	3122	2018	2394	965	2933	1447	633	1037	2496	3236	2820	1233	2821	869	3598	1874	2549	2119	2274	2923	2373	1616	1595	1446	1401	2253	913	2951	1246	2283	2143	1971	1082	2037	2995	2791	1401	297	907	1133	2986	3480	2899	621	1458	1904	1831	1889	1666	2609	1680	1339	1842	1886	1683	1611	1299	915	2259	2370	342	0	1780	1510	954	2553	2350	2779	1687	2164	532	2935	506	551	527	2847	1927	2138	907	1733	2601	3018	2771	2770	3187	2656	2155	2514	1221	1981	3519	1990	725	3233	1723	846	
3141	602	3799	1820	3415	1810	3369	617	2732	1334	1093	2222	1050	1534	3761	3967	1918	1062	977	2041	1900	3814	1074	1341	1213	1315	428	2627	657	2064	3500	2588	1775	546	1178	2368	1287	2831	3430	2549	3477	2064	1670	1828	1349	1974	1701	3282	1448	1508	780	67	2754	2892	1230	102	1170	2947	278	2595	709	881	1617	3521	3269	1891	1780	0	2614	2721	988	2657	1606	263	1154	1708	4151	2220	1907	1643	4059	1233	3547	1539	799	851	4249	1078	1233	1931	1067	1791	3749	2802	1198	2766	329	1055	3451	1431	1795	
570	2935	4224	3319	1939	4321	3206	3177	1384	3252	2802	956	1566	3806	1791	4066	720	3633	2098	4649	1268	3739	3365	2229	3399	3639	2684	114	1990	638	3490	1016	4206	2255	2372	1159	3320	1893	3186	4461	1316	638	1301	2416	1278	4306	4107	1558	2085	1267	3087	2681	441	298	3751	2519	2725	351	2553	279	2038	1753	2416	3483	863	1817	1510	2614	0	1739	2929	1198	2723	2393	3428	2042	4124	1180	2037	1145	4047	3266	3256	2397	2955	3441	4189	3245	3058	4415	3029	1703	3729	2344	3300	4935	2645	1843	1943	1548	855	
2150	3276	2549	2315	3665	3888	1479	3329	384	3884	2191	886	1961	3202	3516	2341	1850	3744	1769	4431	2584	2005	2899	3167	3877	3123	2513	1851	2393	1965	1771	726	3683	2179	3201	2725	2673	163	1451	3445	3028	1965	1161	1317	1976	3660	4422	3294	1372	2253	2736	2769	2180	1731	3427	2623	2062	1963	2839	2000	2553	2231	1470	1761	2533	864	954	2721	1739	0	3505	2860	3684	2641	2928	1130	2388	696	957	1328	2312	2641	1518	1512	2555	3523	2451	3725	3718	3931	3608	2939	2000	638	2711	4049	2943	1670	3672	2554	1514	
3363	457	4787	2790	3114	2299	4319	807	3435	380	2078	2841	1576	2298	3602	4946	2215	1059	1884	2219	1840	4781	1905	864	479	2080	1408	2903	1115	2297	4466	3211	2372	1461	649	2271	2196	3635	4374	3383	3438	2297	2361	2783	1713	2637	1221	3099	2363	1663	1666	988	2919	3227	1806	1043	2158	3209	743	2816	973	1306	2579	4486	3374	2742	2553	988	2929	3505	0	2537	787	918	1980	2610	5126	2904	2802	2251	5034	2148	4489	2501	1742	1006	5223	338	245	2441	105	1523	4719	3689	2095	3467	662	1874	3156	1412	2263	
1203	2729	5212	3927	870	4467	4276	3068	2538	2761	3266	1990	1811	4117	1105	5120	1119	3483	2578	4622	757	4815	3645	1683	3007	3914	2901	1089	2014	950	4542	2166	4422	2528	1890	288	3718	3021	4270	4976	907	950	2065	3206	1473	4594	3753	630	2773	1185	3339	2720	820	1384	3887	2589	3233	1197	2480	919	1951	1827	3133	4541	993	2692	2350	2657	1198	2860	2537	0	2038	2395	3720	2832	5205	2209	2898	1839	5122	3660	4352	3090	3261	3339	5277	2875	2574	4587	2616	1018	4794	3415	3666	5335	2539	2330	892	1232	1504	
3054	1214	5309	3417	2464	3086	4709	1585	3534	808	2676	2899	1742	3050	3018	5411	2074	1837	2307	2984	1480	5206	2630	524	1129	2828	2030	2669	1403	2093	4892	3247	3153	1942	505	1814	2886	3832	4749	4119	2938	2093	2528	3221	1722	3412	1833	2521	2758	1520	2363	1631	2598	3015	2584	1624	2731	2941	1329	2546	1218	1488	3038	4907	2978	3036	2779	1606	2723	3684	787	2038	0	1431	2707	2974	5571	3018	3146	2359	5479	2833	4860	2963	2404	1793	5664	1052	667	3228	802	1062	5152	3987	2792	4240	1292	2212	2507	1206	2254	
2910	637	3903	1989	3152	2072	3401	788	2616	1291	1245	2072	845	1787	3499	4041	1687	1245	967	2280	1638	3867	1322	1113	1238	1570	621	2400	409	1826	3552	2442	2038	545	970	2106	1508	2761	3456	2783	3220	1826	1539	1867	1118	2234	1816	3019	1446	1253	1021	326	2513	2677	1493	218	1301	2720	198	2360	445	643	1666	3571	3024	1843	1687	263	2393	2641	918	2395	1431	0	1401	1695	4216	2093	1889	1481	4124	1451	3571	1588	1013	1048	4312	1088	1158	2194	1012	1531	3806	2780	1425	3021	303	978	3188	1168	1596	
3992	1523	3117	1027	4521	963	3028	1214	3085	2229	738	2766	1945	397	4809	3407	2817	1319	1348	1532	2979	3354	80	2493	1971	213	821	3471	1721	2988	3062	3077	790	1208	2320	3435	333	2983	3115	1411	4475	2988	2214	1670	2289	885	2055	4350	1578	2536	385	1109	3666	3668	550	1184	866	3779	1417	3482	1828	1893	1477	3093	4193	2082	2164	1154	3428	2928	1980	3720	2707	1401	0	1800	3624	2670	1972	2304	3537	329	3231	1424	475	1164	3724	1902	2202	1023	2021	2926	3274	2747	244	1625	1427	1591	4554	2531	2573	
2593	2300	2444	1323	3702	2762	1735	2284	1301	2986	1062	1145	1284	2089	3755	2463	1716	2670	734	3301	2288	2236	1770	2505	2915	1998	1429	2125	1574	1892	1925	1366	2565	1168	2469	2607	1558	1198	1779	2487	3316	1892	777	380	1490	2562	3380	3402	263	1834	1611	1745	2415	2194	2297	1620	935	2373	1884	2210	1758	1501	399	1937	2901	292	532	1708	2042	1130	2610	2832	2974	1695	1800	0	2608	975	200	995	2517	1522	1892	411	1428	2450	2698	2772	2845	2810	2706	2510	2186	1094	1589	3035	1982	763	3722	2054	1337	
4527	4748	719	2600	6035	4342	929	4614	2758	5484	3124	3218	3888	3644	5903	235	4125	4882	3270	5034	4807	389	3651	5111	5344	3717	3764	4236	4167	4270	685	3114	4074	3672	5067	5036	3291	2239	939	3115	5414	4270	3231	2355	4057	3877	5635	5674	2813	4390	3696	4166	4564	4113	4160	4085	3014	4348	4383	4380	4353	4108	2550	677	4916	2612	2935	4151	4124	2388	5126	5205	5571	4216	3624	2608	0	2996	2455	3457	92	3304	872	2628	3541	4687	100	5222	5370	4302	5212	5084	423	1791	3388	3757	4467	3363	6045	4640	3746	
1685	2727	3049	2298	3043	3627	2068	2837	530	3279	1952	226	1331	3001	2967	2918	1160	3276	1361	4093	1889	2607	2625	2496	3308	2879	2098	1283	1792	1287	2340	407	3457	1707	2545	2052	2475	857	2061	3462	2496	1287	554	1315	1297	3489	3906	2691	1118	1560	2405	2276	1605	1268	3109	2118	1842	1473	2289	1408	1935	1603	1373	2337	2033	699	506	2220	1180	696	2904	2209	3018	2093	2670	975	2996	0	909	663	2914	2431	2144	1379	2236	3059	3068	3152	3104	3693	3009	2243	2588	1206	2486	4005	2395	1183	3054	1865	817	
2574	2498	2334	1416	3764	2931	1566	2484	1165	3178	1236	1105	1434	2246	3783	2321	1780	2868	931	3483	2392	2077	1946	2668	3112	2166	1628	2128	1752	1950	1770	1277	2726	1365	2641	2685	1716	1013	1603	2575	3333	1950	835	410	1611	2709	3580	3450	463	1951	1799	1944	2430	2164	2479	1818	1106	2356	2079	2225	1934	1664	518	1781	2900	220	551	1907	2037	957	2802	2898	3146	1889	1972	200	2455	909	0	1063	2365	1684	1714	555	1616	2649	2543	2968	3035	2974	2898	2638	2032	895	1754	3145	2177	941	3783	2188	1394	
1714	2104	3393	2193	2708	3224	2536	2254	1191	2623	1659	594	676	2673	2772	3346	721	2705	960	3615	1350	3070	2245	1840	2668	2516	1610	1206	1147	897	2777	966	3090	1186	1883	1622	2178	1480	2550	3323	2349	897	230	1372	649	3173	3295	2408	972	949	1982	1705	1461	1367	2670	1541	1581	1495	1672	1258	1279	946	1323	2782	1972	865	527	1643	1145	1328	2251	1839	2359	1481	2304	995	3457	663	1063	0	3370	2126	2648	1292	1836	2494	3539	2511	2445	3309	2356	1648	3037	1716	2163	3791	1776	713	2727	1235	343	
4455	4656	678	2514	5955	4262	847	4523	2685	5392	3033	3137	3798	3562	5828	176	4040	4793	3178	4952	4720	308	3563	5020	5253	3632	3672	4158	4076	4186	596	3038	3993	3579	4975	4951	3204	2165	862	3047	5340	4186	3144	2263	3968	3800	5546	5595	2721	4302	3606	4074	4487	4040	4074	3993	2923	4274	4291	4301	4261	4017	2458	589	4842	2523	2847	4059	4047	2312	5034	5122	5479	4124	3537	2517	92	2914	2365	3370	0	3217	801	2536	3451	4597	190	5130	5277	4223	5120	4996	334	1710	3301	3692	4375	3272	5965	4551	3661	
3835	1696	2815	718	4485	1252	2699	1433	2819	2431	480	2545	1854	570	4731	3090	2695	1603	1169	1853	2937	3029	347	2564	2199	490	831	3318	1710	2873	2736	2838	1043	1134	2409	3380	59	2687	2785	1342	4373	2873	2011	1360	2198	1060	2351	4288	1320	2476	482	1203	3535	3491	880	1236	592	3618	1509	3344	1843	1849	1176	2766	4061	1810	1927	1233	3266	2641	2148	3660	2833	1451	329	1522	3304	2431	1684	2126	3217	0	2901	1129	438	1429	3404	2114	2382	1290	2202	2933	2950	2431	85	1687	1541	1425	4516	2512	2419	
3655	4149	1204	2267	5175	4068	206	4069	1887	4860	2616	2362	3137	3342	5032	858	3289	4392	2605	4730	3990	500	3240	4377	4760	3365	3198	3368	3465	3428	385	2244	3812	3030	4355	4194	2903	1367	118	3077	4543	3428	2428	1720	3270	3669	5138	4809	2128	3593	3218	3572	3697	3241	3781	3469	2491	3476	3752	3514	3648	3376	1935	352	4043	1836	2138	3547	3256	1518	4489	4352	4860	3571	3231	1892	872	2144	1714	2648	801	2901	0	2012	3046	4183	933	4625	4728	4057	4582	4292	518	942	2987	3740	3845	2653	5184	3860	2918	
2958	2140	2352	928	3958	2379	1831	2062	1708	2864	694	1538	1396	1691	4062	2455	1992	2408	659	2945	2482	2281	1401	2534	2749	1614	1189	2474	1569	2174	1965	1775	2172	1044	2464	2845	1161	1560	1894	2088	3640	2174	1100	293	1667	2157	3143	3682	320	2009	1282	1561	2747	2570	1942	1465	561	2737	1758	2543	1754	1557	78	1986	3249	703	907	1539	2397	1512	2501	3090	2963	1588	1424	411	2628	1379	555	1292	2536	1129	2012	0	1099	2193	2724	2617	2743	2419	2589	2644	2218	1353	1201	2626	1845	820	3981	2182	1633	
3518	1300	3112	1053	4074	1396	2851	1086	2677	2046	430	2318	1474	865	4345	3339	2342	1350	889	1878	2527	3236	410	2126	1844	685	393	2996	1284	2514	2930	2641	1254	738	1973	2979	495	2626	2928	1775	4004	2514	1759	1378	1818	1360	2101	3891	1184	2076	184	774	3191	3198	878	798	557	3305	1077	3007	1410	1438	1165	2957	3718	1693	1733	799	2955	2555	1742	3261	2404	1013	475	1428	3541	2236	1616	1836	3451	438	3046	1099	0	1147	3641	1743	1981	1474	1803	2504	3162	2452	417	2074	1115	1123	4106	2091	2100	
3952	629	4236	2144	4016	1293	3991	273	3563	1141	1573	3071	1889	1394	4439	4482	2732	220	1754	1284	2590	4383	1107	1774	837	1194	1021	3446	1452	2864	4077	3434	1383	1356	1561	3055	1461	3621	4065	2486	4206	2864	2514	2484	2165	1662	955	3944	2188	2267	992	789	3545	3726	835	953	1693	3766	895	3401	1434	1689	2267	4103	4048	2670	2601	851	3441	3523	1006	3339	1793	1048	1164	2450	4687	3059	2649	2494	4597	1429	4183	2193	1147	0	4786	808	1172	1436	1004	2375	4309	3529	1354	2491	815	1881	4055	2116	2639	
4584	4846	795	2700	6105	4441	1006	4713	2819	5582	3223	3289	3977	3744	5964	329	4202	4982	3365	5133	4888	469	3751	5202	5443	3817	3862	4301	4260	4346	774	3177	4172	3767	5159	5112	3391	2300	1008	3206	5475	4346	3314	2449	4142	3974	5735	5741	2905	4474	3796	4264	4630	4172	4260	4182	3113	4408	4479	4447	4446	4199	2646	763	4974	2697	3018	4249	4189	2451	5223	5277	5664	4312	3724	2698	100	3068	2543	3539	190	3404	933	2724	3641	4786	0	5320	5466	4400	5309	5169	512	1863	3488	3846	4564	3455	6114	4727	3825	
3690	477	4841	2794	3441	2085	4447	688	3680	335	2120	3105	1837	2180	3937	5033	2527	801	2038	1933	2176	4889	1833	1198	158	1970	1460	3223	1364	2617	4576	3476	2189	1605	986	2609	2157	3848	4508	3274	3776	2617	2601	2907	2008	2469	884	3434	2516	1983	1636	1058	3249	3542	1641	1157	2217	3532	893	3141	1246	1576	2695	4598	3709	2930	2771	1078	3245	3725	338	2875	1052	1088	1902	2772	5222	3152	2968	2511	5130	2114	4625	2617	1743	808	5320	0	389	2229	266	1860	4823	3863	2051	3298	792	2066	3483	1743	2551	
3466	686	5032	3031	3092	2461	4559	1006	3634	195	2322	3030	1773	2508	3611	5191	2354	1186	2122	2321	1913	5024	2129	894	465	2292	1652	3024	1325	2421	4708	3397	2553	1702	703	2320	2429	3851	4612	3598	3480	2421	2567	3025	1880	2826	1194	3109	2600	1792	1900	1233	3016	3356	1995	1288	2403	3323	987	2927	1170	1501	2821	4728	3451	2969	2770	1233	3058	3718	245	2574	667	1158	2202	2845	5370	3104	3035	2445	5277	2382	4728	2743	1981	1172	5466	389	0	2605	181	1557	4962	3919	2327	3657	907	2102	3134	1518	2434	
4972	2032	3697	1793	5338	145	3851	1652	4103	2555	1753	3787	2886	739	5691	4072	3772	1438	2363	774	3831	4092	1071	3159	2225	815	1738	4450	2577	3936	3829	4100	251	2162	2955	4299	1259	3975	3947	1395	5393	3936	3231	2641	3221	446	1941	5213	2597	3426	1329	1868	4624	4666	701	1999	1875	4763	2131	4448	2639	2783	2464	3863	5148	3096	3187	1931	4415	3931	2441	4587	3228	2194	1023	2810	4302	3693	2974	3309	4223	1290	4057	2419	1474	1436	4400	2229	2605	0	2440	3699	4006	3696	1221	1136	2096	2596	5374	3361	3561	
3458	506	4865	2855	3175	2296	4411	828	3539	280	2150	2946	1681	2329	3673	5031	2316	1035	1978	2185	1928	4870	1948	936	391	2112	1480	3001	1219	2396	4555	3316	2381	1553	726	2353	2249	3738	4466	3418	3519	2396	2465	2873	1817	2652	1138	3171	2458	1762	1720	1062	3013	3327	1820	1127	2235	3306	832	2913	1078	1411	2667	4575	3464	2842	2656	1067	3029	3608	105	2616	802	1012	2021	2706	5212	3009	2898	2356	5120	2202	4582	2589	1803	1004	5309	266	181	2440	0	1599	4807	3787	2147	3483	745	1973	3217	1506	2368	
1994	1750	4952	3343	1644	3570	4172	2109	2713	1746	2616	2076	1249	3316	2083	4958	1138	2501	2022	3656	435	4701	2847	665	1990	3101	2116	1636	1224	1104	4400	2382	3560	1822	874	766	2992	3098	4192	4275	1923	1104	1864	2839	1028	3764	2736	1582	2363	699	2542	1847	1539	1985	3002	1745	2619	1891	1568	1501	1098	1121	2706	4408	1920	2473	2155	1791	1703	2939	1523	1018	1062	1531	2926	2510	5084	2243	2638	1648	4996	2933	4292	2644	2504	2375	5169	1860	1557	3699	1599	0	4662	3364	2921	4549	1607	1824	1683	462	1426	
4148	4348	722	2261	5630	4036	523	4226	2377	5080	2740	2811	3466	3324	5514	344	3709	4509	2856	4720	4386	89	3296	4690	4948	3381	3369	3840	3749	3856	262	2725	3770	3261	4648	4621	2941	1857	554	2892	5028	3856	2810	1941	3634	3592	5262	5273	2394	3968	3322	3766	4168	3730	3817	3680	2626	3963	3976	3980	3935	3687	2141	255	4533	2189	2514	3749	3729	2000	4719	4794	5152	3806	3274	2186	423	2588	2032	3037	334	2950	518	2218	3162	4309	512	4823	4962	4006	4807	4662	0	1387	3035	3548	4062	2943	5641	4218	3329	
2781	3392	1911	1958	4245	3675	865	3374	1022	4067	2039	1427	2247	2957	4132	1722	2348	3747	1826	4278	3051	1402	2735	3490	4006	2920	2510	2454	2616	2486	1146	1349	3444	2260	3487	3253	2450	526	855	3014	3648	2486	1503	1080	2350	3372	4468	3886	1355	2665	2634	2838	2782	2359	3282	2713	1906	2589	2972	2593	2793	2500	1287	1140	3160	955	1221	2802	2344	638	3689	3415	3987	2780	2747	1094	1791	1206	895	1716	1710	2431	942	1353	2452	3529	1863	3863	3919	3696	3787	3364	1387	0	2510	3650	3071	1817	4255	2941	1977	
3868	1641	2895	799	4486	1178	2784	1367	2883	2371	535	2596	1866	516	4743	3174	2717	1525	1204	1771	2938	3114	263	2535	2133	413	809	3349	1700	2894	2821	2894	977	1138	2376	3385	107	2760	2871	1359	4391	2894	2055	1437	2211	1013	2271	4295	1380	2481	430	1164	3561	3530	795	1208	654	3652	1473	3371	1827	1848	1250	2851	4087	1875	1981	1198	3300	2711	2095	3666	2792	1425	244	1589	3388	2486	1754	2163	3301	85	2987	1201	417	1354	3488	2051	2327	1221	2147	2921	3035	2510	0	1671	1499	1457	4518	2506	2450	
5505	3027	3071	1735	6144	1273	3542	2660	4307	3631	2134	4152	3538	1234	6414	3522	4382	2534	2846	1831	4600	3637	1704	4089	3315	1451	2444	4993	3346	4560	3433	4401	1112	2808	3903	5052	1630	4047	3646	663	6060	4560	3653	2746	3883	831	3077	5964	2898	4149	2010	2715	5219	5146	1662	2805	2211	5286	3015	5026	3453	3511	2639	3471	5743	3324	3519	2766	4935	4049	3467	5335	4240	3021	1625	3035	3757	4005	3145	3791	3692	1687	3740	2626	2074	2491	3846	3298	3657	1136	3483	4549	3548	3650	1671	0	3008	3104	6177	4155	4097	
3145	333	4125	2147	3250	1964	3671	543	2919	1019	1422	2369	1125	1788	3643	4285	1930	991	1248	2087	1784	4125	1347	1082	939	1566	756	2644	660	2055	3810	2740	1969	816	897	2252	1594	3063	3728	2836	3395	2055	1841	2131	1368	2196	1518	3152	1727	1452	1072	342	2733	2934	1402	382	1498	2963	105	2592	620	896	1923	3831	3233	2140	1990	329	2645	2943	662	2539	1292	303	1427	1982	4467	2395	2177	1776	4375	1541	3845	1845	1115	815	4564	792	907	2096	745	1607	4062	3071	1499	3008	0	1278	3288	1309	1872	
2411	1609	3153	1597	3190	2513	2498	1669	1682	2253	973	1222	576	1964	3356	3211	1288	2099	260	2929	1679	2995	1532	1749	2216	1803	922	1893	812	1470	2682	1571	2376	525	1707	2069	1479	1785	2541	2674	2971	1470	654	1033	868	2464	2755	2943	556	1201	1272	1106	2115	2078	1966	955	916	2195	1174	1921	996	751	883	2697	2639	868	725	1055	1843	1670	1874	2330	2212	978	1591	763	3363	1183	941	713	3272	1425	2653	820	1123	1881	3455	2066	2102	2596	1973	1824	2943	1817	1457	3104	1278	0	3216	1362	994	
1714	3428	6084	4812	44	5248	5119	3791	3326	3302	4138	2830	2682	4950	624	5972	2006	4173	3460	5334	1579	5657	4477	2299	3594	4741	3734	1829	2834	1832	5394	2956	5226	3382	2517	1147	4575	3830	5107	5844	904	1832	2951	4097	2353	5416	4327	398	3665	2045	4170	3511	1506	2040	4674	3394	4111	1811	3244	1674	2743	2669	4025	5391	1348	3573	3233	3451	1943	3672	3156	892	2507	3188	4554	3722	6045	3054	3783	2727	5965	4516	5184	3981	4106	4055	6114	3483	3134	5374	3217	1683	5641	4255	4518	6177	3288	3216	0	2026	2389	
1952	1522	4494	2891	1991	3239	3734	1843	2362	1713	2172	1721	786	2926	2337	4509	870	2271	1562	3395	476	4259	2453	691	1890	2715	1711	1508	810	909	3955	2056	3204	1386	825	945	2571	2709	3758	3851	2090	909	1439	2378	591	3390	2624	1852	1902	317	2146	1493	1507	1845	2661	1370	2169	1805	1248	1409	722	673	2244	3964	1971	2031	1723	1431	1548	2554	1412	1232	1206	1168	2531	2054	4640	1865	2188	1235	4551	2512	3860	2182	2091	2116	4727	1743	1518	3361	1506	462	4218	2941	2506	4155	1309	1362	2026	0	1067	
1419	2184	3713	2527	2371	3467	2819	2384	1297	2621	1963	656	751	2953	2429	3645	387	2841	1252	3815	1077	3358	2510	1730	2709	2785	1833	899	1214	557	3072	993	3351	1404	1811	1300	2474	1674	2826	3646	2011	557	562	1715	554	3453	3377	2065	1313	754	2233	1861	1130	1111	2901	1697	1894	1205	1773	931	1306	984	1666	3074	1649	1188	846	1795	855	1514	2263	1504	2254	1596	2573	1337	3746	817	1394	343	3661	2419	2918	1633	2100	2639	3825	2551	2434	3561	2368	1426	3329	1977	2450	4097	1872	994	2389	1067	0	


0	 CF145HU	 0 	 0 	 540  	 1080  	 0  	 0 

1	 CF147BB 	 1 	 8 	 540  	 780  	 7  	 3 
2	 CF103DY 	 1 	 5 	 540  	 780  	 7  	 3 
3	 CF142SJ 	 1 	 10 	 600  	 840  	 8  	 4 
4	 CF149EW	 1 	 8 	 660  	 900  	 5  	 2 
5	 CF52RY 	 1 	 2 	 540  	 780  	 7  	 3 
6	 CF244YA 	 1 	 8 	 540  	 780  	 5  	 2 
7	 CF142TD 	 1 	 2 	 600  	 840  	 9  	 4 
8	 CF235QA	 1 	 4 	 540  	 780  	 10  	 5 
9	 CF147EN 	 1 	 9 	 540  	 780  	 7  	 3 
10	 CF141JZ 	 1 	 4 	 720  	 960  	 8  	 4 
11	 CF144HB 	 0 	 11 	 660  	 900  	 7  	 3 
12	 CF146AW	 1 	 6 	 540  	 780  	 5  	 2 
13	 CF142JH 	 1 	 5 	 720  	 960  	 6  	 3 
14	 CF149HJ 	 1 	 6 	 660  	 900  	 6  	 3 
15	 CF244EA 	 1 	 5 	 660  	 900  	 8  	 4 
16	 CF145EY 	 1 	 8 	 600  	 840  	 8  	 4 
17	 CF142TA 	 1 	 7 	 720  	 960  	 8  	 4 
18	 CF141RL 	 1 	 1 	 600  	 840  	 5  	 2 
19	 CF52TD 	 1 	 7 	 540  	 780  	 9  	 4 
20	 CF146RG 	 1 	 7 	 540  	 780  	 10  	 5 
21	 CF244EW	 1 	 3 	 540  	 780  	 10  	 5 
22	 CF142LE 	 1 	 10 	 720  	 960  	 8  	 4 
23	 CF146UJ 	 1 	 1 	 720  	 960  	 7  	 3 
24	 CF147DZ 	 1 	 8 	 600  	 840  	 9  	 4 
25	 CF142LX 	 1 	 8 	 600  	 840  	 5  	 2 
26	 CF141XG 	 1 	 5 	 720  	 960  	 7  	 3 
27	 CF145EA 	 0 	 12 	 660  	 900  	 10  	 5 
28	 CF146BT 	 1 	 5 	 600  	 840  	 10  	 5 
29	 CF145ZG 	 1 	 5 	 720  	 960  	 7  	 3 
30	 CF244FA 	 1 	 3 	 720  	 960  	 9  	 4 
31	 CF145QH	 1 	 1 	 540  	 780  	 6  	 3 
32	 CF52QH 	 1 	 7 	 600  	 840  	 6  	 3 
33	 CF141QE 	 1 	 3 	 540  	 780  	 7  	 3 
34	 CF146JA 	 1 	 3 	 540  	 780  	 10  	 5 
35	 CF145JD 	 1 	 4 	 600  	 840  	 8  	 4 
36	 CF142PR 	 1 	 1 	 720  	 960  	 10  	 5 
37	 CF143RE 	 1 	 7 	 600  	 840  	 6  	 3 
38	 CF244QE 	 1 	 5 	 720  	 960  	 5  	 2 
39	 CF52JD 	 1 	 2 	 660  	 900  	 8  	 4 
40	 CF149DG	 1 	 8 	 720  	 960  	 5  	 2 
41	 CF145GN	 1 	 7 	 660  	 900  	 8  	 4 
42	 CF144NZ	 1 	 1 	 540  	 780  	 6  	 3 
43	 CF143BP 	 1 	 5 	 540  	 780  	 10  	 5 
44	 CF144SX 	 0 	 15 	 660  	 900  	 10  	 5 
45	 CF52QD 	 1 	 6 	 600  	 840  	 7  	 3 
46	 CF147JJ 	 1 	 9 	 660  	 900  	 5  	 2 
47	 CF149EG 	 0 	 16 	 540  	 780  	 7  	 3 
48	 CF141RR 	 1 	 2 	 660  	 900  	 8  	 4 
49	 CF146NY	 0 	 18 	 720  	 960  	 6  	 3 
50	 CF141NL 	 1 	 5 	 540  	 780  	 10  	 5 
51	 CF141AU	 1 	 10 	 720  	 960  	 5  	 2 
52	 CF145AA 	 1 	 9 	 720  	 960  	 6  	 3 
53	 CF145DW 1 	 7 	 540  	 780  	 6  	 3 
54	 CF142FL 	 1 	 2 	 540  	 780  	 9  	 4 
55	 CF141AF 	 1 	 9 	 660  	 900  	 5  	 2 
56	 CF141HJ 	 1 	 1 	 660  	 900  	 9  	 4 
57	 CF145NG	 1 	 10 	 600  	 840  	 7  	 3 
58	 CF147AD	 0 	 20 	 720  	 960  	 10  	 5 
59	 CF145DT 	 1 	 4 	 660  	 900  	 8  	 4 
60	 CF146EJ 	 1 	 3 	 600  	 840  	 5  	 2 
61	 CF146AE 	 1 	 1 	 600  	 840  	 8  	 4 
62	 CF141HW 1 	 5 	 660  	 900  	 9  	 4 
63	 CF244XR 	 1 	 6 	 600  	 840  	 5  	 2 
64	 CF145AW	 1 	 4 	 540  	 780  	 5  	 2 
65	 CF144DP 	 1 	 4 	 660  	 900  	 6  	 3 
66	 CF144JX 	 1 	 8 	 600  	 840  	 5  	 2 
67	 CF141AS 	 1 	 4 	 660  	 900  	 10  	 5 
68	 CF145DY 	 1 	 10 	 540  	 780  	 9  	 4 
69	 CF143RF 	 1 	 7 	 540  	 780  	 9  	 4 
70	 CF147DE 	 1 	 5 	 720  	 960  	 6  	 3 
71	 CF149BE 	 1 	 8 	 540  	 780  	 7  	 3 
72	 CF147TJ 	 1 	 10 	 720  	 960  	 5  	 2 
73	 CF141BD 	 0 	 17 	 660  	 900  	 5  	 2 
74	 CF142LQ 	 1 	 10 	 720  	 960  	 7  	 3 
75	 CF144DA	 1 	 3 	 660  	 900  	 10  	 5 
76	 CF244BL 	 1 	 7 	 600  	 840  	 8  	 4 
77	 CF144NA	 1 	 4 	 600  	 840  	 9  	 4 
78	 CF144DE 	 0 	 4 	 720  	 960  	 10  	 5 
79	 CF144PP 	 1 	 6 	 720  	 960  	 5  	 2 
80	 CF244BU 	 1 	 6 	 720  	 960  	 5  	 2 
81	 CF142NY	 0 	 19 	 720  	 960  	 10  	 5 
82	 CF244QS 	 1 	 10 	 540  	 780  	 10  	 5 
83	 CF141HU	 1 	 8 	 660  	 900  	 7  	 3 
84	 CF141NS 	 1 	 2 	 720  	 960  	 7  	 3 
85	 CF142DG	 0 	 25 	 600  	 840  	 7  	 3 
86	 CF244BQ	 1 	 2 	 720  	 960  	 5  	 2 
87	 CF147DU	 1 	 2 	 660  	 900  	 8  	 4 
88	 CF147EX 	 1 	 3 	 600  	 840  	 5  	 2 
89	 CF52QQ 	 1 	 2 	 720  	 960  	 6  	 3 
90	 CF147TB 	 1 	 10 	 540  	 780  	 7  	 3 
91	 CF146RJ 	 1 	 10 	 720  	 960  	 6  	 3 
92	 CF244ES 	 1 	 4 	 660  	 900  	 8  	 4 
93	 CF143QY	 0 	 5 	 720  	 960  	 6  	 3 
94	 CF142LD 	 1 	 4 	 660  	 900  	 6  	 3 
95	 CF52JT 	 1 	 5 	 660  	 900  	 9  	 4 
96	 CF147AB 	 1 	 3 	 540  	 780  	 7  	 3 
97	 CF141UE 	 0 	 23 	 600  	 840  	 8  	 4 
98	 CF149DY 	 1 	 8 	 540  	 780  	 8  	 4 
99	 CF146NR	 1 	 6 	 540  	 780  	 6  	 3 
100	 CF145DJ 	 1 	 7 	 720  	 960  	 8  	 4 
