100

1200
32
10
500

0	1445	400	4378	4029	653	510	3977	4196	916	2952	4481	1295	1017	1950	1397	3006	4203	3303	1879	710	914	3118	225	1915	1719	3742	2324	4039	4607	3117	1681	686	3947	1196	3238	2996	2185	2885	630	2269	398	3109	3602	2966	2626	770	2843	2788	3956	1428	1041	991	1888	2322	4393	1873	3158	4315	3202	1852	2185	3852	2624	2069	4826	1681	1756	4629	4375	770	2185	770	1112	1410	1213	770	3690	3433	4185	262	867	582	1192	1247	1599	2666	1769	2107	565	3117	1939	2692	1871	4664	2708	2262	4006	3091	1776	1483	
1445	0	1431	5505	5086	1375	944	4315	4598	2021	3450	5573	329	1998	2722	2467	2514	5332	3589	1818	836	1555	3380	1352	2960	2181	4026	3267	4384	4775	3205	1322	2021	4930	1711	3286	2919	2435	3183	1795	2821	1493	3491	3333	3315	1620	2144	2977	3483	5116	2599	524	1260	2472	1933	5382	2717	3728	5438	3521	2373	2784	5038	3302	2661	5959	293	2780	4882	4936	2144	1249	2144	1272	2833	2606	2144	4779	3258	5328	1707	765	1831	1847	2132	2903	3876	2268	2297	990	3308	2079	2652	529	5755	3158	3188	3646	3416	2959	2808	
400	1431	0	4166	3786	1021	539	3589	3815	1305	2573	4254	1201	1415	1599	1123	2644	3991	2909	1497	887	1295	2722	592	1645	1323	3350	2026	3653	4212	2717	1352	1025	3678	797	2838	2600	1786	2490	372	1889	63	2721	3213	2574	2371	732	2443	2436	3756	1208	1151	635	2287	1963	4129	1537	2790	4101	2809	1461	1810	3664	2267	1690	4618	1614	1473	4238	4015	732	1935	732	1434	1616	1469	732	3458	3039	3979	533	1050	962	1586	899	1903	2485	2163	1708	442	2719	1542	2296	1767	4438	2322	1957	3621	2699	2121	1378	
4378	5505	4166	0	519	4972	4704	3022	2852	4748	2754	208	5204	4927	2861	3052	4824	176	3179	4161	5044	5157	3265	4594	2546	3499	3164	2269	3010	3653	3661	4588	4361	849	3831	3747	4018	3569	3233	3801	2992	4115	2984	4507	3097	5574	3635	3593	2377	444	2962	5315	4263	5767	4569	693	2826	2495	71	3115	3320	2963	591	2519	3056	453	5595	2726	3404	2364	3635	5308	3635	5466	3837	4067	3635	734	4264	205	4213	5208	4525	5301	3374	4377	1724	5769	3703	4573	3430	3850	3958	5655	332	2963	2351	4840	3122	4757	2940	
4029	5086	3786	519	0	4644	4320	2530	2379	4476	2236	501	4778	4654	2401	2664	4310	411	2661	3677	4672	4846	2746	4249	2145	3029	2658	1823	2522	3186	3142	4118	4079	348	3392	3228	3500	3072	2716	3430	2498	3739	2465	3989	2579	5082	3310	3076	1868	501	2601	4927	3833	5523	4070	460	2380	1975	453	2596	2846	2476	642	2016	2574	925	5161	2321	2949	1928	3310	4828	3310	5132	3634	3843	3310	356	3745	468	3883	4836	4228	5014	2958	4194	1449	5508	3208	4177	2911	3363	3444	5209	677	2449	1904	4324	2602	4579	2643	
653	1375	1021	4972	4644	0	749	4609	4835	650	3593	5084	1377	627	2602	2042	3440	4797	3923	2389	558	284	3732	433	2555	2335	4366	2971	4673	5220	3701	2086	764	4578	1795	3816	3543	2780	3502	1282	2909	1036	3740	4113	3591	2853	1338	3431	3440	4541	2053	856	1494	1319	2763	5021	2526	3806	4911	3825	2481	2829	4429	3276	2710	5415	1662	2400	5254	5026	1338	2423	1337	497	1605	1341	1338	4299	3965	4775	761	612	551	603	1899	1554	3250	1168	2687	933	3720	2502	3240	1890	5266	3342	2911	4498	3714	1584	2038	
510	944	539	4704	4320	749	0	3966	4213	1275	2987	4791	787	1320	2076	1657	2692	4529	3261	1652	379	1026	3063	480	2176	1691	3707	2543	4032	4541	2997	1338	1153	4204	1144	3106	2814	2094	2838	909	2307	594	3100	3370	2941	2173	1209	2732	2902	4295	1747	612	773	2065	2014	4656	2031	3227	4639	3171	1858	2241	4204	2728	2117	5156	1172	2002	4595	4457	1209	1734	1209	1021	1917	1711	1209	3994	3229	4518	772	531	997	1351	1396	2067	3023	1905	1989	200	3035	1791	2514	1362	4974	2717	2471	3752	3060	2198	1896	
3977	4315	3589	3022	2530	4609	3966	0	320	4795	1050	2913	3992	4941	2110	2802	2406	2940	726	2500	4337	4885	936	4181	2488	2280	308	2103	69	766	1188	3011	4417	2182	2827	1170	1581	1896	1139	3393	1714	3580	869	1737	1026	3525	3601	1358	1401	2969	2943	4430	3213	5851	2559	2411	2231	958	2965	801	2128	1806	3050	1490	1915	3317	4241	2534	673	876	3601	3476	3600	4982	4458	4526	3601	2539	1557	2997	3993	4468	4455	5168	2762	5001	2837	5744	2025	3769	1024	2242	1745	4171	3020	1269	2100	1951	910	5351	3317	
4196	4598	3815	2852	2379	4835	4213	320	0	4991	1244	2727	4273	5142	2288	2968	2726	2785	1018	2789	4587	5108	1228	4405	2612	2522	626	2202	259	810	1504	3302	4605	2032	3069	1489	1900	2167	1415	3598	1927	3801	1117	2047	1287	3843	3777	1661	1518	2842	3091	4693	3470	6057	2870	2212	2400	1081	2799	1078	2360	2011	2937	1636	2127	3116	4532	2677	606	585	3777	3786	3777	5223	4594	4679	3777	2430	1873	2846	4196	4722	4655	5384	2964	5148	2852	5957	2302	4017	1330	2520	2056	4469	2820	1497	2211	2239	1182	5506	3442	
916	2021	1305	4748	4476	650	1275	4795	4991	0	3751	4882	1995	179	2705	2052	3916	4577	4150	2795	1191	580	3975	807	2516	2589	4580	2955	4855	5459	4005	2577	406	4458	2092	4130	3904	3072	3741	1408	3083	1288	3938	4517	3807	3444	1244	3729	3520	4307	1992	1505	1905	1084	3231	4885	2602	3924	4692	4044	2700	2990	4179	3373	2883	5177	2304	2390	5460	5110	1244	3006	1244	998	1078	798	1244	4122	4345	4546	812	1262	348	569	2034	913	3036	1036	3005	1417	3989	2846	3600	2529	5060	3532	2909	4922	3935	941	1835	
2952	3450	2573	2754	2236	3593	2987	1050	1244	3751	0	2714	3121	3900	1060	1753	2085	2622	563	1704	3363	3865	548	3162	1473	1303	882	1138	1107	1768	922	2216	3369	1935	1844	1026	1264	1040	480	2354	684	2558	294	1795	348	2982	2550	842	477	2550	1901	3493	2263	4814	1951	2317	1182	305	2685	454	1129	767	2578	483	883	3146	3423	1498	1722	1488	2550	2818	2550	3990	3419	3479	2550	2098	1542	2659	2953	3504	3414	4140	1721	3956	2014	4713	1189	2794	702	1398	1230	3394	2867	295	1115	2175	406	4303	2291	
4481	5573	4254	208	501	5084	4791	2913	2727	4882	2714	0	5267	5060	2899	3135	4795	328	3113	4178	5137	5277	3211	4698	2621	3529	3071	2316	2897	3520	3609	4618	4491	780	3884	3689	3976	3571	3194	3893	2998	4205	2930	4443	3053	5582	3747	3556	2362	610	3057	5400	4323	5911	4568	528	2874	2443	221	3055	3346	2977	768	2513	3075	432	5653	2799	3265	2220	3747	5329	3747	5576	3991	4215	3747	797	4203	385	4324	5301	4650	5430	3442	4537	1847	5907	3708	4653	3376	3864	3931	5704	184	2938	2397	4763	3069	4918	3061	
1295	329	1201	5204	4778	1377	787	3992	4273	1995	3121	5267	0	2001	2403	2181	2265	5032	3266	1498	820	1600	3057	1250	2662	1854	3705	2956	4061	4463	2891	1014	1930	4615	1393	2976	2617	2108	2858	1549	2493	1265	3164	3059	2988	1489	1931	2658	3157	4821	2326	614	945	2584	1652	5066	2403	3400	5136	3196	2046	2457	4747	2976	2334	5657	415	2483	4565	4607	1931	1075	1931	1391	2704	2497	1931	4476	2971	5030	1555	814	1758	1915	1832	2837	3594	2390	1971	770	2989	1753	2344	577	5449	2829	2877	3389	3091	2935	2566	
1017	1998	1415	4927	4654	627	1320	4941	5142	179	3900	5060	2001	0	2859	2215	3992	4755	4288	2890	1184	481	4110	876	2685	2718	4721	3123	5002	5597	4128	2645	580	4635	2209	4250	4014	3195	3876	1549	3228	1404	4081	4616	3947	3470	1412	3853	3679	4486	2161	1475	1993	920	3309	5062	2759	4079	4871	4183	2835	3136	4358	3530	3027	5356	2286	2556	5603	5270	1412	3036	1412	892	1236	958	1412	4301	4450	4724	949	1232	487	400	2180	1010	3215	860	3122	1478	4119	2957	3709	2516	5238	3675	3076	5016	4074	971	2013	
1950	2722	1599	2861	2401	2602	2076	2110	2288	2705	1060	2899	2403	2859	0	697	2275	2695	1533	1339	2453	2862	1402	2169	578	646	1926	600	2166	2816	1594	1730	2316	2216	1011	1730	1719	895	1184	1329	468	1572	1285	2388	1194	2762	1491	1349	839	2520	866	2644	1463	3777	1821	2665	142	1220	2791	1418	488	361	2480	676	331	3308	2771	510	2782	2427	1491	2460	1491	3033	2378	2424	1491	2127	2145	2705	1920	2607	2372	3120	703	2904	1493	3687	978	1901	1477	1055	1493	2809	3078	890	517	2819	1319	3245	1291	
1397	2467	1123	3052	2664	2042	1657	2802	2968	2052	1753	3135	2181	2215	697	0	2702	2878	2227	1588	2010	2280	2087	1622	523	955	2623	930	2857	3513	2240	1804	1653	2559	913	2376	2297	1406	1862	775	1146	1077	1982	2972	1885	2917	814	1978	1472	2652	227	2265	1272	3135	2129	3008	571	1889	2986	2112	930	1040	2571	1334	967	3505	2587	359	3475	3058	814	2543	814	2509	1686	1727	814	2338	2743	2869	1307	2173	1735	2509	396	2207	1415	3062	1428	1520	2149	1402	2032	2681	3318	1584	872	3406	2011	2550	670	
3006	2514	2644	4824	4310	3440	2692	2406	2726	3916	2085	4795	2265	3992	2275	2702	0	4684	1807	1178	2954	3712	1644	3117	2844	1750	2104	2800	2469	2569	1264	1354	3668	4019	1969	1245	858	1381	1609	2718	1927	2679	1906	878	1758	1200	3141	1245	2452	4582	2929	2862	2016	4749	684	4400	2394	2372	4755	1819	1821	1997	4586	2328	1959	5227	2318	2731	2764	3245	3141	1330	3140	3609	4159	4073	3141	4138	910	4715	3177	3015	3587	4039	2361	4532	3752	4576	1304	2517	1488	1300	867	2155	4950	1861	2729	1134	1770	4765	3367	
4203	5332	3991	176	411	4797	4529	2940	2785	4577	2622	328	5032	4755	2695	2878	4684	0	3063	4001	4869	4983	3142	4418	2373	3335	3068	2101	2932	3591	3536	4424	4189	758	3660	3625	3885	3416	3101	3625	2837	3939	2860	4389	2968	5417	3460	3459	2233	283	2787	5140	4092	5598	4416	701	2658	2371	116	2995	3158	2806	441	2371	2896	628	5424	2552	3349	2319	3460	5146	3460	5291	3672	3900	3460	569	4143	73	4038	5033	4352	5128	3201	4215	1549	5598	3548	4398	3306	3692	3817	5486	489	2823	2184	4729	2997	4596	2766	
3303	3589	2909	3179	2661	3923	3261	726	1018	4150	563	3113	3266	4288	1533	2227	1807	3063	0	1775	3628	4202	210	3500	2007	1588	447	1696	795	1309	543	2286	3784	2336	2130	588	950	1176	423	2742	1086	2904	271	1329	345	2858	2994	646	1036	3024	2397	3710	2500	5188	1862	2668	1668	707	3114	117	1453	1190	3069	1040	1280	3540	3516	2011	1334	1461	2994	2775	2993	4280	3910	3948	2994	2571	1091	3108	3340	3755	3805	4494	2124	4431	2575	5071	1302	3062	327	1518	1053	3451	3251	643	1668	1670	217	4764	2808	
1879	1818	1497	4161	3677	2389	1652	2500	2789	2795	1704	4178	1498	2890	1339	1588	1178	4001	1775	0	1978	2671	1565	2019	1842	702	2209	1934	2569	2970	1398	517	2518	3446	792	1491	1167	664	1378	1542	1189	1525	1696	1728	1518	1424	1963	1160	1863	3844	1812	1990	899	3707	543	3878	1420	2002	4090	1712	854	1201	3812	1691	1105	4598	1744	1696	3067	3162	1963	1154	1962	2650	2981	2898	1963	3433	1577	4017	2025	2079	2456	2991	1216	3362	2815	3554	516	1458	1491	319	872	1695	4351	1409	1853	2127	1611	3610	2234	
710	836	887	5044	4672	558	379	4337	4587	1191	3363	5137	820	1184	2453	2010	2954	4869	3628	1978	0	787	3428	553	2532	2065	4074	2910	4403	4900	3346	1609	1195	4565	1519	3452	3144	2456	3205	1244	2685	933	3473	3675	3311	2302	1476	3086	3281	4629	2082	348	1129	1803	2291	5016	2405	3605	4980	3539	2235	2620	4532	3106	2495	5495	1115	2361	4960	4835	1476	1877	1476	673	2023	1784	1476	4342	3547	4855	950	164	998	1109	1768	2067	3348	1623	2345	570	3395	2142	2848	1338	5321	3092	2840	4043	3429	2132	2185	
914	1555	1295	5157	4846	284	1026	4885	5108	580	3865	5277	1600	481	2862	2280	3712	4983	4202	2671	787	0	4012	704	2785	2614	4644	3209	4948	5501	3984	2359	839	4794	2076	4100	3827	3062	3782	1535	3181	1307	4016	4395	3869	3087	1538	3714	3699	4722	2274	1032	1777	1039	3038	5233	2781	4072	5098	4103	2757	3099	4604	3537	2981	5596	1847	2636	5533	5289	1538	2664	1538	418	1637	1360	1538	4498	4248	4958	977	796	644	327	2161	1484	3434	884	2971	1214	4002	2786	3524	2081	5458	3617	3151	4778	3993	1447	2217	
3118	3380	2722	3265	2746	3732	3063	936	1228	3975	548	3211	3057	4110	1402	2087	1644	3142	210	1565	3428	4012	0	3312	1908	1399	651	1633	1005	1490	399	2076	3615	2431	1938	485	789	972	234	2568	941	2720	282	1253	226	2664	2837	444	1019	3084	2268	3505	2299	5005	1661	2784	1541	771	3198	176	1275	1048	3118	986	1126	3641	3306	1896	1533	1656	2837	2572	2837	4083	3773	3800	2837	2631	1003	3182	3164	3553	3629	4308	1958	4284	2546	4885	1095	2864	165	1310	857	3241	3355	525	1596	1627	145	4611	2690	
225	1352	592	4594	4249	433	480	4181	4405	807	3162	4698	1250	876	2169	1622	3117	4418	3500	2019	553	704	3312	0	2140	1913	3941	2549	4245	4802	3295	1772	680	4170	1379	3414	3157	2368	3081	854	2478	604	3313	3748	3166	2653	970	3023	3007	4169	1649	899	1120	1705	2433	4616	2095	3373	4531	3401	2053	2397	4063	2843	2279	5041	1609	1980	4830	4593	970	2213	970	888	1482	1256	970	3908	3588	4399	408	697	516	997	1466	1589	2878	1574	2283	609	3306	2105	2853	1815	4881	2914	2487	4144	3290	1719	1684	
1915	2960	1645	2546	2145	2555	2176	2488	2612	2516	1473	2621	2662	2685	578	523	2844	2373	2007	1842	2532	2785	1908	2140	0	1143	2354	442	2536	3233	2144	2160	2111	2036	1316	2279	2293	1469	1707	1297	1020	1600	1741	2960	1687	3244	1274	1912	1095	2158	525	2782	1729	3600	2355	2485	450	1537	2479	1890	1028	918	2089	1000	909	3000	3060	179	3158	2630	1274	2904	1274	3028	1984	2084	1274	1825	2714	2368	1809	2695	2215	3000	831	2543	985	3542	1541	2033	2005	1588	2072	3136	2804	1383	408	3388	1804	2909	831	
1719	2181	1323	3499	3029	2335	1691	2280	2522	2589	1303	3529	1854	2718	646	955	1750	3335	1588	702	2065	2614	1399	1913	1143	0	2031	1245	2345	2889	1422	1089	2244	2823	548	1551	1389	498	1168	1193	642	1321	1412	2055	1257	2120	1527	1146	1305	3165	1181	2191	962	3607	1214	3266	718	1561	3428	1490	193	604	3125	1124	483	3942	2192	1004	2919	2786	1527	1815	1527	2703	2530	2504	1527	2766	1841	3346	1777	2203	2241	2908	653	2987	2113	3485	482	1495	1401	455	1104	2206	3706	1027	1163	2486	1379	3285	1624	
3742	4026	3350	3164	2658	4366	3707	308	626	4580	882	3071	3705	4721	1926	2623	2104	3068	447	2209	4074	4644	651	3941	2354	2031	0	1999	375	890	881	2716	4209	2315	2575	864	1274	1622	869	3173	1501	3344	645	1468	776	3218	3407	1058	1301	3070	2779	4155	2947	5624	2253	2587	2055	881	3103	541	1890	1600	3137	1356	1700	3486	3945	2380	889	1154	3407	3170	3406	4726	4298	4350	3407	2627	1272	3120	3772	4202	4237	4934	2548	4830	2805	5511	1746	3509	723	1961	1439	3871	3190	1051	1985	1719	651	5171	3174	
2324	3267	2026	2269	1823	2971	2543	2103	2202	2955	1138	2316	2956	3123	600	930	2800	2101	1696	1934	2910	3209	1633	2549	442	1245	1999	0	2146	2860	1927	2328	2551	1668	1569	2055	2145	1429	1462	1697	877	1986	1425	2784	1407	3358	1712	1730	703	1921	965	3137	2011	4040	2399	2120	558	1145	2199	1582	1080	803	1880	656	856	2718	3338	573	2765	2193	1712	3060	1712	3435	2408	2520	1712	1535	2530	2108	2235	3070	2651	3432	1152	2973	960	3978	1536	2385	1754	1641	1969	3389	2497	1122	83	3200	1511	3342	1250	
4039	4384	3653	3010	2522	4673	4032	69	259	4855	1107	2897	4061	5002	2166	2857	2469	2932	795	2569	4403	4948	1005	4245	2536	2345	375	2146	0	736	1256	3080	4476	2174	2892	1235	1647	1964	1207	3454	1775	3643	934	1791	1092	3592	3657	1427	1446	2967	2995	4497	3280	5912	2628	2391	2286	1002	2954	868	2192	1866	3051	1540	1976	3297	4310	2585	622	828	3657	3544	3657	5048	4509	4580	3657	2540	1615	2990	4054	4535	4516	5231	2822	5054	2865	5806	2094	3835	1093	2311	1813	4240	3000	1332	2146	1994	977	5405	3366	
4607	4775	4212	3653	3186	5220	4541	766	810	5459	1768	3520	4463	5597	2816	3513	2569	3591	1309	2970	4900	5501	1490	4802	3233	2889	890	2860	736	0	1572	3453	5092	2840	3425	1490	1877	2447	1722	4051	2387	4209	1533	1741	1652	3760	4295	1818	2157	3652	3668	4953	3771	6494	2900	2999	2945	1718	3601	1416	2761	2488	3746	2232	2585	3898	4662	3266	290	1313	4295	3797	4295	5562	5186	5240	4295	3239	1660	3653	4649	5019	5114	5797	3431	5720	3601	6375	2555	4341	1506	2760	2124	4559	3604	1938	2853	1779	1525	6061	4057	
3117	3205	2717	3661	3142	3701	2997	1188	1504	4005	922	3609	2891	4128	1594	2240	1264	3536	543	1398	3346	3984	399	3295	2144	1422	881	1927	1256	1572	0	1883	3666	2829	1920	137	408	933	472	2616	1128	2724	679	878	575	2339	2933	276	1374	3472	2440	3385	2224	5000	1376	3182	1736	1167	3594	565	1346	1234	3501	1310	1279	4039	3101	2103	1683	1991	2933	2292	2932	4014	3909	3908	2933	3019	622	3575	3195	3459	3657	4292	2044	4393	2867	4866	1013	2797	234	1205	566	3012	3754	810	1878	1277	540	4701	2879	
1681	1322	1352	4588	4118	2086	1338	3011	3302	2577	2216	4618	1014	2645	1730	1804	1354	4424	2286	517	1609	2359	2076	1772	2160	1089	2716	2328	3080	3453	1883	0	2360	3904	895	1964	1603	1175	1893	1520	1664	1398	2213	2076	2034	1117	1967	1661	2345	4249	2012	1558	722	3396	682	4344	1782	2511	4518	2226	1272	1660	4204	2168	1551	5032	1230	1995	3563	3678	1967	745	1967	2274	2948	2819	1967	3855	1968	4434	1878	1683	2259	2685	1408	3254	3145	3226	1028	1167	1994	818	1331	1180	4794	1920	2246	2434	2126	3455	2387	
686	2021	1025	4361	4079	764	1153	4417	4605	406	3369	4491	1930	580	2316	1653	3668	4189	3784	2518	1195	839	3615	680	2111	2244	4209	2551	4476	5092	3666	2360	0	4056	1776	3794	3591	2736	3381	1051	2709	993	3565	4221	3440	3309	842	3390	3124	3922	1587	1539	1655	1489	2987	4484	2209	3533	4304	3676	2342	2612	3797	2981	2509	4794	2286	1987	5084	4711	842	2868	842	1227	844	590	842	3726	4037	4160	493	1309	213	939	1661	916	2644	1440	2680	1246	3637	2536	3289	2494	4670	3158	2506	4635	3568	1097	1436	
3947	4930	3678	849	348	4578	4204	2182	2032	4458	1935	780	4615	4635	2216	2559	4019	758	2336	3446	4565	4794	2431	4170	2036	2823	2315	1668	2174	2840	2829	3904	4056	0	3222	2910	3196	2821	2415	3333	2258	3634	2150	3665	2273	4834	3257	2778	1602	825	2525	4803	3671	5523	3813	453	2213	1663	788	2275	2634	2247	945	1762	2353	1211	4987	2205	2604	1590	3257	4600	3258	5058	3677	3868	3257	502	3424	816	3821	4727	4192	4981	2819	4246	1490	5494	2962	4051	2596	3128	3157	5021	932	2166	1744	3992	2289	4632	2625	
1196	1711	797	3831	3392	1795	1144	2827	3069	2092	1844	3884	1393	2209	1011	913	1969	3660	2130	792	1519	2076	1938	1379	1316	548	2575	1569	2892	3425	1920	895	1776	3222	0	2042	1816	990	1709	758	1169	805	1959	2448	1803	2011	1171	1646	1795	3462	1117	1663	452	3082	1322	3673	1012	2091	3761	2035	716	1110	3400	1615	985	4282	1769	1142	3464	3321	1171	1630	1171	2156	2190	2116	1171	3098	2261	3662	1290	1660	1746	2376	518	2586	2291	2953	913	950	1927	760	1513	1826	4066	1573	1488	2866	1925	2852	1498	
3238	3286	2838	3747	3228	3816	3106	1170	1489	4130	1026	3689	2976	4250	1730	2376	1245	3625	588	1491	3452	4100	485	3414	2279	1551	864	2055	1235	1490	137	1964	3794	2910	2042	0	413	1058	595	2744	1264	2846	765	769	684	2359	3065	406	1488	3569	2576	3481	2333	5119	1425	3252	1872	1254	3681	634	1480	1371	3602	1432	1416	4118	3172	2239	1620	2001	3065	2337	3065	4121	4044	4041	3065	3115	518	3666	3320	3562	3782	4409	2177	4526	2992	4982	1131	2907	325	1316	634	3075	3831	935	2009	1156	630	4833	3015	
2996	2919	2600	4018	3500	3543	2814	1581	1900	3904	1264	3976	2617	4014	1719	2297	858	3885	950	1167	3144	3827	789	3157	2293	1389	1274	2145	1647	1877	408	1603	3591	3196	1816	413	0	897	785	2554	1284	2616	1058	676	923	1945	2914	433	1678	3805	2513	3146	2049	4858	1023	3563	1856	1536	3949	963	1368	1379	3823	1582	1388	4407	2790	2222	2024	2398	2914	1929	2914	3817	3919	3889	2914	3354	452	3921	3105	3244	3559	4143	2041	4371	3103	4711	918	2618	630	1058	304	2682	4125	1084	2086	1109	920	4657	2960	
2185	2435	1786	3569	3072	2780	2094	1896	2167	3072	1040	3571	2108	3195	895	1406	1381	3416	1176	664	2456	3062	972	2368	1469	498	1622	1429	1964	2447	933	1175	2736	2821	990	1058	897	0	757	1687	580	1791	1056	1569	881	2013	2025	658	1222	3281	1626	2534	1327	4071	999	3244	1019	1338	3499	1095	477	630	3266	1059	579	3997	2390	1370	2504	2509	2025	1799	2025	3115	3024	3002	2025	2853	1348	3438	2262	2581	2724	3365	1145	3485	2373	3941	149	1895	942	360	626	2355	3739	745	1355	2002	988	3782	2074	
2885	3183	2490	3233	2716	3502	2838	1139	1415	3741	480	3194	2858	3876	1184	1862	1609	3101	423	1378	3205	3782	234	3081	1707	1168	869	1462	1207	1722	472	1893	3381	2415	1709	595	785	757	0	2334	718	2487	331	1348	156	2555	2605	364	907	3023	2047	3291	2078	4772	1533	2792	1324	763	3165	339	1042	826	3046	839	898	3625	3122	1684	1756	1797	2605	2429	2605	3858	3547	3570	2605	2572	1092	3137	2930	3333	3396	4076	1725	4054	2397	4653	888	2640	298	1106	766	3067	3346	341	1418	1748	233	4379	2475	
630	1795	372	3801	3430	1282	909	3393	3598	1408	2354	3893	1549	1549	1329	775	2718	3625	2742	1542	1244	1535	2568	854	1297	1193	3173	1697	3454	4051	2616	1520	1051	3333	758	2744	2554	1687	2334	0	1679	316	2532	3198	2400	2600	448	2340	2165	3388	839	1521	814	2459	2056	3782	1246	2546	3736	2636	1293	1589	3295	2005	1478	4252	1964	1132	4054	3756	448	2177	447	1738	1445	1358	448	3097	3004	3612	600	1408	1064	1791	634	1829	2114	2361	1638	808	2587	1509	2255	2102	4076	2126	1633	3620	2527	2103	1017	
2269	2821	1889	2992	2498	2909	2307	1714	1927	3083	684	2998	2493	3228	468	1146	1927	2837	1086	1189	2685	3181	941	2478	1020	642	1501	877	1775	2387	1128	1664	2709	2258	1169	1264	1284	580	718	1679	0	1875	857	1943	742	2584	1908	893	681	2701	1329	2828	1601	4138	1579	2689	610	923	2921	974	456	108	2687	504	201	3422	2822	975	2377	2152	1908	2342	1908	3306	2832	2863	1908	2273	1695	2858	2279	2828	2742	3459	1049	3346	1836	4033	711	2116	1009	871	1093	2820	3169	450	811	2370	870	3678	1759	
398	1493	63	4115	3739	1036	594	3580	3801	1288	2558	4205	1265	1404	1572	1077	2679	3939	2904	1525	933	1307	2720	604	1600	1321	3344	1986	3643	4209	2724	1398	993	3634	805	2846	2616	1791	2487	316	1875	0	2712	3235	2568	2426	669	2449	2410	3703	1154	1206	677	2286	1999	4085	1506	2770	4049	2803	1454	1793	3610	2243	1675	4566	1678	1430	4231	3993	669	1991	669	1463	1562	1422	669	3409	3058	3927	500	1097	943	1590	870	1861	2429	2167	1718	504	2721	1558	2312	1830	4388	2311	1919	3645	2693	2087	1316	
3109	3491	2721	2984	2465	3740	3100	869	1117	3938	294	2930	3164	4081	1285	1982	1906	2860	271	1696	3473	4016	282	3313	1741	1412	645	1425	934	1533	679	2213	3565	2150	1959	765	1058	1056	331	2532	857	2712	0	1533	180	2883	2762	671	770	2805	2144	3576	2353	4987	1863	2507	1417	489	2917	160	1259	955	2841	769	1056	3361	3438	1752	1523	1469	2762	2760	2762	4115	3661	3708	2762	2351	1284	2901	3132	3606	3596	4301	1905	4189	2308	4878	1195	2904	446	1413	1085	3390	3076	407	1398	1898	139	4527	2549	
3602	3333	3213	4507	3989	4113	3370	1737	2047	4517	1795	4443	3059	4616	2388	2972	878	4389	1329	1728	3675	4395	1253	3748	2960	2055	1468	2784	1791	1741	878	2076	4221	3665	2448	769	676	1569	1348	3198	1943	3235	1533	0	1451	2074	3573	1056	2252	4337	3188	3631	2628	5433	1407	3992	2527	2019	4441	1394	2043	2042	4371	2184	2059	4870	3160	2894	1965	2613	3573	2196	3573	4345	4584	4545	3573	3884	256	4431	3731	3758	4175	4717	2708	5023	3735	5275	1576	3181	1094	1690	952	3012	4579	1681	2730	433	1399	5299	3636	
2966	3315	2574	3097	2579	3591	2941	1026	1287	3807	348	3053	2988	3947	1194	1885	1758	2968	345	1518	3311	3869	226	3166	1687	1257	776	1407	1092	1652	575	2034	3440	2273	1803	684	923	881	156	2400	742	2568	180	1451	0	2711	2649	514	805	2898	2059	3408	2188	4849	1688	2644	1331	615	3029	236	1114	846	2926	762	935	3484	3260	1680	1664	1649	2649	2581	2649	3958	3570	3605	2649	2445	1197	3005	2998	3443	3463	4158	1779	4088	2323	4735	1018	2743	361	1236	921	3211	3203	306	1370	1838	128	4420	2476	
2626	1620	2371	5574	5082	2853	2173	3525	3843	3444	2982	5582	1489	3470	2762	2917	1200	5417	2858	1424	2302	3087	2664	2653	3244	2120	3218	3358	3592	3760	2339	1117	3309	4834	2011	2359	1945	2013	2555	2600	2584	2426	2883	2074	2711	0	3047	2222	3234	5266	3127	2091	1786	4068	1032	5255	2838	3287	5504	2838	2278	2612	5236	3073	2524	6007	1354	3087	3943	4319	3047	441	3046	2869	3986	3826	3047	4850	2103	5435	2861	2302	3168	3403	2522	4224	4226	3871	1875	2063	2531	1726	1807	1136	5752	2706	3277	2268	2763	4371	3503	
770	2144	732	3635	3310	1338	1209	3601	3777	1244	2550	3747	1931	1412	1491	814	3141	3460	2994	1963	1476	1538	2837	970	1274	1527	3407	1712	3657	4295	2933	1967	842	3257	1171	3065	2914	2025	2605	448	1908	669	2762	3573	2649	3047	0	2659	2286	3206	750	1796	1261	2329	2488	3695	1377	2701	3573	2882	1587	1807	3096	2146	1714	4079	2342	1146	4272	3870	0	2621	1	1831	1020	977	0	2963	3367	3438	578	1636	943	1731	888	1461	1914	2268	1998	1163	2876	1895	2623	2499	3929	2357	1664	4001	2777	1774	714	
2843	2977	2443	3593	3076	3431	2732	1358	1661	3729	842	3556	2658	3853	1349	1978	1245	3459	646	1160	3086	3714	444	3023	1912	1146	1058	1730	1427	1818	276	1661	3390	2778	1646	406	433	658	364	2340	893	2449	671	1056	514	2222	2659	0	1246	3374	2182	3135	1960	4727	1217	3156	1490	1127	3524	616	1074	995	3391	1151	1026	3988	2888	1859	1907	2100	2659	2129	2659	3751	3640	3636	2659	2924	804	3493	2919	3202	3382	4020	1772	4120	2684	4595	744	2533	335	944	416	2813	3709	652	1675	1478	543	4427	2625	
2788	3483	2436	2377	1868	3440	2902	1401	1518	3520	477	2362	3157	3679	839	1472	2452	2233	1036	1863	3281	3699	1019	3007	1095	1305	1301	703	1446	2157	1374	2345	3124	1602	1795	1488	1678	1222	907	2165	681	2410	770	2252	805	3234	2286	1246	0	2133	1578	3454	2242	4599	2211	2022	922	444	2307	930	1112	700	2146	181	822	2792	3496	1163	2067	1593	2286	3014	2286	3870	3077	3165	2286	1686	1997	2263	2749	3432	3195	3952	1542	3631	1539	4517	1365	2721	1166	1544	1586	3499	2527	596	700	2642	881	3992	1925	
3956	5116	3756	444	501	4541	4295	2969	2842	4307	2550	610	4821	4486	2520	2652	4582	283	3024	3844	4629	4722	3084	4169	2158	3165	3070	1921	2967	3652	3472	4249	3922	825	3462	3569	3805	3281	3023	3388	2701	3703	2805	4337	2898	5266	3206	3374	2133	0	2549	4907	3885	5323	4278	908	2472	2320	396	2947	2994	2660	164	2255	2743	874	5217	2338	3423	2415	3206	4980	3206	5037	3393	3623	3206	454	4087	239	3784	4793	4088	4861	2989	3934	1292	5326	3408	4170	3246	3540	3716	5287	770	2728	2004	4694	2939	4314	2506	
1428	2599	1208	2962	2601	2053	1747	2943	3091	1992	1901	3057	2326	2161	866	227	2929	2787	2397	1812	2082	2274	2268	1649	525	1181	2779	965	2995	3668	2440	2012	1587	2525	1117	2576	2513	1626	2047	839	1329	1154	2144	3188	2059	3127	750	2182	1578	2549	0	2359	1445	3076	2354	2968	729	2010	2898	2281	1149	1222	2457	1458	1161	3413	2737	416	3616	3143	750	2746	751	2535	1518	1588	750	2264	2956	2773	1298	2246	1693	2479	607	2059	1280	3018	1652	1629	2338	1629	2252	2844	3241	1754	923	3622	2184	2415	448	
1041	524	1151	5315	4927	856	612	4430	4693	1505	3493	5400	614	1475	2644	2265	2862	5140	3710	1990	348	1032	3505	899	2782	2191	4155	3137	4497	4953	3385	1558	1539	4803	1663	3481	3146	2534	3291	1521	2828	1206	3576	3631	3408	2091	1796	3135	3454	4907	2359	0	1230	1978	2227	5255	2612	3751	5249	3629	2373	2773	4816	3276	2648	5767	815	2606	5033	4978	1796	1687	1796	779	2370	2129	1796	4603	3525	5129	1290	243	1339	1330	1985	2398	3635	1781	2411	752	3456	2198	2859	1049	5583	3212	3064	3977	3520	2439	2496	
991	1260	635	4263	3833	1494	773	3213	3470	1905	2263	4323	945	1993	1463	1272	2016	4092	2500	899	1129	1777	2299	1120	1729	962	2947	2011	3280	3771	2224	722	1655	3671	452	2333	2049	1327	2078	814	1601	677	2353	2628	2188	1786	1261	1960	2242	3885	1445	1230	0	2810	1333	4122	1458	2523	4195	2414	1145	1551	3817	2062	1426	4716	1332	1550	3831	3748	1261	1365	1260	1792	2227	2098	1261	3533	2473	4091	1166	1255	1572	2095	900	2537	2682	2661	1217	574	2266	1018	1747	1411	4505	1983	1931	3023	2304	2752	1759	
1888	2472	2287	5767	5523	1319	2065	5851	6057	1084	4814	5911	2584	920	3777	3135	4749	5598	5188	3707	1803	1039	5005	1705	3600	3607	5624	4040	5912	6494	5000	3396	1489	5523	3082	5119	4858	4071	4772	2459	4138	2286	4987	5433	4849	4068	2329	4727	4599	5323	3076	1978	2810	0	4076	5942	3679	4997	5714	5085	3735	4048	5187	4449	3937	6184	2761	3474	6509	6190	2329	3659	2329	1202	1953	1704	2329	5168	5283	5562	1860	1772	1405	716	3093	1500	4076	215	3988	2252	5005	3810	4554	2998	6085	4583	3993	5817	4975	1210	2898	
2322	1933	1963	4569	4070	2763	2014	2559	2870	3231	1951	4568	1652	3309	1821	2129	684	4416	1862	543	2291	3038	1661	2433	2355	1214	2253	2399	2628	2900	1376	682	2987	3813	1322	1425	1023	999	1533	2056	1579	1999	1863	1407	1688	1032	2488	1217	2211	4278	2354	2227	1333	4076	0	4228	1918	2256	4498	1831	1336	1619	4259	2055	1546	4995	1780	2218	3044	3316	2488	917	2487	2954	3500	3403	2488	3852	1326	4437	2496	2363	2904	3364	1760	3857	3313	3908	871	1837	1541	768	814	1661	4735	1675	2321	1754	1748	4084	2777	
4393	5382	4129	693	460	5021	4656	2411	2212	4885	2317	528	5066	5062	2665	3008	4400	701	2668	3878	5016	5233	2784	4616	2485	3266	2587	2120	2391	2999	3182	4344	4484	453	3673	3252	3563	3244	2792	3782	2689	4085	2507	3992	2644	5255	3695	3156	2022	908	2968	5255	4122	5942	4228	0	2665	2029	660	2620	3077	2684	1065	2189	2793	906	5437	2655	2740	1694	3695	5032	3696	5503	4071	4273	3695	801	3759	775	4263	5178	4625	5414	3272	4635	1880	5919	3387	4503	2948	3560	3547	5468	609	2566	2197	4295	2646	5021	3049	
1873	2717	1537	2826	2380	2526	2031	2231	2400	2602	1182	2874	2403	2759	142	571	2394	2658	1668	1420	2405	2781	1541	2095	450	718	2055	558	2286	2945	1736	1782	2209	2213	1012	1872	1856	1019	1324	1246	610	1506	1417	2527	1331	2838	1377	1490	922	2472	729	2612	1458	3679	1918	2665	0	1324	2757	1552	584	502	2423	771	469	3276	2781	368	2904	2514	1377	2520	1377	2968	2244	2297	1377	2093	2285	2664	1828	2562	2274	3031	639	2775	1397	3595	1092	1863	1618	1150	1626	2831	3055	1026	477	2958	1455	3121	1150	
3158	3728	2790	2495	1975	3806	3227	958	1081	3924	305	2443	3400	4079	1220	1889	2372	2371	707	2002	3605	4072	771	3373	1537	1561	881	1145	1002	1718	1167	2511	3533	1663	2091	1254	1536	1338	763	2546	923	2770	489	2019	615	3287	2701	1127	444	2320	2010	3751	2523	4997	2256	2029	1324	0	2427	627	1378	986	2362	555	1110	2874	3710	1596	1623	1230	2701	3121	2701	4218	3516	3598	2701	1867	1772	2412	3139	3750	3593	4337	1913	4067	1925	4906	1487	3037	935	1693	1525	3688	2590	594	1144	2375	627	4425	2367	
4315	5438	4101	71	453	4911	4639	2965	2799	4692	2685	221	5136	4871	2791	2986	4755	116	3114	4090	4980	5098	3198	4531	2479	3428	3103	2199	2954	3601	3594	4518	4304	788	3761	3681	3949	3499	3165	3736	2921	4049	2917	4441	3029	5504	3573	3524	2307	396	2898	5249	4195	5714	4498	660	2757	2427	0	3048	3250	2892	550	2449	2985	521	5527	2658	3354	2317	3573	5237	3574	5405	3787	4015	3573	664	4197	164	4151	5144	4467	5244	3306	4330	1664	5714	3632	4506	3363	3780	3888	5586	374	2893	2281	4776	3055	4710	2881	
3202	3521	2809	3115	2596	3825	3171	801	1078	4044	454	3055	3196	4183	1418	2112	1819	2995	117	1712	3539	4103	176	3401	1890	1490	541	1582	868	1416	565	2226	3676	2275	2035	634	963	1095	339	2636	974	2803	160	1394	236	2838	2882	616	930	2947	2281	3629	2414	5085	1831	2620	1552	627	3048	0	1350	1077	2987	927	1169	3484	3456	1895	1429	1485	2882	2739	2882	4189	3795	3835	2882	2493	1149	3037	3235	3669	3700	4394	2015	4317	2468	4970	1227	2972	333	1444	1031	3397	3196	528	1553	1750	111	4652	2692	
1852	2373	1461	3320	2846	2481	1858	2128	2360	2700	1129	3346	2046	2835	488	930	1821	3158	1453	854	2235	2757	1275	2053	1028	193	1890	1080	2192	2761	1346	1272	2342	2634	716	1480	1368	477	1042	1293	456	1454	1259	2043	1114	2278	1587	1074	1112	2994	1149	2373	1145	3735	1336	3077	584	1378	3250	1350	0	412	2959	931	290	3762	2386	910	2778	2606	1587	1988	1587	2864	2568	2562	1587	2589	1816	3171	1888	2376	2354	3044	699	3047	1977	3620	518	1665	1297	568	1103	2398	3522	863	999	2476	1240	3358	1597	
2185	2784	1810	2963	2476	2829	2241	1806	2011	2990	767	2977	2457	3136	361	1040	1997	2806	1190	1201	2620	3099	1048	2397	918	604	1600	803	1866	2488	1234	1660	2612	2247	1110	1371	1379	630	826	1589	108	1793	955	2042	846	2612	1807	995	700	2660	1222	2773	1551	4048	1619	2684	502	986	2892	1077	412	0	2640	519	125	3398	2796	868	2472	2216	1807	2354	1807	3233	2725	2759	1807	2239	1796	2824	2188	2765	2650	3373	956	3241	1757	3947	748	2053	1117	887	1176	2803	3150	550	732	2470	974	3575	1651	
3852	5038	3664	591	642	4429	4204	3050	2937	4179	2578	768	4747	4358	2480	2571	4586	441	3069	3812	4532	4604	3118	4063	2089	3125	3137	1880	3051	3746	3501	4204	3797	945	3400	3602	3823	3266	3046	3295	2687	3610	2841	4371	2926	5236	3096	3391	2146	164	2457	4816	3817	5187	4259	1065	2423	2362	550	2987	2959	2640	0	2258	2717	999	5147	2267	3525	2530	3096	4939	3097	4925	3251	3485	3096	511	4120	388	3674	4696	3967	4736	2918	3787	1185	5194	3389	4083	3278	3513	3722	5224	922	2741	1963	4736	2973	4167	2391	
2624	3302	2267	2519	2016	3276	2728	1490	1636	3373	483	2513	2976	3530	676	1334	2328	2371	1040	1691	3106	3537	986	2843	1000	1124	1356	656	1540	2232	1310	2168	2981	1762	1615	1432	1582	1059	839	2005	504	2243	769	2184	762	3073	2146	1151	181	2255	1458	3276	2062	4449	2055	2189	771	555	2449	927	931	519	2258	0	642	2941	3315	1045	2162	1751	2146	2844	2146	3701	2969	3045	2146	1815	1929	2397	2594	3256	3044	3795	1377	3516	1562	4362	1200	2545	1118	1372	1464	3320	2681	504	632	2587	859	3871	1827	
2069	2661	1690	3056	2574	2710	2117	1915	2127	2883	883	3075	2334	3027	331	967	1959	2896	1280	1105	2495	2981	1126	2279	909	483	1700	856	1976	2585	1279	1551	2509	2353	985	1416	1388	579	898	1478	201	1675	1056	2059	935	2524	1714	1026	822	2743	1161	2648	1426	3937	1546	2793	469	1110	2985	1169	290	125	2717	642	0	3494	2675	836	2577	2340	1714	2254	1713	3111	2650	2673	1714	2328	1817	2912	2078	2641	2541	3258	849	3157	1794	3833	680	1928	1182	797	1163	2686	3249	649	779	2490	1063	3486	1600	
4826	5959	4618	453	925	5415	5156	3317	3116	5177	3146	432	5657	5356	3308	3505	5227	628	3540	4598	5495	5596	3641	5041	3000	3942	3486	2718	3297	3898	4039	5032	4794	1211	4282	4118	4407	3997	3625	4252	3422	4566	3361	4870	3484	6007	4079	3988	2792	874	3413	5767	4716	6184	4995	906	3276	2874	521	3484	3762	3398	999	2941	3494	0	6048	3179	3634	2588	4079	5748	4080	5910	4244	4482	4079	1184	4631	641	4657	5659	4962	5733	3827	4774	2166	6192	4133	5025	3806	4285	4363	6106	297	3369	2800	5185	3500	5150	3380	
1681	293	1614	5595	5161	1662	1172	4241	4532	2304	3423	5653	415	2286	2771	2587	2318	5424	3516	1744	1115	1847	3306	1609	3060	2192	3945	3338	4310	4662	3101	1230	2286	4987	1769	3172	2790	2390	3122	1964	2822	1678	3438	3160	3260	1354	2342	2888	3496	5217	2737	815	1332	2761	1780	5437	2781	3710	5527	3456	2386	2796	5147	3315	2675	6048	0	2881	4784	4899	2342	1013	2342	1562	3084	2865	2342	4865	3103	5424	1943	1055	2101	2140	2229	3177	4001	2556	2246	1179	3222	2030	2539	237	5834	3128	3257	3452	3355	3244	2980	
1756	2780	1473	2726	2321	2400	2002	2534	2677	2390	1498	2799	2483	2556	510	359	2731	2552	2011	1696	2361	2636	1896	1980	179	1004	2380	573	2585	3266	2103	1995	1987	2205	1142	2239	2222	1370	1684	1132	975	1430	1752	2894	1680	3087	1146	1859	1163	2338	416	2606	1550	3474	2218	2655	368	1596	2658	1895	910	868	2267	1045	836	3179	2881	0	3207	2731	1146	2740	1146	2868	1924	2003	1146	2003	2653	2548	1662	2523	2080	2860	651	2471	1152	3409	1428	1856	1980	1457	1985	2958	2982	1374	520	3325	1802	2829	797	
4629	4882	4238	3404	2949	5254	4595	673	606	5460	1722	3265	4565	5603	2782	3475	2764	3349	1334	3067	4960	5533	1533	4830	3158	2919	889	2765	622	290	1683	3563	5084	2604	3464	1620	2024	2504	1756	4054	2377	4231	1523	1965	1664	3943	4272	1907	2067	3423	3616	5033	3831	6509	3044	2740	2904	1623	3354	1429	2778	2472	3525	2162	2577	3634	4784	3207	0	1047	4272	3953	4271	5614	5131	5199	4272	3022	1858	3413	4654	5085	5118	5821	3426	5675	3452	6398	2623	4396	1579	2835	2247	4694	3342	1928	2766	2040	1540	6024	3988	
4375	4936	4015	2364	1928	5026	4457	876	585	5110	1488	2220	4607	5270	2427	3058	3245	2319	1461	3162	4835	5289	1656	4593	2630	2786	1154	2193	828	1313	1991	3678	4711	1590	3321	2001	2398	2509	1797	3756	2152	3993	1469	2613	1649	4319	3870	2100	1593	2415	3143	4978	3748	6190	3316	1694	2514	1230	2317	1485	2606	2216	2530	1751	2340	2588	4899	2731	1047	0	3870	4223	3870	5445	4595	4713	3870	2043	2425	2385	4342	4980	4787	5545	3128	5163	2660	6109	2654	4267	1788	2869	2512	4857	2295	1778	2224	2821	1571	5535	3438	
770	2144	732	3635	3310	1338	1209	3601	3777	1244	2550	3747	1931	1412	1491	814	3141	3460	2994	1963	1476	1538	2837	970	1274	1527	3407	1712	3657	4295	2933	1967	842	3257	1171	3065	2914	2025	2605	448	1908	669	2762	3573	2649	3047	0	2659	2286	3206	750	1796	1261	2329	2488	3695	1377	2701	3573	2882	1587	1807	3096	2146	1714	4079	2342	1146	4272	3870	0	2621	1	1831	1020	977	0	2963	3367	3438	578	1636	943	1731	888	1461	1914	2268	1998	1163	2876	1895	2623	2499	3929	2357	1664	4001	2777	1774	714	
2185	1249	1935	5308	4828	2423	1734	3476	3786	3006	2818	5329	1075	3036	2460	2543	1330	5146	2775	1154	1877	2664	2572	2213	2904	1815	3170	3060	3544	3797	2292	745	2868	4600	1630	2337	1929	1799	2429	2177	2342	1991	2760	2196	2581	441	2621	2129	3014	4980	2746	1687	1365	3659	917	5032	2520	3121	5237	2739	1988	2354	4939	2844	2254	5748	1013	2740	3953	4223	2621	0	2620	2466	3550	3387	2621	4577	2174	5159	2421	1888	2728	2983	2146	3783	3889	3465	1652	1622	2456	1472	1731	830	5503	2529	2977	2458	2651	3932	3104	
770	2144	732	3635	3310	1337	1209	3600	3777	1244	2550	3747	1931	1412	1491	814	3140	3460	2993	1962	1476	1538	2837	970	1274	1527	3406	1712	3657	4295	2932	1967	842	3258	1171	3065	2914	2025	2605	447	1908	669	2762	3573	2649	3046	1	2659	2286	3206	751	1796	1260	2329	2487	3696	1377	2701	3574	2882	1587	1807	3097	2146	1713	4080	2342	1146	4271	3870	1	2620	0	1831	1021	978	1	2964	3366	3439	578	1636	943	1730	888	1462	1914	2268	1998	1163	2876	1895	2622	2499	3929	2357	1664	4000	2777	1775	714	
1112	1272	1434	5466	5132	497	1021	4982	5223	998	3990	5576	1391	892	3033	2509	3609	5291	4280	2650	673	418	4083	888	3028	2703	4726	3435	5048	5562	4014	2274	1227	5058	2156	4121	3817	3115	3858	1738	3306	1463	4115	4345	3958	2869	1831	3751	3870	5037	2535	779	1792	1202	2954	5503	2968	4218	5405	4189	2864	3233	4925	3701	3111	5910	1562	2868	5614	5445	1831	2466	1831	0	2046	1772	1831	4789	4219	5269	1253	594	1019	610	2332	1900	3745	1002	3009	1220	4056	2809	3520	1799	5759	3726	3371	4708	4078	1841	2535	
1410	2833	1616	3837	3634	1605	1917	4458	4594	1078	3419	3991	2704	1236	2378	1686	4159	3672	3910	2981	2023	1637	3773	1482	1984	2530	4298	2408	4509	5186	3909	2948	844	3677	2190	4044	3919	3024	3547	1445	2832	1562	3661	4584	3570	3986	1020	3640	3077	3393	1518	2370	2227	1953	3500	4071	2244	3516	3787	3795	2568	2725	3251	2969	2650	4244	3084	1924	5131	4595	1020	3550	1021	2046	0	280	1020	3279	4371	3632	1151	2147	1056	1636	1879	575	2192	1989	3008	1962	3831	2914	3632	3279	4161	3267	2388	5013	3696	959	1158	
1213	2606	1469	4067	3843	1341	1711	4526	4679	798	3479	4215	2497	958	2424	1727	4073	3900	3948	2898	1784	1360	3800	1256	2084	2504	4350	2520	4580	5240	3908	2819	590	3868	2116	4041	3889	3002	3570	1358	2863	1422	3708	4545	3605	3826	977	3636	3165	3623	1588	2129	2098	1704	3403	4273	2297	3598	4015	3835	2562	2759	3485	3045	2673	4482	2865	2003	5199	4713	977	3387	978	1772	280	0	977	3487	4342	3862	966	1900	797	1357	1864	485	2395	1727	2972	1776	3846	2860	3596	3068	4388	3307	2492	4970	3732	827	1284	
770	2144	732	3635	3310	1338	1209	3601	3777	1244	2550	3747	1931	1412	1491	814	3141	3460	2994	1963	1476	1538	2837	970	1274	1527	3407	1712	3657	4295	2933	1967	842	3257	1171	3065	2914	2025	2605	448	1908	669	2762	3573	2649	3047	0	2659	2286	3206	750	1796	1261	2329	2488	3695	1377	2701	3573	2882	1587	1807	3096	2146	1714	4079	2342	1146	4272	3870	0	2621	1	1831	1020	977	0	2963	3367	3438	578	1636	943	1731	888	1461	1914	2268	1998	1163	2876	1895	2623	2499	3929	2357	1664	4001	2777	1774	714	
3690	4779	3458	734	356	4299	3994	2539	2430	4122	2098	797	4476	4301	2127	2338	4138	569	2571	3433	4342	4498	2631	3908	1825	2766	2627	1535	2540	3239	3019	3855	3726	502	3098	3115	3354	2853	2572	3097	2273	3409	2351	3884	2445	4850	2963	2924	1686	454	2264	4603	3533	5168	3852	801	2093	1867	664	2493	2589	2239	511	1815	2328	1184	4865	2003	3022	2043	2963	4577	2964	4789	3279	3487	2963	0	3634	585	3539	4505	3878	4662	2648	3839	1093	5154	2983	3857	2792	3124	3271	4922	980	2280	1617	4241	2485	4225	2291	
3433	3258	3039	4264	3745	3965	3229	1557	1873	4345	1542	4203	2971	4450	2145	2743	910	4143	1091	1577	3547	4248	1003	3588	2714	1841	1272	2530	1615	1660	622	1968	4037	3424	2261	518	452	1348	1092	3004	1695	3058	1284	256	1197	2103	3367	804	1997	4087	2956	3525	2473	5283	1326	3759	2285	1772	4197	1149	1816	1796	4120	1929	1817	4631	3103	2653	1858	2425	3367	2174	3366	4219	4371	4342	3367	3634	0	4184	3550	3638	4000	4567	2493	4822	3480	5131	1369	3036	842	1502	749	2971	4342	1426	2477	674	1148	5107	3403	
4185	5328	3979	205	468	4775	4518	2997	2846	4546	2659	385	5030	4724	2705	2869	4715	73	3108	4017	4855	4958	3182	4399	2368	3346	3120	2108	2990	3653	3575	4434	4160	816	3662	3666	3921	3438	3137	3612	2858	3927	2901	4431	3005	5435	3438	3493	2263	239	2773	5129	4091	5562	4437	775	2664	2412	164	3037	3171	2824	388	2397	2912	641	5424	2548	3413	2385	3438	5159	3439	5269	3632	3862	3438	585	4184	0	4016	5019	4325	5099	3198	4172	1525	5565	3568	4389	3346	3709	3848	5488	534	2855	2191	4775	3037	4552	2741	
262	1707	533	4213	3883	761	772	3993	4196	812	2953	4324	1555	949	1920	1307	3177	4038	3340	2025	950	977	3164	408	1809	1777	3772	2235	4054	4649	3195	1878	493	3821	1290	3320	3105	2262	2930	600	2279	500	3132	3731	2998	2861	578	2919	2749	3784	1298	1290	1166	1860	2496	4263	1828	3139	4151	3235	1888	2188	3674	2594	2078	4657	1943	1662	4654	4342	578	2421	578	1253	1151	966	578	3539	3550	4016	0	1100	466	1205	1233	1377	2492	1768	2199	812	3177	2048	2803	2132	4506	2726	2179	4143	3125	1589	1287	
867	765	1050	5208	4836	612	531	4468	4722	1262	3504	5301	814	1232	2607	2173	3015	5033	3755	2079	164	796	3553	697	2695	2203	4202	3070	4535	5019	3459	1683	1309	4727	1660	3562	3244	2581	3333	1408	2828	1097	3606	3758	3443	2302	1636	3202	3432	4793	2246	243	1255	1772	2363	5178	2562	3750	5144	3669	2376	2765	4696	3256	2641	5659	1055	2523	5085	4980	1636	1888	1636	594	2147	1900	1636	4505	3638	5019	1100	0	1105	1103	1926	2157	3511	1582	2465	713	3515	2259	2950	1287	5484	3229	2999	4116	3559	2196	2346	
582	1831	962	4525	4228	551	997	4455	4655	348	3414	4650	1758	487	2372	1735	3587	4352	3805	2456	998	644	3629	516	2215	2241	4237	2651	4516	5114	3657	2259	213	4192	1746	3782	3559	2724	3396	1064	2742	943	3596	4175	3463	3168	943	3382	3195	4088	1693	1339	1572	1405	2904	4625	2274	3593	4467	3700	2354	2650	3967	3044	2541	4962	2101	2080	5118	4787	943	2728	943	1019	1056	797	943	3878	4000	4325	466	1105	0	790	1694	1079	2803	1328	2658	1114	3642	2500	3255	2315	4830	3190	2600	4582	3591	1206	1588	
1192	1847	1586	5301	5014	603	1351	5168	5384	569	4140	5430	1915	400	3120	2509	4039	5128	4494	2991	1109	327	4308	997	3000	2908	4934	3432	5231	5797	4292	2685	939	4981	2376	4409	4143	3365	4076	1791	3459	1590	4301	4717	4158	3403	1731	4020	3952	4861	2479	1330	2095	716	3364	5414	3031	4337	5244	4394	3044	3373	4736	3795	3258	5733	2140	2860	5821	5545	1731	2983	1730	610	1636	1357	1731	4662	4567	5099	1205	1103	790	0	2424	1370	3583	577	3278	1536	4303	3097	3840	2376	5609	3899	3379	5102	4283	1254	2371	
1247	2132	899	3374	2958	1899	1396	2762	2964	2034	1721	3442	1832	2180	703	396	2361	3201	2124	1216	1768	2161	1958	1466	831	653	2548	1152	2822	3431	2044	1408	1661	2819	518	2177	2041	1145	1725	634	1049	870	1905	2708	1779	2522	888	1772	1542	2989	607	1985	900	3093	1760	3272	639	1913	3306	2015	699	956	2918	1377	849	3827	2229	651	3426	3128	888	2146	888	2332	1879	1864	888	2648	2493	3198	1233	1926	1694	2424	0	2349	1786	2995	1134	1233	1991	1067	1757	2310	3625	1498	1078	3139	1907	2660	1017	
1599	2903	1903	4377	4194	1554	2067	5001	5148	913	3956	4537	2837	1010	2904	2207	4532	4215	4431	3362	2067	1484	4284	1589	2543	2987	4830	2973	5054	5720	4393	3254	916	4246	2586	4526	4371	3485	4054	1829	3346	1861	4189	5023	4088	4224	1461	4120	3631	3934	2059	2398	2537	1500	3857	4635	2775	4067	4330	4317	3047	3241	3787	3516	3157	4774	3177	2471	5675	5163	1461	3783	1462	1900	575	485	1461	3839	4822	4172	1377	2157	1079	1370	2349	0	2758	1581	3453	2162	4331	3336	4076	3393	4704	3789	2949	5447	4215	386	1725	
2666	3876	2485	1724	1449	3250	3023	2837	2852	3036	2014	1847	3594	3215	1493	1415	3752	1549	2575	2815	3348	3434	2546	2878	985	2113	2805	960	2865	3601	2867	3145	2644	1490	2291	2992	3103	2373	2397	2114	1836	2429	2308	3735	2323	4226	1914	2684	1539	1292	1280	3635	2682	4076	3313	1880	1397	1925	1664	2468	1977	1757	1185	1562	1794	2166	4001	1152	3452	2660	1914	3889	1914	3745	2192	2395	1914	1093	3480	1525	2492	3511	2803	3583	1786	2758	0	4065	2468	2909	2680	2546	2928	4093	2026	2058	1025	4145	2413	3145	1216	
1769	2268	2163	5769	5508	1168	1905	5744	5957	1036	4713	5907	2390	860	3687	3062	4576	5598	5071	3554	1623	884	4885	1574	3542	3485	5511	3978	5806	6375	4866	3226	1440	5494	2953	4982	4711	3941	4653	2361	4033	2167	4878	5275	4735	3871	2268	4595	4517	5326	3018	1781	2661	215	3908	5919	3595	4906	5714	4970	3620	3947	5194	4362	3833	6192	2556	3409	6398	6109	2268	3465	2268	1002	1989	1727	2268	5154	5131	5565	1768	1582	1328	577	2995	1581	4065	0	3853	2096	4879	3669	4408	2792	6083	4475	3928	5654	4860	1329	2870	
2107	2297	1708	3703	3208	2687	1989	2025	2302	3005	1189	3708	1971	3122	978	1428	1304	3548	1302	516	2345	2971	1095	2283	1541	482	1746	1536	2094	2555	1013	1028	2680	2962	913	1131	918	149	888	1638	711	1718	1195	1576	1018	1875	1998	744	1365	3408	1652	2411	1217	3988	871	3387	1092	1487	3632	1227	518	748	3389	1200	680	4133	2246	1428	2623	2654	1998	1652	1998	3009	3008	2972	1998	2983	1369	3568	2199	2465	2658	3278	1134	3453	2468	3853	0	1789	1050	218	625	2207	3877	894	1459	2006	1121	3740	2098	
565	990	442	4573	4177	933	200	3769	4017	1417	2794	4653	770	1478	1901	1520	2517	4398	3062	1458	570	1214	2864	609	2033	1495	3509	2385	3835	4341	2797	1167	1246	4051	950	2907	2618	1895	2640	808	2116	504	2904	3181	2743	2063	1163	2533	2721	4170	1629	752	574	2252	1837	4503	1863	3037	4506	2972	1665	2053	4083	2545	1928	5025	1179	1856	4396	4267	1163	1622	1163	1220	1962	1776	1163	3857	3036	4389	812	713	1114	1536	1233	2162	2909	2096	1789	0	2836	1592	2317	1344	4837	2522	2312	3566	2862	2320	1819	
3117	3308	2719	3430	2911	3720	3035	1024	1330	3989	702	3376	2989	4119	1477	2149	1488	3306	327	1491	3395	4002	165	3306	2005	1401	723	1754	1093	1506	234	1994	3637	2596	1927	325	630	942	298	2587	1009	2721	446	1094	361	2531	2876	335	1166	3246	2338	3456	2266	5005	1541	2948	1618	935	3363	333	1297	1117	3278	1118	1182	3806	3222	1980	1579	1788	2876	2456	2876	4056	3831	3846	2876	2792	842	3346	3177	3515	3642	4303	1991	4331	2680	4879	1050	2836	0	1259	728	3147	3521	633	1712	1476	308	4650	2769	
1939	2079	1542	3850	3363	2502	1791	2242	2520	2846	1398	3864	1753	2957	1055	1402	1300	3692	1518	319	2142	2786	1310	2105	1588	455	1961	1641	2311	2760	1205	818	2536	3128	760	1316	1058	360	1106	1509	871	1558	1413	1690	1236	1726	1895	944	1544	3540	1629	2198	1018	3810	768	3560	1150	1693	3780	1444	568	887	3513	1372	797	4285	2030	1457	2835	2869	1895	1472	1895	2809	2914	2860	1895	3124	1502	3709	2048	2259	2500	3097	1067	3336	2546	3669	218	1592	1259	0	755	1996	4036	1103	1561	2111	1339	3609	2067	
2692	2652	2296	3958	3444	3240	2514	1745	2056	3600	1230	3931	2344	3709	1493	2032	867	3817	1053	872	2848	3524	857	2853	2072	1104	1439	1969	1813	2124	566	1331	3289	3157	1513	634	304	626	766	2255	1093	2312	1085	952	921	1807	2623	416	1586	3716	2252	2859	1747	4554	814	3547	1626	1525	3888	1031	1103	1176	3722	1464	1163	4363	2539	1985	2247	2512	2623	1731	2622	3520	3632	3596	2623	3271	749	3848	2803	2950	3255	3840	1757	4076	2928	4408	625	2317	728	755	0	2447	4089	995	1903	1382	959	4358	2700	
1871	529	1767	5655	5209	1890	1362	4171	4469	2529	3394	5704	577	2516	2809	2681	2155	5486	3451	1695	1338	2081	3241	1815	3136	2206	3871	3389	4240	4559	3012	1180	2494	5021	1826	3075	2682	2355	3067	2102	2820	1830	3390	3012	3211	1136	2499	2813	3499	5287	2844	1049	1411	2998	1661	5468	2831	3688	5586	3397	2398	2803	5224	3320	2686	6106	237	2958	4694	4857	2499	830	2499	1799	3279	3068	2499	4922	2971	5488	2132	1287	2315	2376	2310	3393	4093	2792	2207	1344	3147	1996	2447	0	5885	3099	3307	3286	3299	3470	3114	
4664	5755	4438	332	677	5266	4974	3020	2820	5060	2867	184	5449	5238	3078	3318	4950	489	3251	4351	5321	5458	3355	4881	2804	3706	3190	2497	3000	3604	3754	4794	4670	932	4066	3831	4125	3739	3346	4076	3169	4388	3076	4579	3203	5752	3929	3709	2527	770	3241	5583	4505	6085	4735	609	3055	2590	374	3196	3522	3150	922	2681	3249	297	5834	2982	3342	2295	3929	5503	3929	5759	4161	4388	3929	980	4342	534	4506	5484	4830	5609	3625	4704	2026	6083	3877	4837	3521	4036	4089	5885	0	3097	2578	4892	3215	5084	3242	
2708	3158	2322	2963	2449	3342	2717	1269	1497	3532	295	2938	2829	3675	890	1584	1861	2823	643	1409	3092	3617	525	2914	1383	1027	1051	1122	1332	1938	810	1920	3158	2166	1573	935	1084	745	341	2126	450	2311	407	1681	306	2706	2357	652	596	2728	1754	3212	1983	4583	1675	2566	1026	594	2893	528	863	550	2741	504	649	3369	3128	1374	1928	1778	2357	2529	2357	3726	3267	3307	2357	2280	1426	2855	2726	3229	3190	3899	1498	3789	2058	4475	894	2522	633	1103	995	3099	3097	0	1079	2087	430	4125	2170	
2262	3188	1957	2351	1904	2911	2471	2100	2211	2909	1115	2397	2877	3076	517	872	2729	2184	1668	1853	2840	3151	1596	2487	408	1163	1985	83	2146	2853	1878	2246	2506	1744	1488	2009	2086	1355	1418	1633	811	1919	1398	2730	1370	3277	1664	1675	700	2004	923	3064	1931	3993	2321	2197	477	1144	2281	1553	999	732	1963	632	779	2800	3257	520	2766	2224	1664	2977	1664	3371	2388	2492	1664	1617	2477	2191	2179	2999	2600	3379	1078	2949	1025	3928	1459	2312	1712	1561	1903	3307	2578	1079	0	3149	1478	3316	1232	
4006	3646	3621	4840	4324	4498	3752	1951	2239	4922	2175	4763	3389	5016	2819	3406	1134	4729	1670	2127	4043	4778	1627	4144	3388	2486	1719	3200	1994	1779	1277	2434	4635	3992	2866	1156	1109	2002	1748	3620	2370	3645	1898	433	1838	2268	4001	1478	2642	4694	3622	3977	3023	5817	1754	4295	2958	2375	4776	1750	2476	2470	4736	2587	2490	5185	3452	3325	2040	2821	4001	2458	4000	4708	5013	4970	4001	4241	674	4775	4143	4116	4582	5102	3139	5447	4145	5654	2006	3566	1476	2111	1382	3286	4892	2087	3149	0	1771	5717	4069	
3091	3416	2699	3122	2602	3714	3060	910	1182	3935	406	3069	3091	4074	1319	2011	1770	2997	217	1611	3429	3993	145	3290	1804	1379	651	1511	977	1525	540	2126	3568	2289	1925	630	920	988	233	2527	870	2693	139	1399	128	2763	2777	543	881	2939	2184	3520	2304	4975	1748	2646	1455	627	3055	111	1240	974	2973	859	1063	3500	3355	1802	1540	1571	2777	2651	2777	4078	3696	3732	2777	2485	1148	3037	3125	3559	3591	4283	1907	4215	2413	4860	1121	2862	308	1339	959	3299	3215	430	1478	1771	0	4548	2599	
1776	2959	2121	4757	4579	1584	2198	5351	5506	941	4303	4918	2935	971	3245	2550	4765	4596	4764	3610	2132	1447	4611	1719	2909	3285	5171	3342	5405	6061	4701	3455	1097	4632	2852	4833	4657	3782	4379	2103	3678	2087	4527	5299	4420	4371	1774	4427	3992	4314	2415	2439	2752	1210	4084	5021	3121	4425	4710	4652	3358	3575	4167	3871	3486	5150	3244	2829	6024	5535	1774	3932	1775	1841	959	827	1774	4225	5107	4552	1589	2196	1206	1254	2660	386	3145	1329	3740	2320	4650	3609	4358	3470	5084	4125	3316	5717	4548	0	2099	
1483	2808	1378	2940	2643	2038	1896	3317	3442	1835	2291	3061	2566	2013	1291	670	3367	2766	2808	2234	2185	2217	2690	1684	831	1624	3174	1250	3366	4057	2879	2387	1436	2625	1498	3015	2960	2074	2475	1017	1759	1316	2549	3636	2476	3503	714	2625	1925	2506	448	2496	1759	2898	2777	3049	1150	2367	2881	2692	1597	1651	2391	1827	1600	3380	2980	797	3988	3438	714	3104	714	2535	1158	1284	714	2291	3403	2741	1287	2346	1588	2371	1017	1725	1216	2870	2098	1819	2769	2067	2700	3114	3242	2170	1232	4069	2599	2099	0	


0	 CF145EN 	 0 	 0 	 540  	 1080  	 0  	 0 

1	 CF146TR 	 1 	 7 	 600  	 840  	 10  	 5 
2	 CF146LZ 	 1 	 6 	 600  	 840  	 5  	 2 
3	 CF244BY 	 1 	 10 	 660  	 900  	 8  	 4 
4	 CF244JL 	 1 	 4 	 660  	 900  	 10  	 5 
5	 CF145JX 	 1 	 9 	 600  	 840  	 8  	 4 
6	 CF146RB 	 1 	 8 	 600  	 840  	 10  	 5 
7	 CF52ET 	 1 	 3 	 720  	 960  	 5  	 2 
8	 CF52BP 	 0 	 23 	 600  	 840  	 6  	 3 
9	 CF145JR 	 1 	 5 	 600  	 840  	 6  	 3 
10	 CF142SS 	 1 	 6 	 600  	 840  	 8  	 4 
11	 CF244AX 	 1 	 2 	 720  	 960  	 10  	 5 
12	 CF146SF 	 1 	 2 	 720  	 960  	 6  	 3 
13	 CF145AH	 1 	 8 	 660  	 900  	 10  	 5 
14	 CF141RB 	 1 	 3 	 660  	 900  	 9  	 4 
15	 CF144PE 	 1 	 5 	 540  	 780  	 7  	 3 
16	 CF142TS 	 1 	 2 	 600  	 840  	 10  	 5 
17	 CF244ED 	 1 	 9 	 720  	 960  	 5  	 2 
18	 CF142QJ 	 1 	 2 	 600  	 840  	 5  	 2 
19	 CF141AW	 0 	 20 	 660  	 900  	 8  	 4 
20	 CF146QR	 1 	 1 	 720  	 960  	 7  	 3 
21	 CF149AS 	 1 	 5 	 540  	 780  	 8  	 4 
22	 CF142HJ 	 1 	 7 	 540  	 780  	 5  	 2 
23	 CF145HB 	 1 	 9 	 660  	 900  	 9  	 4 
24	 CF144BE 	 1 	 9 	 720  	 960  	 6  	 3 
25	 CF141QF 	 1 	 7 	 600  	 840  	 6  	 3 
26	 CF52EQ 	 1 	 3 	 660  	 900  	 9  	 4 
27	 CF144US 	 1 	 7 	 660  	 900  	 8  	 4 
28	 CF52DU 	 1 	 5 	 600  	 840  	 7  	 3 
29	 CF52JS 	 1 	 10 	 600  	 840  	 10  	 5 
30	 CF142LX 	 1 	 7 	 660  	 900  	 5  	 2 
31	 CF146EN 	 1 	 9 	 660  	 900  	 7  	 3 
32	 CF145DF 	 0 	 14 	 720  	 960  	 7  	 3 
33	 CF103EZ 	 1 	 3 	 720  	 960  	 9  	 4 
34	 CF146DA	 1 	 6 	 540  	 780  	 8  	 4 
35	 CF142FF 	 1 	 2 	 540  	 780  	 7  	 3 
36	 CF142BB 	 1 	 6 	 660  	 900  	 8  	 4 
37	 CF141EN 	 1 	 8 	 600  	 840  	 10  	 5 
38	 CF142PR 	 1 	 7 	 600  	 840  	 7  	 3 
39	 CF145ET 	 0 	 18 	 540  	 780  	 7  	 3 
40	 CF141HH	 1 	 10 	 720  	 960  	 7  	 3 
41	 CF144SQ 	 1 	 4 	 540  	 780  	 6  	 3 
42	 CF142QT 	 1 	 9 	 660  	 900  	 9  	 4 
43	 CF52RR 	 0 	 7 	 720  	 960  	 7  	 3 
44	 CF142PJ 	 1 	 7 	 660  	 900  	 7  	 3 
45	 CF147DP 	 1 	 7 	 600  	 840  	 6  	 3 
46	 CF140ZA 	 1 	 4 	 540  	 780  	 10  	 5 
47	 CF142LE 	 1 	 5 	 720  	 960  	 8  	 4 
48	 CF143HB 	 1 	 4 	 540  	 780  	 8  	 4 
49	 CF244EH 	 1 	 1 	 600  	 840  	 5  	 2 
50	 CF144JY 	 1 	 9 	 600  	 840  	 8  	 4 
51	 CF146QG	 1 	 6 	 540  	 780  	 7  	 3 
52	 CF146HA	 1 	 2 	 540  	 780  	 10  	 5 
53	 CF149DS 	 1 	 7 	 600  	 840  	 8  	 4 
54	 CF142TL 	 1 	 9 	 540  	 780  	 7  	 3 
55	 CF103DY 	 1 	 2 	 540  	 780  	 6  	 3 
56	 CF141UQ	 0 	 16 	 600  	 840  	 7  	 3 
57	 CF142QY	 1 	 10 	 660  	 900  	 10  	 5 
58	 CF244DA	 1 	 5 	 540  	 780  	 10  	 5 
59	 CF142QP	 1 	 7 	 720  	 960  	 8  	 4 
60	 CF141QJ 	 1 	 3 	 540  	 780  	 7  	 3 
61	 CF141HB 	 1 	 5 	 540  	 780  	 8  	 4 
62	 CF244PE 	 1 	 5 	 600  	 840  	 8  	 4 
63	 CF143HX 	 1 	 5 	 660  	 900  	 9  	 4 
64	 CF141EE 	 1 	 2 	 540  	 780  	 8  	 4 
65	 CF244AD	 1 	 9 	 660  	 900  	 5  	 2 
66	 CF146UR 	 1 	 7 	 540  	 780  	 5  	 2 
67	 CF144JP 	 1 	 8 	 720  	 960  	 8  	 4 
68	 CF52BW 	 1 	 3 	 720  	 960  	 8  	 4 
69	 CF51EA 	 0 	 9 	 720  	 960  	 10  	 5 
70	 CF143TG 	 0 	 12 	 660  	 900  	 5  	 2 
71	 CF147EX 	 1 	 6 	 660  	 900  	 9  	 4 
72	 CF148LW	 1 	 9 	 600  	 840  	 7  	 3 
73	 CF149AG	 0 	 15 	 600  	 840  	 9  	 4 
74	 CF140NE 	 1 	 1 	 540  	 780  	 7  	 3 
75	 CF140NJ 	 1 	 9 	 600  	 840  	 5  	 2 
76	 CF148LS 	 1 	 9 	 600  	 840  	 5  	 2 
77	 CF244LG 	 0 	 13 	 660  	 900  	 6  	 3 
78	 CF52QF 	 1 	 1 	 720  	 960  	 10  	 5 
79	 CF244FF 	 1 	 7 	 540  	 780  	 6  	 3 
80	 CF145ZL 	 0 	 7 	 600  	 840  	 8  	 4 
81	 CF146QN	 1 	 9 	 600  	 840  	 10  	 5 
82	 CF145BW	 1 	 10 	 600  	 840  	 8  	 4 
83	 CF149BB 	 1 	 6 	 540  	 780  	 9  	 4 
84	 CF144PR 	 1 	 3 	 600  	 840  	 10  	 5 
85	 CF140RJ 	 1 	 2 	 720  	 960  	 5  	 2 
86	 CF144ER 	 1 	 6 	 660  	 900  	 5  	 2 
87	 CF149FE 	 1 	 4 	 720  	 960  	 8  	 4 
88	 CF141XG 	 1 	 6 	 540  	 780  	 8  	 4 
89	 CF146NQ	 1 	 5 	 720  	 960  	 7  	 3 
90	 CF142HW 1 	 2 	 660  	 900  	 5  	 2 
91	 CF141BS 	 1 	 10 	 600  	 840  	 10  	 5 
92	 CF141LY 	 1 	 3 	 540  	 780  	 5  	 2 
93	 CF147TT 	 1 	 9 	 600  	 840  	 5  	 2 
94	 CF103QN	 1 	 9 	 540  	 780  	 9  	 4 
95	 CF142PT 	 1 	 4 	 540  	 780  	 5  	 2 
96	 CF144AL 	 1 	 10 	 600  	 840  	 5  	 2 
97	 CF52RG 	 1 	 9 	 660  	 900  	 5  	 2 
98	 CF142PB 	 1 	 7 	 540  	 780  	 10  	 5 
99	 CF140BG 	 1 	 7 	 720  	 960  	 9  	 4 
100	 CF144NA	 1 	 10 	 660  	 900  	 5  	 2 
