100

1200
32
10
500

0	1895	3541	1250	2348	3152	2858	2136	4075	2704	4405	356	4010	1309	3018	2467	656	1875	927	1770	4533	2858	1942	3567	3185	2016	2659	2882	2534	2501	3485	2262	3704	1359	931	1484	3631	2068	160	789	3950	1082	2082	1131	1280	2973	1455	2112	2218	1692	433	3560	950	2334	2612	3956	753	2417	3464	1784	4181	1383	2561	825	2694	4499	854	3565	4210	4651	638	569	1285	1857	2482	405	2430	3128	3995	2296	2603	1292	3173	3514	3317	2030	1815	2288	2230	1172	175	2940	4257	1774	3417	4317	3329	474	3961	2385	1893	
1895	0	2232	1951	2859	1998	2542	3143	4161	1421	4680	1541	2220	3014	3040	2120	1541	71	2324	2765	2668	2542	817	1700	2285	2809	3571	3510	3048	1945	1592	2004	3812	786	2299	1816	4144	2790	1993	1234	3769	1095	1406	1153	2555	3518	3028	1141	1762	2060	2125	3366	1478	1602	3214	3989	2036	2057	2581	1283	4100	525	3570	2237	1978	2610	2292	2343	2325	2774	1603	1409	1760	3280	2476	2175	3065	3567	2170	2148	3562	687	3664	3317	3868	1023	3184	3365	1859	2939	1796	2906	4617	3250	3204	4536	3305	1784	2117	2257	1951	
3541	2232	0	4091	2719	431	1628	3399	2980	863	3594	3230	1380	4095	2222	1575	3514	2183	3369	3191	2067	1628	1655	1666	750	3003	3549	3185	2807	1341	1940	1705	2761	2965	3335	2371	3468	2921	3550	2761	2390	2462	1498	3292	4589	3093	3945	3317	1539	2389	3514	2117	2642	3771	2988	2793	3181	1568	815	1782	2742	2437	3660	3345	4102	2304	3389	189	2086	2243	2949	2978	3925	3942	2010	3930	2949	2999	1537	1821	3598	2389	3119	2085	3322	3211	3817	3607	1605	4126	3537	2098	3642	3984	2004	3417	2294	3168	1621	1841	2074	
1250	1951	4091	0	3535	3776	3835	3383	5217	3232	5594	1236	4149	2452	4113	3406	711	1978	2177	3011	4514	3836	2452	3574	3940	3240	3906	4104	3729	3360	3391	3215	4843	1166	2180	2546	4849	3283	1401	1584	5016	1831	2839	807	699	4185	2653	1427	3089	2796	1677	4610	1944	1409	3825	5083	1983	3347	4239	2564	5282	1654	3811	2074	1668	4388	2104	4168	4129	4592	1714	1460	216	3080	3540	1076	3643	4325	4078	3292	3852	1727	4380	4562	4537	1416	3049	3537	3136	2280	1087	4015	5459	2986	4456	5493	4423	1652	4010	3396	2919	
2348	2859	2719	3535	0	2312	1163	744	1746	2319	2061	2300	3892	1938	859	1157	2833	2792	1525	760	4585	1163	2156	3813	2003	444	841	652	200	1416	3929	1086	1384	2996	1504	1087	1341	349	2232	2043	1754	1928	1640	3051	3616	678	1671	3794	1341	819	1998	1439	1646	4189	356	1649	1601	1179	2120	1612	1907	2506	940	1595	4594	4722	1595	2614	4443	4752	1825	2098	3503	1443	712	2695	238	792	3985	935	881	2301	857	1408	1039	3675	1326	917	1235	2072	2480	867	1925	1531	1349	1969	1125	1893	4020	887	924	
3152	1998	431	3776	2312	0	1266	2978	2741	576	3347	2852	1658	3667	1879	1158	3169	1941	2944	2763	2361	1265	1325	1801	448	2580	3148	2805	2410	916	2034	1278	2485	2684	2909	1943	3141	2500	3153	2382	2185	2083	1085	2989	4241	2722	3514	3121	1108	1958	3105	1864	2236	3582	2594	2552	2762	1147	660	1376	2542	2127	3251	2923	3936	2561	2966	413	2316	2536	2548	2595	3622	3512	1608	3547	2545	2645	1790	1399	3192	2054	2765	1826	2973	3009	3387	3189	1175	3700	3159	1747	3372	3553	1732	3174	1992	2764	1855	1427	1643	
2858	2542	1628	3835	1163	1266	0	1898	1640	1484	2204	2667	2920	2905	620	440	3136	2471	2297	1800	3624	1	1726	2983	882	1535	1953	1559	1209	605	3167	620	1318	2974	2265	1378	1885	1440	2794	2254	1235	2009	1138	3164	4112	1464	2682	3648	794	1217	2641	826	1931	4095	1381	1460	2230	503	959	1330	1559	2392	2083	2321	4490	3810	2346	1497	3552	3798	2225	2409	3740	2549	486	3257	1372	1379	3044	562	2011	2226	1499	777	1707	3525	2426	2080	717	2996	2934	483	2187	2620	664	2044	798	2391	3100	478	966	
2136	3143	3399	3383	744	2978	1898	0	2270	2896	2425	2203	4488	1352	1580	1824	2728	3083	1211	396	5165	1898	2564	4332	2709	401	523	864	781	2063	4408	1704	1949	3094	1205	1347	1581	478	1990	2095	2413	2086	2150	3058	3321	1003	1059	3922	1922	1152	1721	2143	1725	4267	711	2218	1411	1831	2848	2031	2503	2704	445	1311	4662	5270	1286	3309	4983	5326	1778	2071	3398	732	1426	2408	593	1212	4563	1579	470	2501	1203	2117	1281	3811	632	229	1830	1519	2297	1605	2240	838	2071	2381	1812	1757	4585	1561	1408	
4075	4161	2980	5217	1746	2741	1640	2270	0	3091	615	3987	4358	3612	1137	2043	4507	4091	3271	2464	5046	1640	3351	4537	2294	2151	1921	1423	1583	2245	4752	2164	374	4512	3249	2676	944	2072	3967	3658	622	3472	2757	4644	5351	1272	3324	5239	2399	2422	3741	878	3278	5674	1575	189	3338	2105	2165	2902	366	3952	2109	3340	6075	5279	3340	2802	5048	5223	3509	3758	5161	2987	1724	4435	1736	1059	4508	2032	2015	3767	1085	918	1099	5116	2898	2303	2303	3767	4196	1261	703	3100	1019	437	856	3609	4583	1921	2336	
2704	1421	863	3232	2319	576	1484	2896	3091	0	3676	2383	1592	3378	2095	1204	2652	1365	2634	2619	2273	1484	792	1517	914	2496	3156	2894	2456	939	1684	1233	2793	2119	2601	1686	3347	2432	2726	1918	2589	1622	774	2435	3726	2840	3265	2547	982	1778	2716	2224	1842	3008	2643	2905	2416	1164	1191	1008	2943	1577	3229	2595	3365	2403	2644	939	2127	2437	2137	2137	3069	3333	1677	3086	2557	2805	1671	1388	3185	1527	2921	2179	3135	2434	3212	3120	1085	3385	2690	1953	3670	3356	2073	3511	2277	2358	1702	1456	1490	
4405	4680	3594	5594	2061	3347	2204	2425	615	3676	0	4358	4971	3773	1642	2580	4889	4610	3544	2695	5660	2204	3882	5139	2901	2406	1981	1568	1871	2801	5347	2677	886	4973	3527	3088	861	2343	4283	4072	1229	3914	3288	5074	5663	1448	3477	5729	2927	2823	4038	1484	3680	6153	1803	801	3654	2639	2779	3404	916	4432	2159	3625	6557	5892	3617	3417	5658	5837	3881	4148	5556	3091	2209	4740	1982	1277	5120	2533	2071	4239	1244	1522	1146	5606	3021	2399	2825	3944	4540	1779	230	3211	1617	179	1405	3954	5194	2424	2790	
356	1541	3230	1236	2300	2852	2667	2203	3987	2383	4358	0	3658	1576	2894	2256	535	1520	1048	1817	4177	2668	1608	3211	2917	2021	2719	2880	2495	2259	3130	2055	3613	1054	1039	1327	3621	2057	457	470	3811	770	1802	890	1449	2955	1675	1847	1977	1568	651	3410	737	2118	2596	3855	797	2202	3204	1505	4063	1027	2643	940	2497	4143	985	3264	3855	4295	478	266	1210	2038	2332	705	2415	3091	3641	2110	2673	938	3148	3363	3309	1755	1977	2380	2003	1462	307	2802	4225	1969	3260	4258	3205	447	3605	2208	1719	
4010	2220	1380	4149	3892	1658	2920	4488	4358	1592	4971	3658	0	4890	3536	2745	3753	2210	4143	4207	703	2920	2131	654	2086	4088	4733	4435	4015	2480	954	2809	4127	2994	4110	3253	4800	4022	4073	3242	3769	2983	2354	3366	4774	4362	4807	2982	2570	3365	4128	3490	3291	3367	4202	4170	3895	2716	2194	2545	4121	2658	4815	4088	3598	925	4140	1562	732	878	3544	3457	3946	4910	3218	4343	4130	4297	189	2956	4766	2720	4416	3456	4626	2914	4790	4711	2668	4871	3947	3403	5012	4925	3370	4795	3645	3762	304	3011	3082	
1309	3014	4095	2452	1938	3667	2905	1352	3612	3378	3773	1576	4890	0	2786	2654	1961	2975	748	1178	5495	2906	2764	4560	3537	1496	1809	2216	2056	2811	4541	2467	3277	2629	781	1724	2920	1589	1154	1779	3692	1962	2619	2436	2181	2354	296	3413	2569	1745	925	3371	1611	3642	2038	3547	1004	2631	3755	2371	3823	2491	1650	805	3996	5519	752	4060	5224	5634	1414	1619	2539	729	2428	1376	1885	2558	4915	2412	1725	2333	2554	3336	2627	3326	765	1385	2522	192	1480	2767	3581	611	3268	3732	3063	1232	4904	2454	2058	
3018	3040	2222	4113	859	1879	620	1580	1137	2095	1642	2894	3536	2786	0	942	3402	2970	2300	1612	4240	620	2240	3600	1472	1300	1490	1024	803	1177	3778	1036	774	3376	2273	1568	1265	1203	2926	2540	939	2341	1647	3514	4297	902	2525	4105	1286	1330	2726	585	2169	4538	928	981	2311	1000	1483	1770	1170	2816	1649	2351	4940	4429	2362	2076	4172	4414	2422	2654	4045	2297	588	3397	991	780	3662	898	1564	2630	900	550	1100	3982	2183	1715	1183	2910	3124	142	1598	2389	492	1496	312	2545	3719	787	1206	
2467	2120	1575	3406	1157	1158	440	1824	2043	1204	2580	2256	2745	2654	942	0	2711	2049	1991	1639	3443	441	1309	2720	903	1430	1997	1695	1270	267	2873	206	1700	2534	1958	1014	2158	1347	2416	1830	1672	1576	715	2725	3705	1636	2460	3215	359	912	2285	1261	1526	3660	1457	1869	1885	63	1101	890	1989	1953	2094	2000	4056	3597	2032	1487	3326	3613	1830	1994	3305	2397	475	2870	1393	1605	2848	252	2038	1786	1720	1212	1934	3092	2272	2032	277	2723	2532	802	2539	2451	1099	2428	1187	2009	2890	270	612	
656	1541	3514	711	2833	3169	3136	2728	4507	2652	4889	535	3753	1961	3402	2711	0	1544	1545	2345	4204	3136	1860	3238	3293	2556	3246	3415	3028	2680	3107	2516	4133	838	1542	1835	4156	2593	816	881	4308	1146	2179	520	1075	3490	2111	1492	2405	2085	1080	3902	1234	1682	3131	4372	1317	2653	3589	1893	4571	1115	3164	1438	2038	4127	1476	3573	3849	4304	1009	749	675	2506	2831	715	2950	3625	3710	2588	3198	1126	3683	3855	3845	1424	2459	2897	2445	1815	482	3305	4759	2427	3749	4786	3712	973	3658	2691	2210	
1875	71	2183	1978	2792	1941	2471	3083	4091	1365	4610	1520	2210	2975	2970	2049	1544	0	2280	2706	2673	2471	747	1705	2221	2746	3508	3443	2981	1875	1610	1934	3741	813	2254	1753	4075	2727	1969	1197	3700	1045	1336	1175	2571	3450	2984	1206	1692	1995	2094	3296	1428	1667	3147	3918	1993	1987	2518	1213	4030	496	3509	2194	2045	2624	2249	2291	2337	2783	1563	1378	1789	3230	2405	2165	2999	3498	2166	2078	3500	644	3595	3247	3800	1088	3133	3306	1789	2905	1782	2836	4547	3202	3134	4466	3235	1749	2117	2186	1882	
927	2324	3369	2177	1525	2944	2297	1211	3271	2634	3544	1048	4143	748	2300	1991	1545	2280	0	860	4752	2298	2019	3823	2846	1138	1735	1991	1692	2118	3815	1793	2909	2050	34	1008	2740	1206	779	1105	3237	1243	1882	1935	2128	2097	705	2870	1861	1086	510	2875	876	3163	1741	3173	289	1959	3083	1626	3423	1813	1634	107	3545	4783	75	3344	4488	4892	732	993	2203	1001	1847	1206	1562	2270	4170	1765	1677	1637	2301	2835	2428	2770	932	1361	1826	757	1093	2251	3381	946	2751	3470	2601	613	4161	1825	1380	
1770	2765	3191	3011	760	2763	1800	396	2464	2619	2695	1817	4207	1178	1612	1639	2345	2706	860	0	4872	1800	2221	4014	2541	319	902	1134	886	1851	4073	1487	2116	2698	848	996	1881	411	1630	1700	2514	1697	1854	2665	2988	1247	914	3527	1670	842	1368	2196	1332	3872	899	2385	1030	1633	2715	1702	2654	2316	840	952	4267	4962	935	3119	4672	5029	1385	1678	3017	759	1314	2066	729	1432	4272	1386	860	2113	1452	2162	1570	3416	634	604	1591	1315	1926	1602	2526	821	2098	2630	1885	1372	4287	1396	1135	
4533	2668	2067	4514	4585	2361	3624	5165	5046	2273	5660	4177	703	5495	4240	3443	4204	2673	4752	4872	0	3623	2734	968	2786	4767	5425	5135	4712	3177	1125	3500	4824	3398	4720	3902	5503	4704	4611	3792	4451	3553	3020	3769	5174	5064	5431	3223	3255	4031	4693	4183	3885	3548	4899	4860	4492	3413	2881	3188	4799	3154	5502	4690	3710	339	4743	2244	419	176	4117	3999	4303	5559	3917	4838	4823	5000	602	3650	5456	3247	5120	4151	5329	3178	5442	5390	3356	5463	4452	4106	5707	5568	4067	5484	4345	4329	592	3707	3757	
2858	2542	1628	3836	1163	1265	1	1898	1640	1484	2204	2668	2920	2906	620	441	3136	2471	2298	1800	3623	0	1726	2983	881	1536	1954	1560	1209	605	3167	621	1318	2975	2266	1379	1885	1441	2795	2255	1235	2009	1138	3164	4113	1465	2683	3648	794	1218	2641	826	1932	4095	1381	1460	2231	503	958	1330	1558	2392	2084	2322	4490	3809	2347	1496	3552	3797	2226	2409	3740	2550	486	3257	1373	1379	3043	563	2012	2226	1499	777	1707	3525	2427	2080	718	2996	2934	484	2187	2621	664	2044	799	2391	3099	479	966	
1942	817	1655	2452	2156	1325	1726	2564	3351	792	3882	1608	2131	2764	2240	1309	1860	747	2019	2221	2734	1726	0	1818	1528	2191	2932	2797	2333	1128	1853	1208	3007	1378	1987	1225	3387	2153	1979	1153	2953	869	594	1666	2934	2786	2699	1942	955	1418	2006	2549	1159	2398	2510	3177	1764	1247	1830	546	3283	805	2961	1959	2784	2777	2012	1719	2484	2876	1420	1373	2298	2853	1691	2312	2379	2812	2151	1360	2938	735	2916	2500	3126	1821	2742	2793	1057	2740	1913	2103	3828	2851	2387	3734	2496	1641	2142	1465	1232	
3567	1700	1666	3574	3813	1801	2983	4332	4537	1517	5139	3211	654	4560	3600	2720	3238	1705	3823	4014	968	2983	1818	0	2249	3941	4640	4406	3960	2456	315	2736	4266	2441	3792	3024	4859	3888	3648	2834	3985	2605	2188	2814	4222	4355	4513	2349	2473	3182	3738	3660	2949	2722	4147	4349	3555	2679	2430	2312	4343	2186	4698	3755	2945	961	3809	1853	666	1085	3167	3038	3366	4669	3192	3869	4050	4321	524	2894	4661	2284	4438	3620	4652	2288	4556	4560	2581	4519	3484	3460	5152	4669	3522	4968	3759	3376	439	2969	2934	
3185	2285	750	3940	2003	448	882	2709	2294	914	2901	2917	2086	3537	1472	903	3293	2221	2846	2541	2786	881	1528	2249	0	2322	2821	2440	2075	729	2478	1074	2044	2905	2812	1840	2724	2234	3164	2453	1738	2161	1118	3178	4347	2345	3355	3424	993	1794	3077	1417	2240	3886	2253	2105	2702	915	302	1413	2095	2325	2940	2841	4255	2998	2879	616	2758	2962	2556	2653	3803	3300	1292	3589	2227	2249	2226	1155	2874	2217	2369	1380	2573	3307	3174	2908	1020	3593	3216	1348	2930	3354	1288	2728	1559	2761	2295	1151	1479	
2016	2809	3003	3240	444	2580	1535	401	2151	2496	2406	2021	4088	1496	1300	1430	2556	2746	1138	319	4767	1536	2191	3941	2322	0	764	866	570	1664	4025	1305	1800	2829	1121	994	1614	98	1886	1839	2196	1786	1755	2833	3260	961	1227	3649	1521	773	1635	1882	1450	4017	603	2068	1264	1434	2473	1651	2336	2396	771	1220	4417	4876	1211	2916	4590	4928	1563	1852	3230	1019	1054	2336	424	1132	4165	1182	755	2190	1164	1850	1301	3534	899	623	1429	1634	2162	1298	2246	1100	1789	2333	1568	1588	4188	1171	1011	
2659	3571	3549	3906	841	3148	1953	523	1921	3156	1981	2719	4733	1809	1490	1997	3246	3508	1735	902	5425	1954	2932	4640	2821	764	0	521	746	2257	4743	1925	1647	3580	1728	1756	1121	783	2514	2585	2181	2547	2455	3563	3839	678	1513	4405	2175	1521	2243	1986	2203	4762	575	1905	1930	2020	2909	2387	2202	3160	188	1834	5161	5557	1809	3436	5276	5591	2283	2576	3917	1111	1540	2929	604	893	4825	1776	94	2954	839	1971	848	4291	1047	424	2071	1988	2819	1560	1780	1231	1952	1960	1647	2274	4857	1728	1715	
2882	3510	3185	4104	652	2805	1559	864	1423	2894	1568	2880	4435	2216	1024	1695	3415	3443	1991	1134	5135	1560	2797	4406	2440	866	521	0	464	1962	4539	1672	1131	3633	1977	1731	750	823	2750	2664	1660	2569	2262	3669	4119	158	1922	4438	1939	1466	2495	1479	2268	4827	299	1393	2130	1731	2491	2257	1688	3154	705	2079	5230	5292	2066	3056	5020	5306	2414	2698	4090	1566	1220	3196	470	374	4542	1512	611	2949	341	1467	437	4320	1481	880	1829	2382	3028	1117	1393	1681	1458	1517	1142	2452	4585	1438	1569	
2534	3048	2807	3729	200	2410	1209	781	1583	2456	1871	2495	4015	2056	803	1270	3028	2981	1692	886	4712	1209	2333	3960	2075	570	746	464	0	1535	4086	1225	1231	3195	1672	1286	1141	489	2414	2242	1645	2127	1803	3250	3797	479	1778	3992	1488	1017	2175	1362	1846	4389	188	1499	1784	1299	2166	1793	1768	2702	877	1767	4793	4858	1763	2691	4583	4880	2020	2295	3699	1508	802	2874	189	597	4115	1068	803	2498	658	1336	840	3873	1399	913	1379	2200	2669	843	1731	1606	1292	1785	1032	2084	4153	1004	1105	
2501	1945	1341	3360	1416	916	605	2063	2245	939	2801	2259	2480	2811	1177	267	2680	1875	2118	1851	3177	605	1128	2456	729	1664	2257	1962	1535	0	2614	364	1916	2424	2084	1113	2414	1586	2466	1811	1825	1535	555	2644	3706	1902	2635	3062	283	1071	2363	1423	1551	3515	1722	2065	1980	238	976	798	2158	1835	2350	2114	3906	3330	2151	1271	3059	3346	1864	1994	3245	2605	742	2906	1653	1867	2581	487	2296	1685	1982	1374	2196	2940	2479	2276	292	2864	2548	1035	2772	2651	1261	2644	1397	2060	2623	531	754	
3485	1592	1940	3391	3929	2034	3167	4408	4752	1684	5347	3130	954	4541	3778	2873	3107	1610	3815	4073	1125	3167	1853	315	2478	4025	4743	4539	4086	2614	0	2868	4468	2288	3787	3078	5027	3978	3577	2784	4215	2579	2290	2656	4055	4498	4514	2109	2600	3256	3689	3876	2940	2458	4271	4564	3540	2827	2679	2377	4573	2104	4790	3741	2662	1020	3796	2125	743	1204	3133	2978	3179	4700	3339	3764	4163	4478	804	3029	4758	2226	4592	3834	4807	2058	4590	4637	2710	4487	3389	3637	5349	4691	3733	5179	3955	3334	700	3111	3028	
2262	2004	1705	3215	1086	1278	620	1704	2164	1233	2677	2055	2809	2467	1036	206	2516	1934	1793	1487	3500	621	1208	2736	1074	1305	1925	1672	1225	364	2868	0	1809	2373	1760	808	2195	1229	2210	1635	1833	1389	622	2548	3503	1631	2282	3076	271	722	2079	1421	1322	3516	1412	1996	1681	166	1292	739	2137	1798	2007	1799	3915	3637	1832	1633	3359	3666	1625	1794	3120	2241	487	2665	1324	1628	2900	161	1957	1623	1737	1372	1951	2954	2116	1920	160	2530	2328	904	2620	2289	1261	2532	1309	1803	2934	258	413	
3704	3812	2761	4843	1384	2485	1318	1949	374	2793	886	3613	4127	3277	774	1700	4133	3741	2909	2116	4824	1318	3007	4266	2044	1800	1647	1131	1231	1916	4468	1809	0	4145	2887	2302	840	1717	3597	3285	590	3101	2412	4272	4981	974	2993	4879	2052	2048	3375	651	2904	5312	1242	270	2969	1761	1955	2544	557	3588	1834	2976	5713	5042	2978	2591	4801	5000	3136	3384	4787	2676	1358	4066	1393	757	4270	1672	1739	3401	813	678	888	4756	2580	2004	1953	3427	3823	905	887	2785	757	729	519	3237	4339	1561	1965	
1359	786	2965	1166	2996	2684	2974	3094	4512	2119	4973	1054	2994	2629	3376	2534	838	813	2050	2698	3398	2975	1378	2441	2905	2829	3580	3633	3195	2424	2288	2373	4145	0	2035	1910	4333	2838	1496	998	4204	1069	1871	373	1783	3674	2716	830	2184	2180	1704	3792	1379	1194	3335	4354	1769	2471	3207	1644	4509	590	3538	1947	1598	3304	1997	3058	3031	3490	1338	1058	976	3050	2788	1538	3165	3767	2932	2488	3551	750	3847	3743	4035	723	2977	3296	2257	2514	1216	3256	4877	2994	3631	4847	3669	1440	2871	2599	2185	
931	2299	3335	2180	1504	2909	2265	1205	3249	2601	3527	1039	4110	781	2273	1958	1542	2254	34	848	4720	2266	1987	3792	2812	1121	1728	1977	1672	2084	3787	1760	2887	2035	0	974	2726	1187	786	1084	3210	1216	1848	1926	2142	2081	731	2856	1826	1053	520	2848	846	3153	1724	3150	269	1926	3049	1593	3399	1789	1631	106	3536	4752	91	3309	4458	4861	712	977	2203	1016	1816	1218	1545	2252	4138	1732	1672	1612	2285	2807	2414	2756	944	1359	1792	791	1095	2223	3366	965	2723	3452	2575	601	4129	1793	1347	
1484	1816	2371	2546	1087	1943	1378	1347	2676	1686	3088	1327	3253	1724	1568	1014	1835	1753	1008	996	3902	1379	1225	3024	1840	994	1756	1731	1286	1113	3078	808	2302	1910	974	0	2423	975	1416	985	2484	842	913	1986	2751	1765	1584	2708	852	270	1272	2085	602	3103	1432	2537	873	973	2084	714	2738	1425	1761	1001	3508	3977	1039	2339	3686	4055	862	1086	2485	1658	1006	1880	1269	1859	3304	817	1749	1219	1937	2039	2125	2589	1540	1574	821	1761	1571	1475	2978	1673	1939	2974	1879	1014	3312	903	413	
3631	4144	3468	4849	1341	3141	1885	1581	944	3347	861	3621	4800	2920	1265	2158	4156	4075	2740	1881	5503	1885	3387	4859	2724	1614	1121	750	1141	2414	5027	2195	840	4333	2726	2423	0	1566	3499	3383	1425	3265	2815	4391	4868	667	2624	5124	2464	2154	3244	1443	2987	5526	1025	1012	2878	2208	2692	2865	1294	3828	1297	2828	5931	5694	2814	3312	5437	5677	3151	3431	4829	2231	1709	3945	1206	577	4927	2036	1211	3627	486	1456	313	5004	2164	1541	2354	3095	3776	1403	661	2351	1504	857	1185	3197	4984	1940	2196	
2068	2790	2921	3283	349	2500	1440	478	2072	2432	2343	2057	4022	1589	1203	1347	2593	2727	1206	411	4704	1441	2153	3888	2234	98	783	823	489	1586	3978	1229	1717	2838	1187	975	1566	0	1942	1855	2103	1786	1700	2855	3321	905	1323	3654	1453	738	1696	1786	1462	4029	544	1984	1315	1354	2381	1610	2249	2391	812	1284	4431	4818	1278	2832	4533	4866	1593	1879	3267	1117	961	2397	362	1066	4102	1101	785	2185	1105	1753	1254	3538	996	692	1357	1724	2210	1200	2189	1198	1692	2265	1474	1631	4127	1085	954	
160	1993	3550	1401	2232	3153	2794	1990	3967	2726	4283	457	4073	1154	2926	2416	816	1969	779	1630	4611	2795	1979	3648	3164	1886	2514	2750	2414	2466	3577	2210	3597	1496	786	1416	3499	1942	0	832	3862	1111	2074	1283	1385	2845	1295	2261	2185	1608	276	3476	924	2491	2485	3853	631	2369	3436	1778	4084	1474	2412	680	2853	4587	705	3566	4297	4733	608	615	1443	1697	2403	471	2304	3006	4065	2233	2456	1364	3047	3432	3186	2177	1657	2137	2189	1023	335	2853	4131	1614	3337	4198	3236	408	4034	2319	1829	
789	1234	2761	1584	2043	2382	2254	2095	3658	1918	4072	470	3242	1779	2540	1830	881	1197	1105	1700	3792	2255	1153	2834	2453	1839	2585	2664	2242	1811	2784	1635	3285	998	1084	985	3383	1855	832	0	3433	299	1336	1008	1897	2718	1804	1827	1531	1249	906	3026	397	2179	2369	3516	816	1773	2743	1040	3705	713	2540	1012	2578	3782	1066	2794	3490	3918	374	221	1506	2092	1961	1170	2194	2829	3238	1708	2554	558	2900	2978	3078	1717	2008	2298	1567	1708	777	2436	3956	2048	2872	3959	2847	552	3210	1812	1338	
3950	3769	2390	5016	1754	2185	1235	2413	622	2589	1229	3811	3769	3692	939	1672	4308	3700	3237	2514	4451	1235	2953	3985	1738	2196	2181	1660	1645	1825	4215	1833	590	4204	3210	2484	1425	2103	3862	3433	0	3210	2371	4379	5228	1503	3420	4882	2029	2259	3665	412	3078	5330	1706	456	3249	1736	1577	2562	357	3625	2363	3289	5725	4693	3300	2208	4471	4627	3344	3564	4936	3146	1479	4333	1827	1293	3925	1732	2270	3454	1371	461	1471	4759	3040	2502	1948	3826	4051	1011	1323	3248	573	1050	636	3477	4005	1624	2097	
1082	1095	2462	1831	1928	2083	2009	2086	3472	1622	3914	770	2983	1962	2341	1576	1146	1045	1243	1697	3553	2009	869	2605	2161	1786	2547	2569	2127	1535	2579	1389	3101	1069	1216	842	3265	1786	1111	299	3210	0	1043	1174	2186	2606	1947	1871	1260	1111	1145	2800	383	2262	2270	3321	962	1516	2453	750	3495	619	2524	1164	2666	3561	1219	2495	3267	3685	564	516	1731	2185	1754	1468	2102	2699	2988	1478	2527	418	2778	2751	2967	1754	2089	2301	1305	1914	1076	2229	3812	2157	2643	3792	2643	779	2967	1586	1136	
2082	1406	1498	2839	1640	1085	1138	2150	2757	774	3288	1802	2354	2619	1647	715	2179	1336	1882	1854	3020	1138	594	2188	1118	1755	2455	2262	1803	555	2290	622	2412	1871	1848	913	2815	1700	2074	1336	2371	1043	0	2104	3229	2235	2495	2512	361	1012	2020	1963	1154	2962	1986	2583	1684	653	1410	299	2696	1282	2509	1852	3355	3121	1898	1496	2835	3178	1467	1539	2714	2560	1108	2483	1873	2245	2419	779	2473	1139	2352	1915	2564	2389	2439	2377	466	2638	2104	1509	3238	2581	1801	3140	1902	1681	2436	879	746	
1131	1153	3292	807	3051	2989	3164	3058	4644	2435	5074	890	3366	2436	3514	2725	520	1175	1935	2665	3769	3164	1666	2814	3178	2833	3563	3669	3250	2644	2656	2548	4272	373	1926	1986	4391	2855	1283	1008	4379	1174	2104	0	1410	3725	2558	982	2387	2253	1524	3967	1405	1228	3375	4495	1673	2663	3480	1848	4668	862	3502	1828	1611	3670	1874	3374	3399	3859	1280	987	634	2927	2928	1235	3199	3837	3305	2647	3525	966	3908	3918	4086	907	2866	3246	2449	2303	967	3403	4963	2858	3808	4957	3816	1326	3244	2757	2309	
1280	2555	4589	699	3616	4241	4112	3321	5351	3726	5663	1449	4774	2181	4297	3705	1075	2571	2128	2988	5174	4113	2934	4222	4347	3260	3839	4119	3797	3706	4055	3503	4981	1783	2142	2751	4868	3321	1385	1897	5228	2186	3229	1410	0	4221	2433	2126	3424	2969	1626	4834	2181	2082	3862	5235	2016	3651	4638	2936	5461	2179	3717	2041	2297	5062	2053	4645	4797	5259	1891	1713	913	2881	3755	924	3682	4387	4715	3552	3772	2200	4424	4789	4555	2114	2879	3438	3452	1991	1180	4217	5506	2772	4689	5582	4609	1752	4653	3647	3155	
2973	3518	3093	4185	678	2722	1464	1003	1272	2840	1448	2955	4362	2354	902	1636	3490	3450	2097	1247	5064	1465	2786	4355	2345	961	678	158	479	1902	4498	1631	974	3674	2081	1765	667	905	2845	2718	1503	2606	2235	3725	4221	0	2061	4471	1901	1496	2595	1332	2321	4868	361	1237	2220	1676	2381	2251	1531	3180	863	2181	5272	5230	2170	2958	4961	5236	2484	2764	4163	1715	1163	3297	543	218	4474	1470	768	2977	205	1321	361	4352	1627	1033	1791	2516	3115	1006	1286	1828	1318	1387	997	2534	4521	1388	1568	
1455	3028	3945	2653	1671	3514	2682	1059	3324	3265	3477	1675	4807	296	2525	2460	2111	2984	705	914	5431	2683	2699	4513	3355	1227	1513	1922	1778	2635	4514	2282	2993	2716	731	1584	2624	1323	1295	1804	3420	1947	2495	2558	2433	2061	0	3521	2408	1564	1036	3109	1575	3780	1751	3262	992	2442	3559	2267	3541	2515	1355	792	4146	5473	738	3898	5179	5576	1430	1672	2723	449	2199	1587	1603	2268	4844	2213	1430	2341	2262	3076	2332	3428	471	1088	2351	478	1630	2515	3285	340	3011	3438	2795	1281	4840	2245	1882	
2112	1141	3317	1427	3794	3121	3648	3922	5239	2547	5729	1847	2982	3413	4105	3215	1492	1206	2870	3527	3223	3648	1942	2349	3424	3649	4405	4438	3992	3062	2109	3076	4879	830	2856	2708	5124	3654	2261	1827	4882	1871	2512	982	2126	4471	3521	0	2856	2975	2494	4474	2202	462	4139	5073	2593	3151	3719	2338	5203	1299	4366	2766	843	3052	2815	3445	2816	3276	2167	1883	1215	3871	3523	2197	3973	4552	2873	3207	4377	1498	4638	4424	4831	123	3800	4125	2944	3283	1949	3977	5645	3809	4311	5594	4386	2258	2786	3318	2945	
2218	1762	1539	3089	1341	1108	794	1922	2399	982	2927	1977	2570	2569	1286	359	2405	1692	1861	1670	3255	794	955	2473	993	1521	2175	1939	1488	283	2600	271	2052	2184	1826	852	2464	1453	2185	1531	2029	1260	361	2387	3424	1901	2408	2856	0	851	2086	1619	1268	3302	1675	2226	1709	296	1253	541	2347	1599	2247	1851	3698	3382	1890	1492	3102	3419	1582	1712	2979	2411	756	2623	1579	1898	2654	432	2202	1438	2008	1570	2222	2733	2287	2143	111	2613	2266	1148	2878	2448	1456	2779	1543	1779	2683	525	538	
1692	2060	2389	2796	819	1958	1217	1152	2422	1778	2823	1568	3365	1745	1330	912	2085	1995	1086	842	4031	1218	1418	3182	1794	773	1521	1466	1017	1071	3256	722	2048	2180	1053	270	2154	738	1608	1249	2259	1111	1012	2253	2969	1496	1564	2975	851	0	1432	1869	859	3373	1167	2288	1017	886	2012	880	2498	1688	1543	1105	3777	4125	1131	2335	3837	4189	1093	1337	2742	1564	795	2078	1009	1589	3430	679	1522	1483	1667	1824	1857	2856	1441	1381	787	1810	1794	1248	2710	1598	1728	2710	1642	1218	3446	741	317	
433	2125	3514	1677	1998	3105	2641	1721	3741	2716	4038	651	4128	925	2726	2285	1080	2094	510	1368	4693	2641	2006	3738	3077	1635	2243	2495	2175	2363	3689	2079	3375	1704	520	1272	3244	1696	276	906	3665	1145	2020	1524	1626	2595	1036	2494	2086	1432	0	3288	875	2744	2237	3634	417	2243	3338	1732	3873	1601	2139	416	3112	4688	435	3516	4395	4822	586	717	1717	1427	2225	702	2056	2762	4132	2085	2184	1463	2798	3245	2932	2404	1383	1863	2077	821	606	2662	3881	1347	3154	3959	3034	366	4109	2163	1682	
3560	3366	2117	4610	1439	1864	826	2143	878	2224	1484	3410	3490	3371	585	1261	3902	3296	2875	2196	4183	826	2549	3660	1417	1882	1986	1479	1362	1423	3876	1421	651	3792	2848	2085	1443	1786	3476	3026	412	2800	1963	3967	4834	1332	3109	4474	1619	1869	3288	0	2675	4921	1459	689	2871	1325	1307	2150	736	3213	2159	2922	5316	4409	2936	1945	4174	4360	2947	3160	4527	2869	1079	3947	1551	1146	3637	1322	2069	3042	1248	49	1399	4351	2757	2260	1537	3495	3656	626	1524	2964	162	1310	340	3086	3710	1215	1693	
950	1478	2642	1944	1646	2236	1931	1725	3278	1842	3680	737	3291	1611	2169	1526	1234	1428	876	1332	3885	1932	1159	2949	2240	1450	2203	2268	1846	1551	2940	1322	2904	1379	846	602	2987	1462	924	397	3078	383	1154	1405	2181	2321	1575	2202	1268	859	875	2675	0	2567	1972	3139	607	1474	2515	861	3338	994	2168	806	2969	3909	860	2649	3614	4023	316	486	1883	1802	1599	1355	1798	2434	3309	1373	2176	799	2504	2628	2681	2088	1706	1935	1281	1581	1006	2072	3562	1776	2524	3570	2479	527	3295	1471	983	
2334	1602	3771	1409	4189	3582	4095	4267	5674	3008	6153	2118	3367	3642	4538	3660	1682	1667	3163	3872	3548	4095	2398	2722	3886	4017	4762	4827	4389	3515	2458	3516	5312	1194	3153	3103	5526	4029	2491	2179	5330	2262	2962	1228	2082	4868	3780	462	3302	3373	2744	4921	2567	0	4529	5511	2898	3597	4181	2777	5648	1723	4712	3056	405	3347	3102	3901	3133	3584	2491	2200	1223	4155	3954	2344	4358	4958	3245	3642	4730	1914	5040	4872	5228	579	4094	4462	3387	3496	2162	4413	6062	4084	4758	6022	4824	2552	3151	3754	3364	
2612	3214	2988	3825	356	2594	1381	711	1575	2643	1803	2596	4202	2038	928	1457	3131	3147	1741	899	4899	1381	2510	4147	2253	603	575	299	188	1722	4271	1412	1242	3335	1724	1432	1025	544	2485	2369	1706	2270	1986	3375	3862	361	1751	4139	1675	1167	2237	1459	1972	4529	0	1511	1860	1487	2334	1967	1794	2855	722	1823	4932	5046	1814	2869	4770	5068	2127	2408	3805	1442	987	2938	182	532	4302	1255	641	2650	562	1437	714	4021	1342	802	1566	2192	2754	988	1645	1548	1405	1732	1121	2174	4341	1192	1279	
3956	3989	2793	5083	1649	2552	1460	2218	189	2905	801	3855	4170	3547	981	1869	4372	3918	3173	2385	4860	1460	3177	4349	2105	2068	1905	1393	1499	2065	4564	1996	270	4354	3150	2537	1012	1984	3853	3516	456	3321	2583	4495	5235	1237	3262	5073	2226	2288	3634	689	3139	5511	1511	0	3226	1931	1979	2735	299	3790	2093	3238	5911	5091	3241	2616	4860	5036	3380	3622	5020	2944	1568	4322	1662	1020	4320	1869	1998	3607	1067	729	1117	4950	2849	2269	2132	3696	4073	1099	872	3054	832	625	687	3488	4395	1758	2186	
753	2036	3181	1983	1601	2762	2230	1411	3338	2416	3654	797	3895	1004	2311	1885	1317	1993	289	1030	4492	2231	1764	3555	2702	1264	1930	2130	1784	1980	3540	1681	2969	1769	269	873	2878	1315	631	816	3249	962	1684	1673	2016	2220	992	2593	1709	1017	417	2871	607	2898	1860	3226	0	1846	2954	1411	3461	1524	1848	202	3285	4514	257	3169	4220	4630	443	711	1988	1283	1809	1097	1678	2377	3915	1678	1881	1350	2420	2828	2565	2491	1207	1583	1690	977	899	2245	3504	1234	2737	3568	2619	350	3902	1752	1277	
2417	2057	1568	3347	1179	1147	503	1831	2105	1164	2639	2202	2716	2631	1000	63	2653	1987	1959	1633	3413	503	1247	2679	915	1434	2020	1731	1299	238	2827	166	1761	2471	1926	973	2208	1354	2369	1773	1736	1516	653	2663	3651	1676	2442	3151	296	886	2243	1325	1474	3597	1487	1931	1846	0	1126	827	2052	1889	2113	1965	3993	3562	1998	1487	3289	3581	1779	1939	3245	2390	514	2821	1416	1651	2816	253	2058	1723	1765	1276	1980	3029	2265	2042	215	2695	2480	860	2597	2441	1163	2489	1249	1961	2855	295	579	
3464	2581	815	4239	2120	660	959	2848	2165	1191	2779	3204	2194	3755	1483	1101	3589	2518	3083	2715	2881	958	1830	2430	302	2473	2909	2491	2166	976	2679	1292	1955	3207	3049	2084	2692	2381	3436	2743	1577	2453	1410	3480	4638	2381	3559	3719	1253	2012	3338	1307	2515	4181	2334	1979	2954	1126	0	1703	1930	2627	3042	3085	4547	3117	3119	638	2895	3057	2831	2938	4104	3473	1422	3868	2331	2261	2349	1346	2969	2518	2379	1277	2573	3603	3348	3035	1264	3821	3500	1375	2831	3535	1203	2603	1508	3031	2429	1321	1704	
1784	1283	1782	2564	1612	1376	1330	2031	2902	1008	3404	1505	2545	2371	1770	890	1893	1213	1626	1702	3188	1330	546	2312	1413	1651	2387	2257	1793	798	2377	739	2544	1644	1593	714	2865	1610	1778	1040	2562	750	299	1848	2936	2251	2267	2338	541	880	1732	2150	861	2777	1967	2735	1411	827	1703	0	2873	1063	2420	1588	3176	3263	1636	1789	2972	3340	1172	1241	2447	2371	1195	2184	1834	2289	2592	872	2395	897	2388	2101	2596	2215	2254	2260	614	2377	1806	1640	3335	2381	1989	3264	2048	1388	2598	983	688	
4181	4100	2742	5282	1907	2542	1559	2503	366	2943	916	4063	4121	3823	1170	1989	4571	4030	3423	2654	4799	1558	3283	4343	2095	2336	2202	1688	1768	2158	4573	2137	557	4509	3399	2738	1294	2249	4084	3705	357	3495	2696	4668	5461	1531	3541	5203	2347	2498	3873	736	3338	5648	1794	299	3461	2052	1930	2873	0	3935	2389	3484	6045	5045	3489	2559	4825	4975	3591	3823	5211	3232	1745	4555	1938	1314	4278	2023	2294	3759	1364	784	1414	5081	3135	2561	2261	3968	4291	1269	1047	3340	897	741	859	3710	4359	1913	2367	
1383	525	2437	1654	2506	2127	2392	2704	3952	1577	4432	1027	2658	2491	2816	1953	1115	496	1813	2316	3154	2392	805	2186	2325	2396	3160	3154	2702	1835	2104	1798	3588	590	1789	1425	3828	2391	1474	713	3625	619	1282	862	2179	3180	2515	1299	1599	1688	1601	3213	994	1723	2855	3790	1524	1889	2627	1063	3935	0	3141	1722	2126	3116	1777	2515	2827	3269	1085	884	1495	2784	2231	1688	2694	3255	2629	1921	3142	206	3343	3164	3538	1177	2693	2920	1677	2415	1298	2691	4346	2748	3052	4299	3103	1261	2587	2032	1646	
2561	3570	3660	3811	940	3251	2083	445	2109	3229	2159	2643	4815	1650	1649	2094	3164	3509	1634	840	5502	2084	2961	4698	2940	771	188	705	877	2350	4790	2007	1834	3538	1631	1761	1297	812	2412	2540	2363	2524	2509	3502	3717	863	1355	4366	2247	1543	2139	2159	2168	4712	722	2093	1848	2113	3042	2420	2389	3141	0	1737	5107	5624	1707	3553	5341	5666	2223	2516	3831	939	1651	2813	713	1079	4901	1864	95	2937	1027	2142	1032	4254	885	279	2147	1833	2726	1710	1954	1060	2119	2142	1820	2196	4929	1825	1764	
825	2237	3345	2074	1595	2923	2321	1311	3340	2595	3625	940	4088	805	2351	2000	1438	2194	107	952	4690	2322	1959	3755	2841	1220	1834	2079	1767	2114	3741	1799	2976	1947	106	1001	2828	1284	680	1012	3289	1164	1852	1828	2041	2181	792	2766	1851	1105	416	2922	806	3056	1823	3238	202	1965	3085	1588	3484	1722	1737	0	3437	4714	55	3326	4420	4828	638	891	2098	1105	1880	1117	1643	2350	4111	1780	1778	1550	2384	2881	2516	2666	1038	1465	1823	790	989	2296	3466	1047	2795	3548	2655	508	4099	1846	1388	
2694	1978	4102	1668	4594	3936	4490	4662	6075	3365	6557	2497	3598	3996	4940	4056	2038	2045	3545	4267	3710	4490	2784	2945	4255	4417	5161	5230	4793	3906	2662	3915	5713	1598	3536	3508	5931	4431	2853	2578	5725	2666	3355	1611	2297	5272	4146	843	3698	3777	3112	5316	2969	405	4932	5911	3285	3993	4547	3176	6045	2126	5107	3437	0	3482	3482	4241	3292	3729	2885	2592	1508	4531	4356	2669	4761	5363	3463	4043	5126	2318	5444	5267	5633	966	4474	4854	3785	3844	2520	4814	6467	4457	5154	6425	5224	2937	3362	4155	3768	
4499	2610	2304	4388	4722	2561	3810	5270	5279	2403	5892	4143	925	5519	4429	3597	4127	2624	4783	4962	339	3809	2777	961	2998	4876	5557	5292	4858	3330	1020	3637	5042	3304	4752	3977	5694	4818	4587	3782	4693	3561	3121	3670	5062	5230	5473	3052	3382	4125	4688	4409	3909	3347	5046	5091	4514	3562	3117	3263	5045	3116	5624	4714	3482	0	4769	2487	294	260	4122	3982	4174	5626	4073	4783	4960	5178	772	3791	5583	3228	5296	4374	5508	3018	5512	5498	3487	5475	4406	4293	5928	5628	4286	5716	4553	4328	710	3856	3865	
854	2292	3389	2104	1595	2966	2346	1286	3340	2644	3617	985	4140	752	2362	2032	1476	2249	75	935	4743	2347	2012	3809	2879	1211	1809	2066	1763	2151	3796	1832	2978	1997	91	1039	2814	1278	705	1066	3300	1219	1898	1874	2053	2170	738	2815	1890	1131	435	2936	860	3102	1814	3241	257	1998	3119	1636	3489	1777	1707	55	3482	4769	0	3368	4474	4882	693	943	2132	1056	1901	1131	1635	2343	4164	1809	1751	1605	2374	2895	2502	2716	993	1433	1859	742	1021	2310	3455	996	2810	3542	2664	557	4153	1872	1420	
3565	2343	189	4168	2614	413	1497	3309	2802	939	3417	3264	1562	4060	2076	1487	3573	2291	3344	3119	2244	1496	1719	1853	616	2916	3436	3056	2691	1271	2125	1633	2591	3058	3309	2339	3312	2832	3566	2794	2208	2495	1496	3374	4645	2958	3898	3445	1492	2335	3516	1945	2649	3901	2869	2616	3169	1487	638	1789	2559	2515	3553	3326	4241	2487	3368	0	2273	2420	2960	3007	4008	3875	1902	3960	2840	2856	1722	1737	3488	2453	2976	1914	3176	3337	3749	3512	1548	4099	3571	1956	3469	3921	1837	3240	2133	3176	1808	1747	2018	
4210	2325	2086	4129	4443	2316	3552	4983	5048	2127	5658	3855	732	5224	4172	3326	3849	2337	4488	4672	419	3552	2484	666	2758	4590	5276	5020	4583	3059	743	3359	4801	3031	4458	3686	5437	4533	4297	3490	4471	3267	2835	3399	4797	4961	5179	2816	3102	3837	4395	4174	3614	3133	4770	4860	4220	3289	2895	2972	4825	2827	5341	4420	3292	294	4474	2273	0	463	3828	3691	3916	5334	3801	4499	4681	4914	554	3515	5301	2936	5032	4138	5245	2775	5220	5211	3208	5181	4120	4035	5688	5334	4047	5484	4306	4035	466	3583	3580	
4651	2774	2243	4592	4752	2536	3798	5326	5223	2437	5837	4295	878	5634	4414	3613	4304	2783	4892	5029	176	3797	2876	1085	2962	4928	5591	5306	4880	3346	1204	3666	5000	3490	4861	4055	5677	4866	4733	3918	4627	3685	3178	3859	5259	5236	5576	3276	3419	4189	4822	4360	4023	3584	5068	5036	4630	3581	3057	3340	4975	3269	5666	4828	3729	260	4882	2420	463	0	4248	4123	4380	5711	4087	4948	4990	5173	766	3817	5621	3369	5293	4327	5503	3237	5594	5551	3521	5597	4565	4280	5883	5717	4243	5660	4521	4459	743	3876	3918	
638	1603	2949	1714	1825	2548	2225	1778	3509	2137	3881	478	3544	1414	2422	1830	1009	1563	732	1385	4117	2226	1420	3167	2556	1563	2283	2414	2020	1864	3133	1625	3136	1338	712	862	3151	1593	608	374	3344	564	1467	1280	1891	2484	1430	2167	1582	1093	586	2947	316	2491	2127	3380	443	1779	2831	1172	3591	1085	2223	638	2885	4122	693	2960	3828	4248	0	293	1679	1724	1867	1043	1947	2616	3551	1664	2245	919	2676	2901	2841	2061	1643	1970	1592	1354	710	2334	3750	1677	2800	3780	2733	222	3531	1757	1265	
569	1409	2978	1460	2098	2595	2409	2071	3758	2137	4148	266	3457	1619	2654	1994	749	1378	993	1678	3999	2409	1373	3038	2653	1852	2576	2698	2295	1994	2978	1794	3384	1058	977	1086	3431	1879	615	221	3564	516	1539	987	1713	2764	1672	1883	1712	1337	717	3160	486	2200	2408	3622	711	1939	2938	1241	3823	884	2516	891	2592	3982	943	3007	3691	4123	293	0	1408	1993	2085	953	2229	2889	3450	1854	2538	754	2953	3113	3122	1780	1919	2262	1739	1533	565	2558	4022	1938	3009	4042	2964	392	3420	1954	1468	
1285	1760	3925	216	3503	3622	3740	3398	5161	3069	5556	1210	3946	2539	4045	3305	675	1789	2203	3017	4303	3740	2298	3366	3803	3230	3917	4090	3699	3245	3179	3120	4787	976	2203	2485	4829	3267	1443	1506	4936	1731	2714	634	913	4163	2723	1215	2979	2742	1717	4527	1883	1223	3805	5020	1988	3245	4104	2447	5211	1495	3831	2098	1508	4174	2132	4008	3916	4380	1679	1408	0	3138	3466	1177	3624	4295	3872	3205	3868	1586	4355	4478	4518	1201	3100	3562	3033	2375	1113	3942	5429	3050	4371	5450	4353	1646	3803	3312	2843	
1857	3280	3942	3080	1443	3512	2549	732	2987	3333	3091	2038	4910	729	2297	2397	2506	3230	1001	759	5559	2550	2853	4669	3300	1019	1111	1566	1508	2605	4700	2241	2676	3050	1016	1658	2231	1117	1697	2092	3146	2185	2560	2927	2881	1715	449	3871	2411	1564	1427	2869	1802	4155	1442	2944	1283	2390	3473	2371	3232	2784	939	1105	4531	5626	1056	3875	5334	5711	1724	1993	3138	0	2065	2023	1321	1929	4962	2145	1022	2597	1907	2840	1951	3771	125	693	2337	919	2032	2309	2890	121	2789	3065	2540	1613	4969	2155	1873	
2482	2476	2010	3540	712	1608	486	1426	1724	1677	2209	2332	3218	2428	588	475	2831	2405	1847	1314	3917	486	1691	3192	1292	1054	1540	1220	802	742	3339	487	1358	2788	1816	1006	1709	961	2403	1961	1479	1754	1108	2928	3755	1163	2199	3523	756	795	2225	1079	1599	3954	987	1568	1809	514	1422	1195	1745	2231	1651	1880	4356	4073	1901	1902	3801	4087	1867	2085	3466	2065	0	2872	939	1144	3322	331	1587	2043	1256	1033	1470	3401	1941	1619	646	2525	2576	476	2142	2135	935	2071	889	2009	3365	231	623	
405	2175	3930	1076	2695	3547	3257	2408	4435	3086	4740	705	4343	1376	3397	2870	715	2165	1206	2066	4838	3257	2312	3869	3589	2336	2929	3196	2874	2906	3764	2665	4066	1538	1218	1880	3945	2397	471	1170	4333	1468	2483	1235	924	3297	1587	2197	2623	2078	702	3947	1355	2344	2938	4322	1097	2821	3868	2184	4555	1688	2813	1117	2669	4783	1131	3960	4499	4948	1043	953	1177	2023	2872	0	2758	3463	4317	2695	2865	1628	3500	3902	3632	2135	2005	2536	2634	1204	400	3324	4582	1924	3807	4659	3708	867	4275	2783	2291	
2430	3065	2949	3643	238	2545	1372	593	1736	2557	1982	2415	4130	1885	991	1393	2950	2999	1562	729	4823	1373	2379	4050	2227	424	604	470	189	1653	4163	1324	1393	3165	1545	1269	1206	362	2304	2194	1827	2102	1873	3199	3682	543	1603	3973	1579	1009	2056	1551	1798	4358	182	1662	1678	1416	2331	1834	1938	2694	713	1643	4761	4960	1635	2840	4681	4990	1947	2229	3624	1321	939	2758	0	708	4224	1174	648	2488	743	1524	894	3855	1214	728	1473	2034	2572	1028	1827	1421	1481	1908	1219	1992	4258	1123	1148	
3128	3567	2999	4325	792	2645	1379	1212	1059	2805	1277	3091	4297	2558	780	1605	3625	3498	2270	1432	5000	1379	2812	4321	2249	1132	893	374	597	1867	4478	1628	757	3767	2252	1859	577	1066	3006	2829	1293	2699	2245	3837	4387	218	2268	4552	1898	1589	2762	1146	2434	4958	532	1020	2377	1651	2261	2289	1314	3255	1079	2350	5363	5178	2343	2856	4914	5173	2616	2889	4295	1929	1144	3463	708	0	4416	1468	984	3054	120	1141	331	4431	1839	1250	1788	2717	3265	902	1134	2042	1149	1200	820	2680	4467	1375	1620	
3995	2170	1537	4078	3985	1790	3044	4563	4508	1671	5120	3641	189	4915	3662	2848	3710	2166	4170	4272	602	3043	2151	524	2226	4165	4825	4542	4115	2581	804	2900	4270	2932	4138	3304	4927	4102	4065	3238	3925	2988	2419	3305	4715	4474	4844	2873	2654	3430	4132	3637	3309	3245	4302	4320	3915	2816	2349	2592	4278	2629	4901	4111	3463	772	4164	1722	554	766	3551	3450	3872	4962	3322	4317	4224	4416	0	3051	4855	2704	4535	3602	4746	2810	4845	4788	2755	4889	3924	3527	5156	4973	3514	4945	3782	3767	118	3110	3155	
2296	2148	1821	3292	935	1399	562	1579	2032	1388	2533	2110	2956	2412	898	252	2588	2078	1765	1386	3650	563	1360	2894	1155	1182	1776	1512	1068	487	3029	161	1672	2488	1732	817	2036	1101	2233	1708	1732	1478	779	2647	3552	1470	2213	3207	432	679	2085	1322	1373	3642	1255	1869	1678	253	1346	872	2023	1921	1864	1780	4043	3791	1809	1737	3515	3817	1664	1854	3205	2145	331	2695	1174	1468	3051	0	1812	1739	1577	1273	1790	3084	2019	1790	321	2486	2373	771	2471	2199	1165	2392	1182	1829	3087	112	405	
2603	3562	3598	3852	881	3192	2011	470	2015	3185	2071	2673	4766	1725	1564	2038	3198	3500	1677	860	5456	2012	2938	4661	2874	755	94	611	803	2296	4758	1957	1739	3551	1672	1749	1211	785	2456	2554	2270	2527	2473	3525	3772	768	1430	4377	2202	1522	2184	2069	2176	4730	641	1998	1881	2058	2969	2395	2294	3142	95	1778	5126	5583	1751	3488	5301	5621	2245	2538	3868	1022	1587	2865	648	984	4855	1812	0	2937	932	2053	941	4265	962	342	2100	1906	2765	1629	1869	1142	2031	2052	1730	2227	4886	1768	1730	
1292	687	2389	1727	2301	2054	2226	2501	3767	1527	4239	938	2720	2333	2630	1786	1126	644	1637	2113	3247	2226	735	2284	2217	2190	2954	2949	2498	1685	2226	1623	3401	750	1612	1219	3627	2185	1364	558	3454	418	1139	966	2200	2977	2341	1498	1438	1483	1463	3042	799	1914	2650	3607	1350	1723	2518	897	3759	206	2937	1550	2318	3228	1605	2453	2936	3369	919	754	1586	2597	2043	1628	2488	3054	2704	1739	2937	0	3141	2993	3335	1377	2503	2717	1508	2266	1230	2508	4150	2564	2881	4108	2921	1110	2671	1850	1450	
3173	3664	3119	4380	857	2765	1499	1203	1085	2921	1244	3148	4416	2554	900	1720	3683	3595	2301	1452	5120	1499	2916	4438	2369	1164	839	341	658	1982	4592	1737	813	3847	2285	1937	486	1105	3047	2900	1371	2778	2352	3908	4424	205	2262	4638	2008	1667	2798	1248	2504	5040	562	1067	2420	1765	2379	2388	1364	3343	1027	2384	5444	5296	2374	2976	5032	5293	2676	2953	4355	1907	1256	3500	743	120	4535	1577	932	3141	0	1245	214	4517	1822	1219	1897	2718	3314	1022	1084	2021	1258	1182	928	2731	4586	1486	1714	
3514	3317	2085	4562	1408	1826	777	2117	918	2179	1522	3363	3456	3336	550	1212	3855	3247	2835	2162	4151	777	2500	3620	1380	1850	1971	1467	1336	1374	3834	1372	678	3743	2807	2039	1456	1753	3432	2978	461	2751	1915	3918	4789	1321	3076	4424	1570	1824	3245	49	2628	4872	1437	729	2828	1276	1277	2101	784	3164	2142	2881	5267	4374	2895	1914	4138	4327	2901	3113	4478	2840	1033	3902	1524	1141	3602	1273	2053	2993	1245	0	1402	4302	2728	2238	1488	3459	3610	585	1556	2934	113	1349	325	3041	3674	1167	1645	
3317	3868	3322	4537	1039	2973	1707	1281	1099	3135	1146	3309	4626	2627	1100	1934	3845	3800	2428	1570	5329	1707	3126	4652	2573	1301	848	437	840	2196	4807	1951	888	4035	2414	2125	313	1254	3186	3078	1471	2967	2564	4086	4555	361	2332	4831	2222	1857	2932	1399	2681	5228	714	1117	2565	1980	2573	2596	1414	3538	1032	2516	5633	5508	2502	3176	5245	5503	2841	3122	4518	1951	1470	3632	894	331	4746	1790	941	3335	214	1402	0	4711	1877	1258	2111	2798	3463	1227	961	2070	1427	1114	1096	2885	4798	1700	1918	
2030	1023	3211	1416	3675	3009	3525	3811	5116	2434	5606	1755	2914	3326	3982	3092	1424	1088	2770	3416	3178	3525	1821	2288	3307	3534	4291	4320	3873	2940	2058	2954	4756	723	2756	2589	5004	3538	2177	1717	4759	1754	2389	907	2114	4352	3428	123	2733	2856	2404	4351	2088	579	4021	4950	2491	3029	3603	2215	5081	1177	4254	2666	966	3018	2716	3337	2775	3237	2061	1780	1201	3771	3401	2135	3855	4431	2810	3084	4265	1377	4517	4302	4711	0	3699	4015	2821	3200	1871	3855	5523	3712	4189	5472	4263	2159	2726	3196	2823	
1815	3184	3817	3049	1326	3387	2426	632	2898	3212	3021	1977	4790	765	2183	2272	2459	3133	932	634	5442	2427	2742	4556	3174	899	1047	1481	1399	2479	4590	2116	2580	2977	944	1540	2164	996	1657	2008	3040	2089	2439	2866	2879	1627	471	3800	2287	1441	1383	2757	1706	4094	1342	2849	1207	2265	3348	2254	3135	2693	885	1038	4474	5512	993	3749	5220	5594	1643	1919	3100	125	1941	2005	1214	1839	4845	2019	962	2503	1822	2728	1877	3699	0	623	2212	949	1989	2192	2825	207	2675	2989	2431	1545	4852	2030	1749	
2288	3365	3607	3537	917	3189	2080	229	2303	3120	2399	2380	4711	1385	1715	2032	2897	3306	1361	604	5390	2080	2793	4560	2908	623	424	880	913	2276	4637	1920	2004	3296	1359	1574	1541	692	2137	2298	2502	2301	2377	3246	3438	1033	1088	4125	2143	1381	1863	2260	1935	4462	802	2269	1583	2042	3035	2260	2561	2920	279	1465	4854	5498	1433	3512	5211	5551	1970	2262	3562	693	1619	2536	728	1250	4788	1790	342	2717	1219	2238	1258	4015	623	0	2049	1564	2453	1755	2201	812	2201	2371	1923	1933	4811	1767	1634	
2230	1859	1605	3136	1235	1175	717	1830	2303	1085	2825	2003	2668	2522	1183	277	2445	1789	1826	1591	3356	718	1057	2581	1020	1429	2071	1829	1379	292	2710	160	1953	2257	1792	821	2354	1357	2189	1567	1948	1305	466	2449	3452	1791	2351	2944	111	787	2077	1537	1281	3387	1566	2132	1690	215	1264	614	2261	1677	2147	1823	3785	3487	1859	1548	3208	3521	1592	1739	3033	2337	646	2634	1473	1788	2755	321	2100	1508	1897	1488	2111	2821	2212	2049	0	2573	2285	1048	2773	2378	1375	2678	1447	1781	2787	415	470	
1172	2939	4126	2280	2072	3700	2996	1519	3767	3385	3944	1462	4871	192	2910	2723	1815	2905	757	1315	5463	2996	2740	4519	3593	1634	1988	2382	2200	2864	4487	2530	3427	2514	791	1761	3095	1724	1023	1708	3826	1914	2638	2303	1991	2516	478	3283	2613	1810	821	3495	1581	3496	2192	3696	977	2695	3821	2377	3968	2415	1833	790	3844	5475	742	4099	5181	5597	1354	1533	2375	919	2525	1204	2034	2717	4889	2486	1906	2266	2718	3459	2798	3200	949	1564	2573	0	1338	2884	3755	802	3386	3899	3193	1156	4874	2535	2118	
175	1796	3537	1087	2480	3159	2934	2297	4196	2690	4540	307	3947	1480	3124	2532	482	1782	1093	1926	4452	2934	1913	3484	3216	2162	2819	3028	2669	2548	3389	2328	3823	1216	1095	1571	3776	2210	335	777	4051	1076	2104	967	1180	3115	1630	1949	2266	1794	606	3656	1006	2162	2754	4073	899	2480	3500	1806	4291	1298	2726	989	2520	4406	1021	3571	4120	4565	710	565	1113	2032	2576	400	2572	3265	3924	2373	2765	1230	3314	3610	3463	1871	1989	2453	2285	1338	0	3040	4396	1949	3510	4448	3436	587	3885	2467	1975	
2940	2906	2098	4015	867	1747	483	1605	1261	1953	1779	2802	3403	2767	142	802	3305	2836	2251	1602	4106	484	2103	3460	1348	1298	1560	1117	843	1035	3637	904	905	3256	2223	1475	1403	1200	2853	2436	1011	2229	1509	3403	4217	1006	2515	3977	1148	1248	2662	626	2072	4413	988	1099	2245	860	1375	1640	1269	2691	1710	2296	4814	4293	2310	1956	4035	4280	2334	2558	3942	2309	476	3324	1028	902	3527	771	1629	2508	1022	585	1227	3855	2192	1755	1048	2884	3040	0	1739	2396	503	1631	414	2466	3583	659	1099	
4257	4617	3642	5459	1925	3372	2187	2240	703	3670	230	4225	5012	3581	1598	2539	4759	4547	3381	2526	5707	2187	3828	5152	2930	2246	1780	1393	1731	2772	5349	2620	887	4877	3366	2978	661	2189	4131	3956	1323	3812	3238	4963	5506	1286	3285	5645	2878	2710	3881	1524	3562	6062	1645	872	3504	2597	2831	3335	1047	4346	1954	3466	6467	5928	3455	3469	5688	5883	3750	4022	5429	2890	2142	4582	1827	1134	5156	2471	1869	4150	1084	1556	961	5523	2825	2201	2773	3755	4396	1739	0	3011	1642	332	1394	3813	5225	2364	2701	
1774	3250	3984	2986	1531	3553	2620	838	3100	3356	3211	1969	4925	611	2389	2451	2427	3202	946	821	5568	2621	2851	4669	3354	1100	1231	1681	1606	2651	4691	2289	2785	2994	965	1673	2351	1198	1614	2048	3248	2157	2581	2858	2772	1828	340	3809	2448	1598	1347	2964	1776	4084	1548	3054	1234	2441	3535	2381	3340	2748	1060	1047	4457	5628	996	3921	5334	5717	1677	1938	3050	121	2135	1924	1421	2042	4973	2199	1142	2564	2021	2934	2070	3712	207	812	2378	802	1949	2396	3011	0	2880	3183	2638	1554	4977	2214	1911	
3417	3204	2004	4456	1349	1732	664	2071	1019	2073	1617	3260	3370	3268	492	1099	3749	3134	2751	2098	4067	664	2387	3522	1288	1789	1952	1458	1292	1261	3733	1261	757	3631	2723	1939	1504	1692	3337	2872	573	2643	1801	3808	4689	1318	3011	4311	1456	1728	3154	162	2524	4758	1405	832	2737	1163	1203	1989	897	3052	2119	2795	5154	4286	2810	1837	4047	4243	2800	3009	4371	2789	935	3807	1481	1149	3514	1165	2031	2881	1258	113	1427	4189	2675	2201	1375	3386	3510	503	1642	2880	0	1446	332	2944	3584	1060	1542	
4317	4536	3417	5493	1969	3174	2044	2381	437	3511	179	4258	4795	3732	1496	2428	4786	4466	3470	2630	5484	2044	3734	4968	2728	2333	1960	1517	1785	2644	5179	2532	729	4847	3452	2974	857	2265	4198	3959	1050	3792	3140	4957	5582	1387	3438	5594	2779	2710	3959	1310	3570	6022	1732	625	3568	2489	2603	3264	741	4299	2142	3548	6425	5716	3542	3240	5484	5660	3780	4042	5450	3065	2071	4659	1908	1200	4945	2392	2052	4108	1182	1349	1114	5472	2989	2371	2678	3899	4448	1631	332	3183	1446	0	1247	3861	5019	2282	2662	
3329	3305	2294	4423	1125	1992	798	1812	856	2277	1405	3205	3645	3063	312	1187	3712	3235	2601	1885	4345	799	2496	3759	1559	1568	1647	1142	1032	1397	3955	1309	519	3669	2575	1879	1185	1474	3236	2847	636	2643	1902	3816	4609	997	2795	4386	1543	1642	3034	340	2479	4824	1121	687	2619	1249	1508	2048	859	3103	1820	2655	5224	4553	2664	2133	4306	4521	2733	2964	4353	2540	889	3708	1219	820	3782	1182	1730	2921	928	325	1096	4263	2431	1923	1447	3193	3436	414	1394	2638	332	1247	0	2857	3846	1071	1511	
474	1784	3168	1652	1893	2764	2391	1757	3609	2358	3954	447	3762	1232	2545	2009	973	1749	613	1372	4329	2391	1641	3376	2761	1588	2274	2452	2084	2060	3334	1803	3237	1440	601	1014	3197	1631	408	552	3477	779	1681	1326	1752	2534	1281	2258	1779	1218	366	3086	527	2552	2174	3488	350	1961	3031	1388	3710	1261	2196	508	2937	4328	557	3176	4035	4459	222	392	1646	1613	2009	867	1992	2680	3767	1829	2227	1110	2731	3041	2885	2159	1545	1933	1781	1156	587	2466	3813	1554	2944	3861	2857	0	3744	1916	1425	
3961	2117	1621	4010	4020	1855	3100	4585	4583	1702	5194	3605	304	4904	3719	2890	3658	2117	4161	4287	592	3099	2142	439	2295	4188	4857	4585	4153	2623	700	2934	4339	2871	4129	3312	4984	4127	4034	3210	4005	2967	2436	3244	4653	4521	4840	2786	2683	3446	4109	3710	3295	3151	4341	4395	3902	2855	2429	2598	4359	2587	4929	4099	3362	710	4153	1808	466	743	3531	3420	3803	4969	3365	4275	4258	4467	118	3087	4886	2671	4586	3674	4798	2726	4852	4811	2787	4874	3885	3583	5225	4977	3584	5019	3846	3744	0	3150	3177	
2385	2257	1841	3396	887	1427	478	1561	1921	1456	2424	2208	3011	2454	787	270	2691	2186	1825	1396	3707	479	1465	2969	1151	1171	1728	1438	1004	531	3111	258	1561	2599	1793	903	1940	1085	2319	1812	1624	1586	879	2757	3647	1388	2245	3318	525	741	2163	1215	1471	3754	1192	1758	1752	295	1321	983	1913	2032	1825	1846	4155	3856	1872	1747	3583	3876	1757	1954	3312	2155	231	2783	1123	1375	3110	112	1768	1850	1486	1167	1700	3196	2030	1767	415	2535	2467	659	2364	2214	1060	2282	1071	1916	3150	0	493	
1893	1951	2074	2919	924	1643	966	1408	2336	1490	2790	1719	3082	2058	1206	612	2210	1882	1380	1135	3757	966	1232	2934	1479	1011	1715	1569	1105	754	3028	413	1965	2185	1347	413	2196	954	1829	1338	2097	1136	746	2309	3155	1568	1882	2945	538	317	1682	1693	983	3364	1279	2186	1277	579	1704	688	2367	1646	1764	1388	3768	3865	1420	2018	3580	3918	1265	1468	2843	1873	623	2291	1148	1620	3155	405	1730	1450	1714	1645	1918	2823	1749	1634	470	2118	1975	1099	2701	1911	1542	2662	1511	1425	3177	493	0	


0	 CF142BQ	 0 	 0 	 540  	 1080  	 0  	 0 

1	 CF142SP 	 1 	 7 	 600  	 840  	 5  	 2 
2	 CF143PL 	 1 	 2 	 600  	 840  	 7  	 3 
3	 CF52QU 	 1 	 4 	 600  	 840  	 5  	 2 
4	 CF146NQ	 1 	 10 	 600  	 840  	 10  	 5 
5	 CF144AW	 1 	 5 	 540  	 780  	 9  	 4 
6	 CF148NL 	 1 	 6 	 720  	 960  	 7  	 3 
7	 CF146UU	 1 	 2 	 720  	 960  	 7  	 3 
8	 CF149DD	 0 	 10 	 660  	 900  	 9  	 4 
9	 CF144DH	 1 	 5 	 660  	 900  	 6  	 3 
10	 CF149ER 	 1 	 8 	 660  	 900  	 10  	 5 
11	 CF142AW	 1 	 1 	 600  	 840  	 10  	 5 
12	 CF244QT 	 1 	 1 	 540  	 780  	 7  	 3 
13	 CF147ET 	 1 	 10 	 720  	 960  	 6  	 3 
14	 CF145FP 	 1 	 1 	 720  	 960  	 9  	 4 
15	 CF144NN	 1 	 6 	 720  	 960  	 10  	 5 
16	 CF142FX 	 1 	 4 	 540  	 780  	 6  	 3 
17	 CF142SR 	 0 	 10 	 600  	 840  	 7  	 3 
18	 CF147AZ 	 1 	 1 	 720  	 960  	 7  	 3 
19	 CF146HX 	 1 	 9 	 660  	 900  	 5  	 2 
20	 CF244BT 	 1 	 7 	 540  	 780  	 10  	 5 
21	 CF148HR 	 1 	 2 	 660  	 900  	 5  	 2 
22	 CF141HE 	 1 	 5 	 720  	 960  	 8  	 4 
23	 CF244LT 	 1 	 8 	 720  	 960  	 10  	 5 
24	 CF144EH 	 1 	 7 	 600  	 840  	 6  	 3 
25	 CF146JT 	 1 	 4 	 540  	 780  	 8  	 4 
26	 CF146SJ 	 1 	 10 	 600  	 840  	 8  	 4 
27	 CF146QL 	 1 	 6 	 540  	 780  	 10  	 5 
28	 CF146RB 	 1 	 4 	 720  	 960  	 9  	 4 
29	 CF144NZ	 1 	 7 	 720  	 960  	 6  	 3 
30	 CF103DW 1 	 4 	 540  	 780  	 9  	 4 
31	 CF144QF 	 1 	 9 	 600  	 840  	 8  	 4 
32	 CF145AN	 1 	 10 	 540  	 780  	 5  	 2 
33	 CF142HZ 	 0 	 15 	 720  	 960  	 5  	 2 
34	 CF147BA 	 0 	 12 	 720  	 960  	 8  	 4 
35	 CF146BJ 	 1 	 5 	 720  	 960  	 8  	 4 
36	 CF149AU	 1 	 10 	 540  	 780  	 9  	 4 
37	 CF146JS 	 1 	 8 	 540  	 780  	 6  	 3 
38	 CF142BY 	 1 	 1 	 600  	 840  	 10  	 5 
39	 CF141NN	 1 	 6 	 540  	 780  	 7  	 3 
40	 CF145UU	 1 	 8 	 600  	 840  	 8  	 4 
41	 CF141DU	 1 	 7 	 600  	 840  	 5  	 2 
42	 CF144RA 	 1 	 2 	 600  	 840  	 5  	 2 
43	 CF142JL 	 1 	 9 	 540  	 780  	 8  	 4 
44	 CF52PY 	 1 	 4 	 540  	 780  	 10  	 5 
45	 CF146QA	 1 	 5 	 600  	 840  	 7  	 3 
46	 CF147ER 	 1 	 2 	 720  	 960  	 5  	 2 
47	 CF52AW 	 0 	 13 	 600  	 840  	 8  	 4 
48	 CF144QE 	 1 	 10 	 600  	 840  	 10  	 5 
49	 CF146DD	 1 	 6 	 660  	 900  	 6  	 3 
50	 CF142TZ 	 1 	 5 	 720  	 960  	 7  	 3 
51	 CF145YU 	 1 	 3 	 660  	 900  	 10  	 5 
52	 CF141AJ 	 1 	 4 	 660  	 900  	 9  	 4 
53	 CF52HQ 	 1 	 5 	 540  	 780  	 7  	 3 
54	 CF146SS 	 1 	 4 	 540  	 780  	 5  	 2 
55	 CF145AR 	 1 	 2 	 660  	 900  	 9  	 4 
56	 CF147BN	 1 	 6 	 720  	 960  	 5  	 2 
57	 CF144NP	 1 	 6 	 660  	 900  	 6  	 3 
58	 CF235QL 	 1 	 8 	 660  	 900  	 9  	 4 
59	 CF141TS 	 0 	 13 	 660  	 900  	 8  	 4 
60	 CF145AX 	 1 	 5 	 660  	 900  	 6  	 3 
61	 CF142PU 	 1 	 5 	 720  	 960  	 5  	 2 
62	 CF146TP 	 1 	 2 	 660  	 900  	 6  	 3 
63	 CF147BD 	 1 	 4 	 600  	 840  	 10  	 5 
64	 CF52BX 	 1 	 1 	 720  	 960  	 5  	 2 
65	 CF244AW	 1 	 1 	 660  	 900  	 8  	 4 
66	 CF147AY 	 1 	 9 	 600  	 840  	 7  	 3 
67	 CF143QL 	 1 	 7 	 660  	 900  	 6  	 3 
68	 CF244HX 	 1 	 4 	 540  	 780  	 5  	 2 
69	 CF244BS 	 1 	 3 	 660  	 900  	 9  	 4 
70	 CF142XJ 	 1 	 4 	 600  	 840  	 8  	 4 
71	 CF141LQ 	 1 	 1 	 660  	 900  	 5  	 2 
72	 CF52RW 	 0 	 22 	 660  	 900  	 10  	 5 
73	 CF147TQ 	 0 	 13 	 600  	 840  	 10  	 5 
74	 CF144NG	 1 	 3 	 600  	 840  	 7  	 3 
75	 CF142HP 	 1 	 9 	 600  	 840  	 10  	 5 
76	 CF146LF 	 1 	 4 	 600  	 840  	 9  	 4 
77	 CF145HH	 1 	 5 	 720  	 960  	 5  	 2 
78	 CF244NQ	 1 	 8 	 720  	 960  	 8  	 4 
79	 CF144SH 	 1 	 2 	 540  	 780  	 9  	 4 
80	 CF146SH 	 1 	 5 	 720  	 960  	 9  	 4 
81	 CF141JS 	 1 	 7 	 720  	 960  	 7  	 3 
82	 CF145HQ	 1 	 9 	 600  	 840  	 6  	 3 
83	 CF145EA 	 1 	 3 	 540  	 780  	 9  	 4 
84	 CF149AH	 1 	 10 	 540  	 780  	 8  	 4 
85	 CF52EH 	 1 	 3 	 540  	 780  	 10  	 5 
86	 CF147TE 	 1 	 5 	 660  	 900  	 6  	 3 
87	 CF146TT 	 0 	 3 	 720  	 960  	 9  	 4 
88	 CF144QT 	 1 	 7 	 660  	 900  	 10  	 5 
89	 CF147EB 	 1 	 4 	 600  	 840  	 5  	 2 
90	 CF142EJ 	 1 	 10 	 600  	 840  	 5  	 2 
91	 CF145ZE 	 1 	 10 	 600  	 840  	 8  	 4 
92	 CF149EN 	 0 	 19 	 660  	 900  	 10  	 5 
93	 CF147HE 	 1 	 5 	 600  	 840  	 6  	 3 
94	 CF145DZ 	 1 	 3 	 600  	 840  	 10  	 5 
95	 CF149BY 	 1 	 4 	 720  	 960  	 10  	 5 
96	 CF145BY 	 1 	 10 	 540  	 780  	 7  	 3 
97	 CF142AQ	 1 	 8 	 660  	 900  	 10  	 5 
98	 CF244EZ 	 0 	 3 	 600  	 840  	 6  	 3 
99	 CF144NJ 	 1 	 6 	 720  	 960  	 9  	 4 
100	 CF146AA 	 1 	 10 	 600  	 840  	 10  	 5 
