100

1200
32
10
500

0	2886	1451	2948	2109	2760	2095	735	2549	4440	2549	2361	2772	2509	3294	3513	2365	746	1029	1418	2458	1943	1390	2695	2650	3387	2375	2884	1842	1908	301	4430	2837	4596	3041	1969	3726	5034	2549	1169	1017	3584	3095	3852	2528	2755	2015	2464	1975	5059	1622	3005	2563	2205	1085	4736	2167	515	4113	3505	2840	4619	2375	5140	878	3062	3452	738	1141	1699	2868	1217	3006	2549	2098	3028	2553	1816	2549	5263	3320	3644	3439	3110	2549	3375	1506	2734	2338	3317	4584	4605	2414	587	3381	1361	4069	352	4151	1705	320	
2886	0	1445	2181	2219	500	1358	2159	2396	1690	2396	1115	1203	1725	2573	3463	2753	3348	2881	3608	3983	1118	1517	1346	336	4597	1837	3608	1462	3475	2649	1843	991	1911	4677	1076	1787	2456	2396	2628	3189	1126	1749	1457	3740	1913	1036	781	3229	2423	2960	3955	3641	1373	2431	2303	1131	3190	1723	4721	763	2278	610	2409	2008	1133	1124	2219	2045	2540	981	2709	1504	2396	3475	3779	3004	1458	2396	2582	990	4871	2473	274	2396	506	1654	498	1180	2981	1855	2215	3520	2635	3693	2973	1885	2733	1939	2935	2677	
1451	1445	0	2037	1491	1320	907	750	1886	2999	1886	1247	1487	1483	2461	3052	2001	1916	1540	2407	2880	752	85	1469	1199	3663	1437	2813	708	2309	1241	3020	1637	3169	3575	578	2625	3636	1886	1347	1815	2284	2161	2590	2740	1767	618	1190	2150	3647	1802	3088	2688	1246	1305	3370	1050	1749	2866	3791	1560	3275	1005	3708	577	1725	2184	777	915	1497	1510	1438	1792	1886	2380	2988	2265	674	1886	3842	2039	3944	2510	1660	1886	1944	526	1379	1063	2681	3148	3247	2542	1307	3111	1719	2898	1347	2826	1815	1278	
2948	2181	2037	0	878	1681	1152	2556	552	2551	552	2919	981	563	432	1291	1027	2897	2195	4261	2418	2546	2012	836	1886	2708	610	1683	1330	2148	2912	2278	3059	2539	3010	1595	3960	2709	552	1912	2491	3296	3791	3621	2056	289	1586	2659	1816	2808	1806	2059	1908	3061	3295	2308	2791	2889	3875	2817	2859	2127	2358	3033	2375	1161	3305	2281	2934	1415	1225	1924	748	552	2013	1825	1157	1364	552	3042	3170	2952	495	2121	553	2515	1595	2569	1123	801	2610	2164	1854	3135	1579	2019	4062	3058	1682	1718	2969	
2109	2219	1491	878	0	1774	870	1822	448	3106	448	2622	1253	668	1186	1570	549	2019	1317	3471	1821	2165	1436	1089	1883	2379	486	1408	868	1411	2110	2918	2891	3157	2494	1275	3870	3429	448	1035	1618	3324	3547	3657	1535	777	1293	2441	1102	3505	981	1741	1426	2692	2608	3052	2452	2014	3930	2503	2734	2889	2158	3687	1661	1560	3286	1497	2292	550	1489	1046	1263	448	1338	1583	814	892	448	3736	3139	2654	1350	2268	447	2667	969	2465	1048	1251	3200	2909	1314	2368	1626	1160	4054	2259	2419	907	2170	
2760	500	1320	1681	1774	0	947	2070	1914	1680	1914	1445	704	1238	2075	2965	2293	3126	2588	3663	3573	1276	1373	847	254	4143	1362	3140	1108	3092	2561	1714	1439	1850	4259	806	2285	2335	1914	2314	2909	1620	2197	1948	3307	1415	759	1123	2826	2335	2587	3495	3200	1668	2500	2105	1396	2994	2210	4265	1220	2040	855	2388	1895	673	1624	2045	2096	2148	492	2387	1014	1914	3071	3309	2538	1113	1914	2525	1490	4414	1981	494	1914	894	1368	932	727	2481	1828	1995	3087	2609	3202	2634	2383	2666	1637	2551	2598	
2095	1358	907	1152	870	947	0	1537	1131	2481	1131	1818	680	589	1583	2290	1415	2305	1698	3258	2632	1407	897	604	1022	3246	592	2275	253	2146	1973	2391	2040	2590	3323	455	3008	2974	1131	1409	2026	2455	2727	2787	2382	871	457	1601	1881	3015	1642	2611	2284	1931	2203	2653	1669	2212	3061	3371	1873	2528	1308	3139	1346	985	2417	1360	1821	1201	818	1473	924	1131	2127	2450	1675	281	1131	3232	2270	3522	1611	1436	1131	1825	590	1599	264	1864	2604	2518	2162	2129	2436	1705	3185	2107	2057	1604	2024	
735	2159	750	2556	1822	2070	1537	0	2266	3748	2266	1659	2185	2046	2950	3362	2223	1344	1233	1723	2726	1217	705	2137	1939	3607	1949	2914	1292	2140	493	3769	2125	3919	3383	1311	3047	4383	2266	1187	1405	2858	2457	3135	2690	2319	1354	1736	2089	4396	1709	3117	2682	1533	799	4108	1459	1136	3400	3732	2114	4007	1640	4458	191	2448	2731	376	586	1585	2240	1272	2460	2266	2277	3078	2458	1261	2266	4593	2597	3881	3049	2391	2265	2644	974	2000	1747	3073	3898	3983	2527	592	3324	1521	3374	597	3550	1762	527	
2549	2396	1886	552	448	1914	1131	2266	0	3031	0	2945	1280	679	762	1172	484	2409	1705	3918	1885	2514	1840	1109	2071	2269	562	1244	1210	1596	2557	2788	3167	3043	2505	1579	4121	3247	0	1441	1984	3521	3858	3852	1538	604	1587	2732	1264	3339	1269	1613	1399	3042	3047	2850	2789	2426	4119	2386	2990	2673	2436	3552	2102	1541	3503	1945	2721	912	1535	1437	1167	0	1464	1406	660	1240	0	3573	3360	2529	958	2396	1	2799	1379	2709	1226	810	3104	2706	1328	2815	1310	1497	4272	2706	2220	1177	2617	
4440	1690	2999	2551	3106	1680	2481	3748	3031	0	3031	2752	1868	2440	2743	3706	3504	4770	4179	5289	4900	2807	3053	2022	1822	5259	2620	4234	2703	4515	4240	429	2463	271	5535	2475	2773	847	3031	3888	4507	2014	3108	2183	4567	2426	2429	2433	4206	768	4054	4610	4429	3023	4112	907	2805	4654	2296	5367	2257	1018	2300	721	3575	1550	2156	3719	3719	3600	1668	3949	1867	3031	4438	4375	3686	2718	3031	897	2122	5501	2515	1419	3031	1379	3007	2103	2217	3219	169	917	4353	4274	4077	4163	2608	4342	1076	3995	4276	
2549	2396	1886	552	448	1914	1131	2266	0	3031	0	2945	1280	679	762	1172	484	2409	1705	3918	1885	2514	1840	1109	2071	2269	562	1244	1210	1596	2557	2788	3167	3043	2505	1579	4121	3247	0	1441	1984	3521	3858	3852	1538	604	1587	2732	1264	3339	1269	1613	1399	3042	3047	2850	2789	2426	4119	2386	2990	2673	2436	3552	2102	1541	3503	1945	2721	912	1535	1437	1167	0	1464	1406	660	1240	0	3573	3360	2529	958	2396	1	2799	1379	2709	1226	810	3104	2706	1328	2815	1310	1497	4272	2706	2220	1177	2617	
2361	1115	1247	2919	2622	1445	1818	1659	2945	2752	2945	0	2048	2372	3347	4108	3164	3000	2753	2699	4126	496	1329	2133	1191	4896	2408	4007	1755	3555	2072	2948	482	2993	4822	1366	1401	3552	2945	2586	2998	1259	928	1499	3978	2630	1360	335	3394	3508	3048	4305	3918	273	1571	3416	204	2794	1754	5024	560	3392	594	3458	1592	2109	1109	1898	1272	2727	1906	2678	2392	2945	3626	4184	3431	1730	2945	3649	992	5178	3314	1381	2945	1388	1730	650	1796	3674	2921	3329	3775	1930	4238	2958	1715	2101	3041	3060	2076	
2772	1203	1487	981	1253	704	680	2185	1280	1868	1280	2048	0	612	1371	2270	1711	2972	2339	3888	3070	1759	1502	171	925	3546	777	2524	931	2654	2639	1732	2119	1948	3733	917	2988	2301	1280	2043	2668	2315	2869	2640	2765	727	885	1755	2353	2350	2186	2891	2641	2233	2786	1973	1955	2888	2895	3664	1908	1848	1460	2492	1994	321	2326	2036	2387	1732	256	2096	345	1280	2590	2686	1932	957	1280	2571	2193	3808	1287	1144	1280	1542	1267	1617	438	1782	1975	1838	2545	2771	2529	2299	3081	2767	1378	2128	2687	
2509	1725	1483	563	668	1238	589	2046	679	2440	679	2372	612	0	995	1761	1099	2570	1891	3766	2468	1986	1462	441	1406	2937	183	1918	780	2079	2437	2251	2542	2488	3124	1034	3474	2772	679	1593	2212	2851	3260	3182	2155	284	1027	2126	1767	2843	1640	2282	2030	2505	2759	2404	2237	2524	3446	3056	2353	2249	1825	3020	1859	901	2841	1804	2388	1193	863	1629	599	679	1998	2083	1322	814	679	3073	2700	3201	1028	1717	679	2120	1072	2066	584	1305	2532	2262	1937	2634	1967	1792	3607	2579	1774	1571	2492	
3294	2573	2461	432	1186	2075	1583	2950	762	2743	762	3347	1371	995	0	972	1141	3170	2467	4638	2435	2978	2432	1241	2291	2571	1024	1583	1753	2266	3281	2420	3475	2690	2960	2027	4359	2772	762	2202	2740	3676	4213	3996	2049	720	2019	3083	1936	2888	2006	1948	1892	3493	3704	2357	3222	3187	4243	2669	3271	2164	2782	3144	2773	1499	3695	2655	3350	1673	1599	2199	1087	762	2097	1695	1174	1786	762	3121	3563	2792	261	2491	762	2874	2003	2980	1552	477	2778	2219	1872	3519	1336	2249	4444	3429	1769	1911	3339	
3513	3463	3052	1291	1570	2965	2290	3362	1172	3706	1172	4108	2270	1761	972	0	1153	3181	2531	4925	1908	3684	3002	2118	3157	1746	1701	945	2382	1980	3582	3367	4302	3639	2260	2743	5231	3666	1172	2344	2720	4584	5012	4910	1522	1550	2747	3880	1709	3794	1953	1220	1370	4212	4158	3249	3956	3266	5165	1822	4114	3051	3581	4067	3214	2444	4587	3012	3858	1821	2516	2302	2028	1172	1760	967	966	2412	1172	4022	4449	1924	1191	3412	1172	3806	2536	3826	2344	500	3732	3119	1430	3871	444	2231	5348	3729	2698	1856	3642	
2365	2753	2001	1027	549	2293	1415	2223	484	3504	484	3164	1711	1099	1141	1153	0	2099	1415	3774	1403	2700	1939	1540	2419	1850	942	860	1413	1134	2429	3270	3440	3523	2033	1824	4419	3730	484	1200	1649	3865	4090	4198	1063	1080	1842	2989	801	3823	886	1202	932	3224	3021	3332	2990	2154	4470	1972	3282	3153	2706	4035	2084	1993	3831	1865	2741	668	1961	1168	1637	484	986	1035	267	1436	484	4057	3685	2120	1375	2785	483	3187	1475	3013	1574	987	3582	3189	849	2719	1116	1148	4600	2576	2703	787	2488	
746	3348	1916	2897	2019	3126	2305	1344	2409	4770	2409	3000	2972	2570	3170	3181	2099	0	705	1969	1821	2542	1838	2859	3069	2757	2404	2418	2071	1336	1032	4696	3460	4893	2345	2323	4391	5274	2409	987	461	4172	3791	4461	1969	2767	2368	3051	1503	5319	1230	2463	2039	2876	1831	4937	2798	231	4730	2867	3431	4797	2911	5441	1417	3287	4055	1143	1851	1498	3122	975	3137	2409	1555	2537	2223	2054	2409	5537	3915	2998	3360	3539	2409	3852	1765	3284	2568	3086	4900	4798	1903	1333	2968	955	4715	1097	4320	1329	1062	
1029	2881	1540	2195	1317	2588	1698	1233	1705	4179	1705	2753	2339	1891	2467	2531	1415	705	0	2441	1501	2262	1455	2212	2573	2405	1720	1856	1488	920	1191	4072	3172	4282	2150	1811	4150	4633	1705	299	328	3818	3627	4128	1514	2074	1854	2729	946	4688	596	1981	1539	2689	1950	4282	2549	739	4404	2527	3100	4135	2535	4829	1206	2659	3723	887	1818	794	2513	271	2473	1705	1086	1999	1565	1478	1705	4910	3577	2672	2656	3038	1705	3385	1230	2907	1962	2399	4300	4141	1388	1520	2365	332	4435	1320	3658	686	1245	
1418	3608	2407	4261	3471	3663	3258	1723	3918	5289	3918	2699	3888	3766	4638	4925	3774	1969	2441	0	3790	2495	2387	3853	3479	4726	3660	4297	3015	3279	1360	5376	3154	5491	4297	2985	3781	5997	3918	2585	2370	3930	3061	4113	3910	4035	3024	2947	3381	5991	3037	4397	3959	2445	1177	5759	2570	1786	4325	4836	3258	5674	3005	6009	1913	4131	3764	1983	1572	3106	3915	2635	4177	3918	3483	4436	3969	2983	3918	6169	3669	4967	4756	3874	3917	4020	2696	3280	3456	4706	5450	5641	3813	1132	4799	2770	4177	1212	5231	3122	1301	
2458	3983	2880	2418	1821	3573	2632	2726	1885	4900	1885	4126	3070	2468	2435	1908	1403	1821	1501	3790	0	3631	2798	2903	3648	936	2295	963	2529	587	2669	4673	4494	4925	701	2941	5490	5127	1885	1566	1442	5044	5037	5371	394	2481	2973	4036	755	5223	1078	779	554	4107	3448	4725	3929	2009	5649	1049	4380	4542	3792	5437	2675	3370	4979	2364	3312	1448	3310	1475	3033	1885	510	974	1271	2538	1885	5457	4830	1187	2692	4065	1885	4457	2423	4143	2849	2096	4981	4582	566	3001	1526	1208	5730	2785	4100	1072	2719	
1943	1118	752	2546	2165	1276	1407	1217	2514	2807	2514	496	1759	1986	2978	3684	2700	2542	2262	2495	3631	0	834	1813	1046	4408	1998	3534	1307	3059	1668	2934	920	3023	4326	954	1887	3554	2514	2091	2515	1641	1412	1920	3488	2258	959	521	2901	3531	2554	3824	3431	528	1320	3363	298	2346	2187	4536	897	3310	511	3527	1126	1887	1515	1421	949	2239	1669	2183	2103	2514	3132	3710	2966	1279	2514	3697	1379	4690	2973	1388	2514	1532	1246	815	1437	3271	2971	3260	3287	1581	3790	2463	2183	1720	2913	2567	1682	
1390	1517	85	2012	1436	1373	897	705	1840	3053	1840	1329	1502	1462	2432	3002	1939	1838	1455	2387	2798	834	0	1474	1262	3585	1407	2743	683	2226	1190	3064	1722	3218	3493	607	2709	3677	1840	1262	1731	2368	2241	2675	2662	1746	650	1275	2070	3692	1720	3015	2612	1322	1306	3405	1131	1674	2951	3714	1645	3306	1088	3759	524	1750	2269	702	926	1421	1539	1354	1798	1840	2299	2918	2201	649	1840	3890	2124	3867	2490	1727	1839	2018	468	1462	1071	2639	3200	3280	2465	1276	3051	1634	2983	1302	2853	1735	1230	
2695	1346	1469	836	1089	847	604	2137	1109	2022	1109	2133	171	441	1241	2118	1540	2859	2212	3853	2903	1813	1474	0	1051	3375	609	2354	856	2495	2577	1867	2235	2090	3564	919	3125	2421	1109	1914	2539	2465	2977	2793	2595	569	893	1853	2191	2477	2033	2720	2471	2303	2774	2078	2027	2784	3051	3493	2030	1942	1553	2631	1946	472	2470	1963	2380	1580	425	1963	324	1109	2426	2516	1761	885	1109	2701	2335	3638	1182	1303	1110	1704	1192	1739	407	1635	2124	1940	2376	2728	2367	2157	3230	2710	1467	1973	2628	
2650	336	1199	1886	1883	254	1022	1939	2071	1822	2071	1191	925	1406	2291	3157	2419	3069	2573	3479	3648	1046	1262	1051	0	4262	1510	3275	1132	3144	2432	1902	1197	2013	4342	762	2076	2523	2071	2313	2886	1451	1952	1783	3403	1610	720	869	2895	2512	2630	3621	3304	1417	2307	2318	1147	2922	2053	4386	983	2264	603	2539	1774	926	1434	1956	1907	2206	736	2392	1250	2071	3141	3447	2672	1130	2071	2691	1294	4536	2211	471	2071	820	1343	693	849	2682	1978	2214	3184	2453	3373	2651	2202	2527	1876	2603	2465	
3387	4597	3663	2708	2379	4143	3246	3607	2269	5259	2269	4896	3546	2937	2571	1746	1850	2757	2405	4726	936	4408	3585	3375	4262	0	2789	1029	3201	1487	3589	4972	5224	5238	672	3620	6216	5343	2269	2423	2374	5701	5820	6033	927	2861	3646	4767	1529	5460	1904	656	979	4908	4353	4928	4706	2944	6307	128	5086	4733	4500	5711	3536	3809	5657	3236	4189	2169	3800	2335	3423	2269	1330	885	1614	3217	2269	5692	5509	282	2827	4635	2269	5037	3166	4828	3421	2127	5315	4790	1121	3920	1303	2091	6422	3709	4337	1866	3640	
2375	1837	1437	610	486	1362	592	1949	562	2620	562	2408	777	183	1024	1701	942	2404	1720	3660	2295	1998	1407	609	1510	2789	0	1779	730	1897	2319	2434	2610	2671	2956	1047	3560	2955	562	1423	2037	2960	3311	3292	1989	381	1048	2181	1587	3026	1456	2137	1867	2523	2685	2585	2261	2366	3560	2909	2430	2428	1883	3203	1766	1077	2941	1685	2326	1010	1022	1455	782	562	1820	1948	1178	764	562	3256	2797	3056	1101	1850	562	2252	985	2147	664	1273	2713	2442	1769	2531	1871	1611	3710	2463	1953	1388	2375	
2884	3608	2813	1683	1408	3140	2275	2914	1244	4234	1244	4007	2524	1918	1583	945	860	2418	1856	4297	963	3534	2743	2354	3275	1029	1779	0	2266	1115	3018	3954	4296	4219	1382	2680	5277	4348	1244	1757	1965	4724	4935	5056	580	1833	2700	3844	921	4458	1263	376	436	4052	3704	3935	3828	2545	5327	1143	4142	3744	3564	4701	2804	2782	4691	2539	3471	1344	2779	1688	2394	1244	886	177	604	2286	1244	4692	4545	1285	1844	3629	1244	4031	2292	3873	2428	1181	4292	3796	531	3336	585	1526	5460	3156	3332	1184	3075	
1842	1462	708	1330	868	1108	253	1292	1210	2703	1210	1755	931	780	1753	2382	1413	2071	1488	3015	2529	1307	683	856	1132	3201	730	2266	0	2013	1722	2630	2032	2822	3227	420	3018	3218	1210	1208	1813	2518	2679	2847	2310	1063	447	1578	1774	3256	1498	2582	2226	1835	1981	2902	1588	1969	3124	3328	1886	2779	1301	3371	1102	1231	2462	1107	1608	1082	1053	1279	1174	1210	2020	2442	1679	34	1210	3471	2314	3480	1807	1578	1210	1951	337	1629	503	1988	2830	2768	2095	1884	2486	1528	3224	1856	2309	1474	1772	
1908	3475	2309	2148	1411	3092	2146	2140	1596	4515	1596	3555	2654	2079	2266	1980	1134	1336	920	3279	587	3059	2226	2495	3144	1487	1897	1115	2013	0	2102	4326	3934	4567	1269	2413	4928	4822	1596	981	909	4510	4459	4833	634	2149	2449	3478	333	4904	519	1127	708	3527	2870	4433	3355	1495	5112	1608	3830	4261	3244	5095	2088	2967	4437	1777	2725	944	2880	889	2670	1596	229	1213	1117	2019	1596	5137	4288	1753	2507	3579	1596	3961	1873	3603	2381	2026	4611	4289	585	2434	1691	620	5180	2224	3800	542	2154	
301	2649	1241	2912	2110	2561	1973	493	2557	4240	2557	2072	2639	2437	3281	3582	2429	1032	1191	1360	2669	1668	1190	2577	2432	3589	2319	3018	1722	2102	0	4253	2550	4408	3278	1790	3429	4865	2557	1265	1245	3304	2795	3567	2705	2698	1834	2188	2129	4881	1760	3168	2726	1909	807	4582	1880	802	3825	3709	2562	4475	2117	4948	666	2914	3168	633	841	1762	2711	1330	2896	2557	2277	3170	2637	1692	2557	5080	3039	3852	3407	2883	2557	3130	1388	2469	2200	3347	4389	4454	2573	332	3485	1519	3775	149	4012	1834	60	
4430	1843	3020	2278	2918	1714	2391	3769	2788	429	2788	2948	1732	2251	2420	3367	3270	4696	4072	5376	4673	2934	3064	1867	1902	4972	2434	3954	2630	4326	4253	0	2714	272	5286	2464	3125	622	2788	3775	4400	2352	3400	2550	4324	2192	2419	2618	4007	629	3889	4329	4181	3212	4207	515	2974	4599	2685	5075	2495	596	2443	769	3587	1413	2480	3697	3806	3438	1577	3828	1656	2788	4230	4087	3431	2649	2788	841	2428	5204	2179	1571	2789	1633	2952	2303	2129	2892	380	497	4116	4320	3755	4023	2989	4366	682	3822	4294	
2837	991	1637	3059	2891	1439	2040	2125	3167	2463	3167	482	2119	2542	3475	4302	3440	3460	3172	3154	4494	920	1722	2235	1197	5224	2610	4296	2032	3934	2550	2714	0	2719	5194	1616	996	3293	3167	2983	3432	782	760	1018	4318	2775	1598	459	3749	3231	3420	4613	4246	710	2046	3207	670	3259	1276	5352	230	3210	734	3145	2044	2107	627	2340	1754	3067	1930	3074	2447	3167	3987	4472	3704	2012	3167	3350	516	5505	3406	1212	3166	1087	2073	507	1958	3844	2632	3137	4108	2412	4475	3354	1265	2582	2909	3422	2556	
4596	1911	3169	2539	3157	1850	2590	3919	3043	271	3043	2993	1948	2488	2690	3639	3523	4893	4282	5491	4925	3023	3218	2090	2013	5238	2671	4219	2822	4567	4408	272	2719	0	5544	2627	3045	578	3043	3987	4610	2285	3374	2453	4581	2444	2581	2669	4251	515	4121	4594	4439	3262	4317	659	3037	4787	2564	5343	2510	795	2520	549	3741	1626	2426	3868	3920	3668	1772	4043	1898	3043	4476	4353	3689	2840	3043	678	2390	5472	2451	1638	3044	1633	3137	2343	2326	3163	136	693	4371	4457	4026	4246	2877	4515	952	4057	4446	
3041	4677	3575	3010	2494	4259	3323	3383	2505	5535	2505	4822	3733	3124	2960	2260	2033	2345	2150	4297	701	4326	3493	3564	4342	672	2956	1382	3227	1269	3278	5286	5194	5544	0	3640	6189	5709	2505	2248	2033	5743	5728	6071	970	3109	3672	4736	1454	5814	1775	1044	1106	4796	4073	5300	4623	2556	6348	710	5081	5111	4493	6043	3346	4024	5679	3030	3967	2147	3978	2156	3669	2505	1210	1303	1855	3237	2505	6048	5530	777	3221	4753	2504	5147	3123	4844	3533	2561	5608	5159	1188	3607	1826	1881	6431	3382	4686	1772	3324	
1969	1076	578	1595	1275	806	455	1311	1579	2475	1579	1366	917	1034	2027	2743	1824	2323	1811	2985	2941	954	607	919	762	3620	1047	2680	420	2413	1790	2464	1616	2627	3640	0	2600	3075	1579	1553	2125	2103	2281	2431	2729	1309	46	1166	2186	3093	1895	3000	2646	1476	1870	2798	1214	2189	2709	3747	1466	2699	884	3172	1126	1147	2044	1244	1470	1493	933	1633	1236	1579	2431	2856	2089	405	1579	3295	1895	3900	2036	1229	1579	1578	581	1210	515	2319	2617	2673	2514	1882	2877	1897	2804	1906	2248	1878	1832	
3726	1787	2625	3960	3870	2285	3008	3047	4121	2773	4121	1401	2988	3474	4359	5231	4419	4391	4150	3781	5490	1887	2709	3125	2076	6216	3560	5277	3018	4928	3429	3125	996	3045	6189	2600	0	3614	4121	3972	4398	780	723	609	5313	3685	2578	1454	4745	3513	4415	5600	5238	1521	2805	3640	1605	4180	648	6344	1136	3693	1717	3342	2991	2907	690	3299	2595	4062	2767	4063	3290	4121	4983	5453	4682	3000	4121	3572	803	6496	4259	1912	4121	1602	3068	1413	2898	4757	2928	3604	5102	3240	5431	4344	403	3437	3495	4418	3425	
5034	2456	3636	2709	3429	2335	2974	4383	3247	847	3247	3552	2301	2772	2772	3666	3730	5274	4633	5997	5127	3554	3677	2421	2523	5343	2955	4348	3218	4822	4865	622	3293	578	5709	3075	3614	0	3247	4334	4959	2860	3952	3018	4763	2673	3030	3225	4496	161	4409	4718	4613	3819	4829	417	3586	5186	3114	5439	3081	615	3059	482	4200	1989	3003	4299	4427	3965	2169	4381	2174	3247	4708	4466	3864	3240	3247	359	2968	5559	2516	2183	3247	2206	3546	2904	2715	3223	687	553	4563	4938	4081	4562	3432	4979	1027	4336	4906	
2549	2396	1886	552	448	1914	1131	2266	0	3031	0	2945	1280	679	762	1172	484	2409	1705	3918	1885	2514	1840	1109	2071	2269	562	1244	1210	1596	2557	2788	3167	3043	2505	1579	4121	3247	0	1441	1984	3521	3858	3852	1538	604	1587	2732	1264	3339	1269	1613	1399	3042	3047	2850	2789	2426	4119	2386	2990	2673	2436	3552	2102	1541	3503	1945	2721	912	1535	1437	1167	0	1464	1406	660	1240	0	3573	3360	2529	958	2396	1	2799	1379	2709	1226	810	3104	2706	1328	2815	1310	1497	4272	2706	2220	1177	2617	
1169	2628	1347	1912	1035	2314	1409	1187	1441	3888	1441	2586	2043	1593	2202	2344	1200	987	299	2585	1566	2091	1262	1914	2313	2423	1423	1757	1208	981	1265	3775	2983	3987	2248	1553	3972	4334	1441	0	625	3600	3483	3916	1503	1781	1594	2532	902	4390	522	1934	1496	2548	1959	3983	2384	985	4193	2549	2895	3836	2319	4533	1115	2363	3513	814	1767	542	2221	93	2174	1441	1095	1913	1384	1201	1441	4613	3366	2699	2381	2774	1440	3130	975	2687	1672	2169	4007	3842	1342	1580	2222	373	4240	1407	3359	580	1324	
1017	3189	1815	2491	1618	2909	2026	1405	1984	4507	1984	2998	2668	2212	2740	2720	1649	461	328	2370	1442	2515	1731	2539	2886	2374	2037	1965	1813	909	1245	4400	3432	4610	2033	2125	4398	4959	1984	625	0	4100	3847	4404	1541	2384	2169	2998	1045	5015	771	2030	1598	2913	2044	4607	2793	587	4679	2490	3373	4458	2818	5157	1416	2987	3998	1102	1973	1077	2841	583	2797	1984	1117	2089	1763	1802	1984	5238	3854	2628	2941	3354	1983	3694	1545	3193	2290	2635	4628	4466	1457	1574	2509	500	4696	1351	3981	871	1291	
3584	1126	2284	3296	3324	1620	2455	2858	3521	2014	3521	1259	2315	2851	3676	4584	3865	4172	3818	3930	5044	1641	2368	2465	1451	5701	2960	4724	2518	4510	3304	2352	782	2285	5743	2103	780	2860	3521	3600	4100	0	1151	333	4825	3034	2072	1123	4289	2768	3990	5065	4735	1491	2827	2866	1432	3982	607	5826	744	2915	1283	2620	2757	2192	177	3035	2527	3596	2077	3687	2592	3521	4533	4896	4121	2507	3521	2844	268	5977	3555	1188	3520	839	2641	912	2299	4097	2174	2827	4608	3184	4818	3963	768	3346	2717	3978	3314	
3095	1749	2161	3791	3547	2197	2727	2457	3858	3108	3858	928	2869	3260	4213	5012	4090	3791	3627	3061	5037	1412	2241	2977	1952	5820	3311	4935	2679	4459	2795	3400	760	3374	5728	2281	723	3952	3858	3483	3847	1151	0	1176	4900	3504	2271	1134	4312	3874	3960	5232	4843	938	2120	3906	1114	3572	1322	5949	987	3924	1435	3751	2431	2866	981	2749	1954	3651	2687	3575	3201	3858	4540	5112	4357	2655	3858	3969	988	6102	4155	1958	3857	1772	2656	1266	2676	4565	3274	3845	4699	2578	5158	3854	1124	2787	3647	3976	2785	
3852	1457	2590	3621	3657	1948	2787	3135	3852	2183	3852	1499	2640	3182	3996	4910	4198	4461	4128	4113	5371	1920	2675	2793	1783	6033	3292	5056	2847	4833	3567	2550	1018	2453	6071	2431	609	3018	3852	3916	4404	333	1176	0	5156	3361	2401	1411	4617	2913	4314	5398	5066	1704	3045	3064	1686	4265	278	6158	1033	3130	1597	2735	3044	2506	407	3329	2769	3924	2400	4004	2910	3852	4861	5229	4453	2835	3852	2965	551	6310	3869	1505	3852	1136	2962	1231	2632	4422	2333	3037	4939	3427	5149	4281	463	3600	2967	4304	3573	
2528	3740	2740	2056	1535	3307	2382	2690	1538	4567	1538	3978	2765	2155	2049	1522	1063	1969	1514	3910	394	3488	2662	2595	3403	927	1989	580	2310	634	2705	4324	4318	4581	970	2729	5313	4763	1538	1503	1541	4825	4900	5156	0	2141	2757	3860	604	4863	982	495	160	3984	3450	4358	3786	2128	5432	1054	4188	4173	3600	5085	2613	3054	4772	2317	3270	1253	3011	1418	2700	1538	430	623	900	2323	1538	5098	4623	1207	2308	3802	1538	4199	2251	3938	2580	1702	4642	4216	221	3034	1158	1189	5533	2833	3737	940	2759	
2755	1913	1767	289	777	1415	871	2319	604	2426	604	2630	727	284	720	1550	1080	2767	2074	4035	2481	2258	1746	569	1610	2861	381	1833	1063	2149	2698	2192	2775	2444	3109	1309	3685	2673	604	1781	2384	3034	3504	3361	2141	0	1299	2372	1823	2757	1753	2206	2003	2772	3040	2286	2502	2738	3619	2976	2578	2118	2070	2959	2134	952	3036	2064	2672	1327	979	1805	564	604	2040	1987	1263	1097	604	2990	2899	3116	744	1870	605	2268	1348	2288	834	1072	2502	2143	1929	2904	1803	1936	3797	2841	1653	1674	2753	
2015	1036	618	1586	1293	759	457	1354	1587	2429	1587	1360	885	1027	2019	2747	1842	2368	1854	3024	2973	959	650	893	720	3646	1048	2700	447	2449	1834	2419	1598	2581	3672	46	2578	3030	1587	1594	2169	2072	2271	2401	2757	1299	0	1151	2218	3048	1931	3023	2672	1479	1904	2755	1214	2235	2678	3772	1443	2658	864	3126	1170	1108	2015	1290	1504	1525	892	1674	1208	1587	2463	2876	2107	435	1587	3250	1867	3925	2021	1185	1587	1536	624	1183	493	2319	2571	2631	2541	1923	2888	1936	2778	1950	2208	1912	1876	
2464	781	1190	2659	2441	1123	1601	1736	2732	2433	2732	335	1755	2126	3083	3880	2989	3051	2729	2947	4036	521	1275	1853	869	4767	2181	3844	1578	3478	2188	2618	459	2669	4736	1166	1454	3225	2732	2532	2998	1123	1134	1411	3860	2372	1151	0	3291	3184	2963	4157	3788	595	1789	3083	382	2859	1683	4894	380	3058	302	3144	1635	1794	1004	1918	1446	2608	1596	2623	2095	2732	3529	4020	3255	1558	2732	3330	865	5047	3034	1048	2732	1086	1614	337	1543	3432	2601	2995	3650	2092	4037	2903	1708	2238	2707	2965	2201	
1975	3229	2150	1816	1102	2826	1881	2089	1264	4206	1264	3394	2353	1767	1936	1709	801	1503	946	3381	755	2901	2070	2191	2895	1529	1587	921	1774	333	2129	4007	3749	4251	1454	2186	4745	4496	1264	902	1045	4289	4312	4617	604	1823	2218	3291	0	4580	380	1040	598	3390	2856	4105	3199	1624	4894	1656	3630	3932	3042	4776	2009	2662	4226	1715	2668	693	2585	819	2353	1264	246	1055	801	1783	1264	4813	4077	1808	2175	3317	1263	3706	1677	3390	2105	1713	4298	3961	445	2455	1466	614	4979	2262	3472	338	2185	
5059	2423	3647	2808	3505	2335	3015	4396	3339	768	3339	3508	2350	2843	2888	3794	3823	5319	4688	5991	5223	3531	3692	2477	2512	5460	3026	4458	3256	4904	4881	629	3231	515	5814	3093	3513	161	3339	4390	5015	2768	3874	2913	4863	2757	3048	3184	4580	0	4482	4830	4715	3777	4819	551	3550	5225	2999	5557	3023	750	3031	321	4215	2033	2915	4325	4419	4035	2203	4440	2244	3339	4796	4580	3964	3276	3339	235	2887	5679	2634	2150	3340	2145	3580	2858	2754	3345	601	676	4660	4944	4205	4627	3319	4993	1128	4412	4921	
1622	2960	1802	1806	981	2587	1642	1709	1269	4054	1269	3048	2186	1640	2006	1953	886	1230	596	3037	1078	2554	1720	2033	2630	1904	1456	1263	1498	519	1760	3889	3420	4121	1775	1895	4415	4409	1269	522	771	3990	3960	4314	982	1753	1931	2963	380	4482	0	1416	976	3032	2477	4033	2851	1316	4593	2031	3312	3869	2726	4657	1632	2504	3918	1335	2289	454	2400	440	2238	1269	584	1411	993	1502	1269	4712	3769	2182	2223	3070	1268	3449	1354	3084	1885	1868	4157	3889	822	2083	1769	278	4663	1896	3399	100	1817	
3005	3955	3088	2059	1741	3495	2611	3117	1613	4610	1613	4305	2891	2282	1948	1220	1202	2463	1981	4397	779	3824	3015	2720	3621	656	2137	376	2582	1127	3168	4329	4613	4594	1044	3000	5600	4718	1613	1934	2030	5065	5232	5398	495	2206	3023	4157	1040	4830	1416	0	443	4334	3893	4304	4120	2618	5671	773	4466	4112	3883	5074	3024	3153	5027	2741	3689	1595	3145	1856	2768	1613	914	261	960	2600	1613	5064	4880	919	2208	3985	1613	4388	2577	4202	2776	1528	4668	4165	595	3495	795	1650	5794	3300	3704	1355	3224	
2563	3641	2688	1908	1426	3200	2284	2682	1399	4429	1399	3918	2641	2030	1892	1370	932	2039	1539	3959	554	3431	2612	2471	3304	979	1867	436	2226	708	2726	4181	4246	4439	1106	2646	5238	4613	1399	1496	1598	4735	4843	5066	160	2003	2672	3788	598	4715	976	443	0	3934	3453	4207	3729	2185	5341	1107	4110	4021	3523	4940	2594	2925	4686	2306	3257	1192	2889	1416	2565	1399	484	508	751	2241	1399	4949	4538	1260	2151	3694	1399	4093	2188	3855	2473	1542	4502	4065	154	3052	1020	1208	5449	2858	3588	919	2781	
2205	1373	1246	3061	2692	1668	1931	1533	3042	3023	3042	273	2233	2505	3493	4212	3224	2876	2689	2445	4107	528	1322	2303	1417	4908	2523	4052	1835	3527	1909	3212	710	3262	4796	1476	1521	3819	3042	2548	2913	1491	938	1704	3984	2772	1479	595	3390	3777	3032	4334	3934	0	1342	3675	278	2662	1945	5036	824	3646	814	3730	1496	2321	1330	1813	1081	2743	2111	2641	2578	3042	3614	4228	3490	1807	3042	3920	1226	5189	3477	1642	3042	1661	1760	920	1943	3795	3192	3586	3787	1735	4317	2918	1869	1922	3284	3053	1907	
1085	2431	1305	3295	2608	2500	2203	799	3047	4112	3047	1571	2786	2759	3704	4158	3021	1831	1950	1177	3448	1320	1306	2774	2307	4353	2685	3704	1981	2870	807	4207	2046	4317	4073	1870	2805	4829	3047	1959	2044	2827	2120	3045	3450	3040	1904	1789	2856	4819	2477	3893	3453	1342	0	4603	1420	1600	3281	4476	2122	4527	1830	4833	947	3004	2671	1167	405	2383	2784	2037	3096	3047	3027	3866	3257	1947	3047	4995	2561	4622	3782	2696	3046	2850	1701	2116	2368	3856	4274	4488	3299	502	4122	2264	3179	737	4095	2538	770	
4736	2303	3370	2308	3052	2105	2653	4108	2850	907	2850	3416	1973	2404	2357	3249	3332	4937	4282	5759	4725	3363	3405	2078	2318	4928	2585	3935	2902	4433	4582	515	3207	659	5300	2798	3640	417	2850	3983	4607	2866	3906	3064	4358	2286	2755	3083	4105	551	4033	4304	4207	3675	4603	0	3427	4860	3194	5023	2985	199	2887	852	3922	1674	2993	3998	4198	3593	1872	4026	1811	2850	4314	4052	3458	2926	2850	774	2938	5142	2100	2036	2850	2135	3235	2779	2401	2807	795	144	4160	4677	3664	4196	3501	4703	634	3957	4627	
2167	1131	1050	2791	2452	1396	1669	1459	2789	2805	2789	204	1955	2237	3222	3956	2990	2798	2549	2570	3929	298	1131	2027	1147	4706	2261	3828	1588	3355	1880	2974	670	3037	4623	1214	1605	3586	2789	2384	2793	1432	1114	1686	3786	2502	1214	382	3199	3550	2851	4120	3729	278	1420	3427	0	2594	1946	4835	705	3391	547	3519	1389	2045	1290	1694	1097	2537	1834	2477	2300	2789	3430	4004	3257	1562	2789	3702	1165	4988	3202	1404	2789	1468	1543	719	1671	3532	2973	3334	3585	1752	4074	2757	1917	1916	3020	2865	1887	
515	3190	1749	2889	2014	2994	2212	1136	2426	4654	2426	2794	2888	2524	3187	3266	2154	231	739	1786	2009	2346	1674	2784	2922	2944	2366	2545	1969	1495	802	4599	3259	4787	2556	2189	4180	5186	2426	985	587	3982	3572	4265	2128	2738	2235	2859	1624	5225	1316	2618	2185	2662	1600	4860	2594	0	4532	3058	3238	4727	2732	5335	1224	3196	3860	972	1626	1520	3022	994	3074	2426	1704	2673	2301	1949	2426	5439	3723	3192	3364	3391	2425	3692	1650	3102	2471	3137	4788	4723	2043	1101	3079	1038	4510	866	4251	1411	831	
4113	1723	2866	3875	3930	2210	3061	3400	4119	2296	4119	1754	2895	3446	4243	5165	4470	4730	4404	4325	5649	2187	2951	3051	2053	6307	3560	5327	3124	5112	3825	2685	1276	2564	6348	2709	648	3114	4119	4193	4679	607	1322	278	5432	3619	2678	1683	4894	2999	4593	5671	5341	1945	3281	3194	1946	4532	0	6433	1307	3274	1875	2797	3313	2748	682	3601	3019	4202	2651	4282	3156	4119	5138	5500	4724	3113	4119	3031	828	6584	4108	1754	4119	1371	3241	1510	2901	4675	2438	3178	5215	3676	5411	4559	325	3854	3144	4582	3830	
3505	4721	3791	2817	2503	4265	3371	3732	2386	5367	2386	5024	3664	3056	2669	1822	1972	2867	2527	4836	1049	4536	3714	3493	4386	128	2909	1143	3328	1608	3709	5075	5352	5343	710	3747	6344	5439	2386	2549	2490	5826	5949	6158	1054	2976	3772	4894	1656	5557	2031	773	1107	5036	4476	5023	4835	3058	6433	0	5213	4828	4627	5811	3662	3925	5783	3361	4315	2297	3918	2461	3537	2386	1455	993	1734	3344	2386	5789	5635	153	2923	4757	2386	5159	3295	4955	3544	2218	5420	4886	1250	4041	1381	2215	6549	3829	4436	1994	3761	
2840	763	1560	2859	2734	1220	1873	2114	2990	2257	2990	560	1908	2353	3271	4114	3282	3431	3100	3258	4380	897	1645	2030	983	5086	2430	4142	1886	3830	2562	2495	230	2510	5081	1466	1136	3081	2990	2895	3373	744	987	1033	4188	2578	1443	380	3630	3023	3312	4466	4110	824	2122	2985	705	3238	1307	5213	0	2984	589	2948	2015	1884	626	2297	1799	2942	1712	2985	2232	2990	3871	4317	3545	1869	2990	3149	485	5366	3195	982	2990	878	1958	291	1772	3649	2427	2912	3976	2452	4300	3264	1351	2607	2679	3309	2573	
4619	2278	3275	2127	2889	2040	2528	4007	2673	1018	2673	3392	1848	2249	2164	3051	3153	4797	4135	5674	4542	3310	3306	1942	2264	4733	2428	3744	2779	4261	4475	596	3210	795	5111	2699	3693	615	2673	3836	4458	2915	3924	3130	4173	2118	2658	3058	3932	750	3869	4112	4021	3646	4527	199	3391	4727	3274	4828	2984	0	2847	1047	3818	1561	3034	3882	4122	3433	1768	3876	1662	2673	4137	3859	3274	2804	2673	973	2970	4946	1906	2018	2673	2153	3115	2764	2282	2611	929	102	3977	4581	3467	4038	3574	4598	477	3792	4521	
2375	610	1005	2358	2158	855	1308	1640	2436	2300	2436	594	1460	1825	2782	3581	2706	2911	2535	3005	3792	511	1088	1553	603	4500	1883	3564	1301	3244	2117	2443	734	2520	4493	884	1717	3059	2436	2319	2818	1283	1435	1597	3600	2070	864	302	3042	3031	2726	3883	3523	814	1830	2887	547	2732	1875	4627	589	2847	0	3019	1513	1516	1195	1769	1452	2353	1312	2407	1801	2436	3283	3740	2971	1284	2436	3192	1047	4780	2735	882	2436	1029	1372	375	1241	3130	2465	2791	3388	2066	3744	2685	1938	2186	2473	2721	2138	
5140	2409	3708	3033	3687	2388	3139	4458	3552	721	3552	3458	2492	3020	3144	4067	4035	5441	4829	6009	5437	3527	3759	2631	2539	5711	3203	4701	3371	5095	4948	769	3145	549	6043	3172	3342	482	3552	4533	5157	2620	3751	2735	5085	2959	3126	3144	4776	321	4657	5074	4940	3730	4833	852	3519	5335	2797	5811	2948	1047	3019	0	4282	2171	2778	4414	4439	4206	2320	4588	2425	3552	4998	4828	4189	3388	3552	236	2765	5936	2895	2139	3552	2074	3686	2811	2875	3608	562	963	4879	4990	4471	4788	3120	5053	1375	4591	4985	
878	2008	577	2375	1661	1895	1346	191	2102	3575	2102	1592	1994	1859	2773	3214	2084	1417	1206	1913	2675	1126	524	1946	1774	3536	1766	2804	1102	2088	666	3587	2044	3741	3346	1126	2991	4200	2102	1115	1416	2757	2431	3044	2613	2134	1170	1635	2009	4215	1632	3024	2594	1496	947	3922	1389	1224	3313	3662	2015	3818	1513	4282	0	2258	2638	319	667	1464	2052	1204	2269	2102	2209	2971	2327	1070	2102	4414	2499	3813	2867	2232	2101	2499	787	1880	1556	2911	3723	3795	2440	782	3193	1468	3304	781	3360	1676	707	
3062	1133	1725	1161	1560	673	985	2448	1541	1550	1541	2109	321	901	1499	2444	1993	3287	2659	4131	3370	1887	1750	472	926	3809	1077	2782	1231	2967	2914	1413	2107	1626	4024	1147	2907	1989	1541	2363	2987	2192	2866	2506	3054	952	1108	1794	2662	2033	2504	3153	2925	2321	3004	1674	2045	3196	2748	3925	1884	1561	1516	2171	2258	0	2227	2324	2601	2050	222	2417	416	1541	2897	2939	2201	1253	1541	2253	2104	4067	1363	1004	1542	1377	1562	1600	728	1946	1655	1543	2836	3026	2739	2620	2960	3038	1103	2445	2960	
3452	1124	2184	3305	3286	1624	2417	2731	3503	2156	3503	1109	2326	2841	3695	4587	3831	4055	3723	3764	4979	1515	2269	2470	1434	5657	2941	4691	2462	4437	3168	2480	627	2426	5679	2044	690	3003	3503	3513	3998	177	981	407	4772	3036	2015	1004	4226	2915	3918	5027	4686	1330	2671	2993	1290	3860	682	5783	626	3034	1195	2778	2638	2227	0	2922	2380	3534	2097	3602	2617	3503	4469	4865	4090	2449	3503	2999	149	5935	3585	1226	3503	914	2564	836	2277	4105	2318	2948	4557	3038	4807	3880	769	3205	2814	3910	3176	
738	2219	777	2281	1497	2045	1360	376	1945	3719	1945	1898	2036	1804	2655	3012	1865	1143	887	1983	2364	1421	702	1963	1956	3236	1685	2539	1107	1777	633	3697	2340	3868	3030	1244	3299	4299	1945	814	1102	3035	2749	3329	2317	2064	1290	1918	1715	4325	1335	2741	2306	1813	1167	3998	1694	972	3601	3361	2297	3882	1769	4414	319	2324	2922	0	954	1217	2131	900	2277	1945	1907	2703	2094	1080	1945	4532	2781	3511	2776	2424	1944	2720	771	2142	1600	2745	3860	3867	2152	870	2958	1157	3604	778	3414	1387	690	
1141	2045	915	2934	2292	2096	1821	586	2721	3719	2721	1272	2387	2388	3350	3858	2741	1851	1818	1572	3312	949	926	2380	1907	4189	2326	3471	1608	2725	841	3806	1754	3920	3967	1470	2595	4427	2721	1767	1973	2527	1954	2769	3270	2672	1504	1446	2668	4419	2289	3689	3257	1081	405	4198	1097	1626	3019	4315	1799	4122	1452	4439	667	2601	2380	954	0	2130	2380	1854	2702	2721	2860	3639	2988	1575	2721	4597	2260	4464	3415	2307	2721	2480	1351	1761	1974	3530	3879	4084	3103	658	3853	2106	2950	842	3690	2337	832	
1699	2540	1497	1415	550	2148	1201	1585	912	3600	912	2727	1732	1193	1673	1821	668	1498	794	3106	1448	2239	1421	1580	2206	2169	1010	1344	1082	944	1762	3438	3067	3668	2147	1493	4062	3965	912	542	1077	3596	3651	3924	1253	1327	1525	2608	693	4035	454	1595	1192	2743	2383	3593	2537	1520	4202	2297	2942	3433	2353	4206	1464	2050	3534	1217	2130	0	1947	527	1791	912	938	1515	879	1091	912	4264	3385	2451	1865	2636	911	3021	998	2699	1438	1626	3703	3450	1048	2058	1741	610	4290	1909	2961	404	1822	
2868	981	1510	1225	1489	492	818	2240	1535	1668	1535	1906	256	863	1599	2516	1961	3122	2513	3915	3310	1669	1539	425	736	3800	1022	2779	1053	2880	2711	1577	1930	1772	3978	933	2767	2169	1535	2221	2841	2077	2687	2400	3011	979	892	1596	2585	2203	2400	3145	2889	2111	2784	1872	1834	3022	2651	3918	1712	1768	1312	2320	2052	222	2097	2131	2380	1947	0	2280	523	1535	2825	2941	2185	1073	1535	2417	1967	4063	1493	897	1535	1291	1377	1424	554	2024	1787	1744	2791	2815	2782	2497	2845	2832	1316	2348	2755	
1217	2709	1438	1924	1046	2387	1473	1272	1437	3949	1437	2678	2096	1629	2199	2302	1168	975	271	2635	1475	2183	1354	1963	2392	2335	1455	1688	1279	889	1330	3828	3074	4043	2156	1633	4063	4381	1437	93	583	3687	3575	4004	1418	1805	1674	2623	819	4440	440	1856	1416	2641	2037	4026	2477	994	4282	2461	2985	3876	2407	4588	1204	2417	3602	900	1854	527	2280	0	2215	1437	1007	1842	1339	1274	1437	4664	3454	2611	2386	2850	1437	3210	1058	2775	1734	2145	4065	3885	1262	1649	2165	281	4331	1469	3399	506	1388	
3006	1504	1792	748	1263	1014	924	2460	1167	1867	1167	2392	345	599	1087	2028	1637	3137	2473	4177	3033	2103	1798	324	1250	3423	782	2394	1174	2670	2896	1656	2447	1898	3669	1236	3290	2174	1167	2174	2797	2592	3201	2910	2700	564	1208	2095	2353	2244	2238	2768	2565	2578	3096	1811	2300	3074	3156	3537	2232	1662	1801	2425	2269	416	2617	2277	2702	1791	523	2215	0	1167	2578	2546	1826	1204	1167	2474	2489	3676	969	1405	1168	1787	1508	1942	729	1530	1949	1669	2486	3051	2327	2388	3360	3030	1185	2169	2947	
2549	2396	1886	552	448	1914	1131	2266	0	3031	0	2945	1280	679	762	1172	484	2409	1705	3918	1885	2514	1840	1109	2071	2269	562	1244	1210	1596	2557	2788	3167	3043	2505	1579	4121	3247	0	1441	1984	3521	3858	3852	1538	604	1587	2732	1264	3339	1269	1613	1399	3042	3047	2850	2789	2426	4119	2386	2990	2673	2436	3552	2102	1541	3503	1945	2721	912	1535	1437	1167	0	1464	1406	660	1240	0	3573	3360	2529	958	2396	1	2799	1379	2709	1226	810	3104	2706	1328	2815	1310	1497	4272	2706	2220	1177	2617	
2098	3475	2380	2013	1338	3071	2127	2277	1464	4438	1464	3626	2590	1998	2097	1760	986	1555	1086	3483	510	3132	2299	2426	3141	1330	1820	886	2020	229	2277	4230	3987	4476	1210	2431	4983	4708	1464	1095	1117	4533	4540	4861	430	2040	2463	3529	246	4796	584	914	484	3614	3027	4314	3430	1704	5138	1455	3871	4137	3283	4998	2209	2897	4469	1907	2860	938	2825	1007	2578	1464	0	987	930	2028	1464	5030	4320	1604	2344	3562	1464	3952	1915	3633	2350	1830	4526	4170	356	2606	1463	764	5221	2403	3683	566	2330	
3028	3779	2988	1825	1583	3309	2450	3078	1406	4375	1406	4184	2686	2083	1695	967	1035	2537	1999	4436	974	3710	2918	2516	3447	885	1948	177	2442	1213	3170	4087	4472	4353	1303	2856	5453	4466	1406	1913	2089	4896	5112	5229	623	1987	2876	4020	1055	4580	1411	261	508	4228	3866	4052	4004	2673	5500	993	4317	3859	3740	4828	2971	2939	4865	2703	3639	1515	2941	1842	2546	1406	987	0	776	2463	1406	4813	4719	1130	1953	3796	1406	4199	2468	4048	2599	1268	4429	3913	634	3490	555	1667	5634	3307	3455	1336	3227	
2553	3004	2265	1157	814	2538	1675	2458	660	3686	660	3431	1932	1322	1174	966	267	2223	1565	3969	1271	2966	2201	1761	2672	1614	1178	604	1679	1117	2637	3431	3704	3689	1855	2089	4682	3864	660	1384	1763	4121	4357	4453	900	1263	2107	3255	801	3964	993	960	751	3490	3257	3458	3257	2301	4724	1734	3545	3274	2971	4189	2327	2201	4090	2094	2988	879	2185	1339	1826	660	930	776	0	1702	660	4199	3943	1880	1427	3027	660	3430	1739	3274	1824	912	3754	3316	705	2937	866	1269	4859	2782	2838	894	2696	
1816	1458	674	1364	892	1113	281	1261	1240	2718	1240	1730	957	814	1786	2412	1436	2054	1478	2983	2538	1279	649	885	1130	3217	764	2286	34	2019	1692	2649	2012	2840	3237	405	3000	3240	1240	1201	1802	2507	2655	2835	2323	1097	435	1558	1783	3276	1502	2600	2241	1807	1947	2926	1562	1949	3113	3344	1869	2804	1284	3388	1070	1253	2449	1080	1575	1091	1073	1274	1204	1240	2028	2463	1702	0	1240	3490	2300	3497	1841	1580	1240	1950	310	1615	525	2019	2846	2792	2109	1852	2512	1526	3209	1826	2334	1480	1743	
2549	2396	1886	552	448	1914	1131	2266	0	3031	0	2945	1280	679	762	1172	484	2409	1705	3918	1885	2514	1840	1109	2071	2269	562	1244	1210	1596	2557	2788	3167	3043	2505	1579	4121	3247	0	1441	1984	3521	3858	3852	1538	604	1587	2732	1264	3339	1269	1613	1399	3042	3047	2850	2789	2426	4119	2386	2990	2673	2436	3552	2102	1541	3503	1945	2721	912	1535	1437	1167	0	1464	1406	660	1240	0	3573	3360	2529	958	2396	1	2799	1379	2709	1226	810	3104	2706	1328	2815	1310	1497	4272	2706	2220	1177	2617	
5263	2582	3842	3042	3736	2525	3232	4593	3573	897	3573	3649	2571	3073	3121	4022	4057	5537	4910	6169	5457	3697	3890	2701	2691	5692	3256	4692	3471	5137	5080	841	3350	678	6048	3295	3572	359	3573	4613	5238	2844	3969	2965	5098	2990	3250	3330	4813	235	4712	5064	4949	3920	4995	774	3702	5439	3031	5789	3149	973	3192	236	4414	2253	2999	4532	4597	4264	2417	4664	2474	3573	5030	4813	4199	3490	3573	0	2982	5911	2866	2310	3574	2272	3792	3000	2970	3576	729	905	4895	5134	4436	4854	3354	5189	1362	4642	5119	
3320	990	2039	3170	3139	1490	2270	2597	3360	2122	3360	992	2193	2700	3563	4449	3685	3915	3577	3669	4830	1379	2124	2335	1294	5509	2797	4545	2314	4288	3039	2428	516	2390	5530	1895	803	2968	3360	3366	3854	268	988	551	4623	2899	1867	865	4077	2887	3769	4880	4538	1226	2561	2938	1165	3723	828	5635	485	2970	1047	2765	2499	2104	149	2781	2260	3385	1967	3454	2489	3360	4320	4719	3943	2300	3360	2982	0	5787	3458	1110	3360	826	2416	687	2133	3969	2287	2887	4408	2917	4665	3732	915	3079	2732	3761	3048	
3644	4871	3944	2952	2654	4414	3522	3881	2529	5501	2529	5178	3808	3201	2792	1924	2120	2998	2672	4967	1187	4690	3867	3638	4536	282	3056	1285	3480	1753	3852	5204	5505	5472	777	3900	6496	5559	2529	2699	2628	5977	6102	6310	1207	3116	3925	5047	1808	5679	2182	919	1260	5189	4622	5142	4988	3192	6584	153	5366	4946	4780	5936	3813	4067	5935	3511	4464	2451	4063	2611	3676	2529	1604	1130	1880	3497	2529	5911	5787	0	3044	4905	2529	5307	3448	5107	3694	2336	5551	5007	1403	4184	1487	2362	6701	3970	4561	2146	3903	
3439	2473	2510	495	1350	1981	1611	3049	958	2515	958	3314	1287	1028	261	1191	1375	3360	2656	4756	2692	2973	2490	1182	2211	2827	1101	1844	1807	2507	3407	2179	3406	2451	3221	2036	4259	2516	958	2381	2941	3555	4155	3869	2308	744	2021	3034	2175	2634	2223	2208	2151	3477	3782	2100	3202	3364	4108	2923	3195	1906	2735	2895	2867	1363	3585	2776	3415	1865	1493	2386	969	958	2344	1953	1427	1841	958	2866	3458	3044	0	2367	959	2737	2084	2904	1537	714	2542	1963	2128	3629	1578	2455	4322	3553	1520	2130	3464	
3110	274	1660	2121	2268	494	1436	2391	2396	1419	2396	1381	1144	1717	2491	3412	2785	3539	3038	3874	4065	1388	1727	1303	471	4635	1850	3629	1578	3579	2883	1571	1212	1638	4753	1229	1912	2183	2396	2774	3354	1188	1958	1505	3802	1870	1185	1048	3317	2150	3070	3985	3694	1642	2696	2036	1404	3391	1754	4757	982	2018	882	2139	2232	1004	1226	2424	2307	2636	897	2850	1405	2396	3562	3796	3027	1580	2396	2310	1110	4905	2367	0	2396	403	1809	746	1221	2921	1583	1952	3581	2884	3670	3105	1956	2973	1698	3037	2914	
2549	2396	1886	553	447	1914	1131	2265	1	3031	1	2945	1280	679	762	1172	483	2409	1705	3917	1885	2514	1839	1110	2071	2269	562	1244	1210	1596	2557	2789	3166	3044	2504	1579	4121	3247	1	1440	1983	3520	3857	3852	1538	605	1587	2732	1263	3340	1268	1613	1399	3042	3046	2850	2789	2425	4119	2386	2990	2673	2436	3552	2101	1542	3503	1944	2721	911	1535	1437	1168	1	1464	1406	660	1240	1	3574	3360	2529	959	2396	0	2799	1378	2709	1226	810	3104	2707	1327	2814	1310	1496	4271	2705	2221	1177	2616	
3375	506	1944	2515	2667	894	1825	2644	2799	1379	2799	1388	1542	2120	2874	3806	3187	3852	3385	4020	4457	1532	2018	1704	820	5037	2252	4031	1951	3961	3130	1633	1087	1633	5147	1578	1602	2206	2799	3130	3694	839	1772	1136	4199	2268	1536	1086	3706	2145	3449	4388	4093	1661	2850	2135	1468	3692	1371	5159	878	2153	1029	2074	2499	1377	914	2720	2480	3021	1291	3210	1787	2799	3952	4199	3430	1950	2799	2272	826	5307	2737	403	2799	0	2157	749	1620	3311	1549	2074	3979	3094	4070	3471	1596	3206	1905	3420	3155	
1506	1654	526	1595	969	1368	590	974	1379	3007	1379	1730	1267	1072	2003	2536	1475	1765	1230	2696	2423	1246	468	1192	1343	3166	985	2292	337	1873	1388	2952	2073	3137	3123	581	3068	3546	1379	975	1545	2641	2656	2962	2251	1348	624	1614	1677	3580	1354	2577	2188	1760	1701	3235	1543	1650	3241	3295	1958	3115	1372	3686	787	1562	2564	771	1351	998	1377	1058	1508	1379	1915	2468	1739	310	1379	3792	2416	3448	2084	1809	1378	2157	0	1731	834	2183	3139	3102	2046	1564	2585	1327	3309	1525	2645	1351	1440	
2734	498	1379	2569	2465	932	1599	2000	2709	2103	2709	650	1617	2066	2980	3826	3013	3284	2907	3280	4143	815	1462	1739	693	4828	2147	3873	1629	3603	2469	2303	507	2343	4844	1210	1413	2904	2709	2687	3193	912	1266	1231	3938	2288	1183	337	3390	2858	3084	4202	3855	920	2116	2779	719	3102	1510	4955	291	2764	375	2811	1880	1600	836	2142	1761	2699	1424	2775	1942	2709	3633	4048	3274	1615	2709	3000	687	5107	2904	746	2709	749	1731	0	1486	3360	2271	2697	3724	2396	4018	3051	1595	2530	2436	3074	2487	
2338	1180	1063	1123	1048	727	264	1747	1226	2217	1226	1796	438	584	1552	2344	1574	2568	1962	3456	2849	1437	1071	407	849	3421	664	2428	503	2381	2200	2129	1958	2326	3533	515	2898	2715	1226	1672	2290	2299	2676	2632	2580	834	493	1543	2105	2754	1885	2776	2473	1943	2368	2401	1671	2471	2901	3544	1772	2282	1241	2875	1556	728	2277	1600	1974	1438	554	1734	729	1226	2350	2599	1824	525	1226	2970	2133	3694	1537	1221	1226	1620	834	1486	0	1889	2339	2268	2360	2335	2534	1961	3046	2329	1814	1842	2248	
3317	2981	2681	801	1251	2481	1864	3073	810	3219	810	3674	1782	1305	477	500	987	3086	2399	4706	2096	3271	2639	1635	2682	2127	1273	1181	1988	2026	3347	2892	3844	3163	2561	2319	4757	3223	810	2169	2635	4097	4565	4422	1702	1072	2319	3432	1713	3345	1868	1528	1542	3795	3856	2807	3532	3137	4675	2218	3649	2611	3130	3608	2911	1946	4105	2745	3530	1626	2024	2145	1530	810	1830	1268	912	2019	810	3576	3969	2336	714	2921	810	3311	2183	3360	1889	0	3252	2672	1553	3615	864	2135	4863	3496	2233	1769	3407	
4584	1855	3148	2610	3200	1828	2604	3898	3104	169	3104	2921	1975	2532	2778	3732	3582	4900	4300	5450	4981	2971	3200	2124	1978	5315	2713	4292	2830	4611	4389	380	2632	136	5608	2617	2928	687	3104	4007	4628	2174	3274	2333	4642	2502	2571	2601	4298	601	4157	4668	4502	3192	4274	795	2973	4788	2438	5420	2427	929	2465	562	3723	1655	2318	3860	3879	3703	1787	4065	1949	3104	4526	4429	3754	2846	3104	729	2287	5551	2542	1583	3104	1549	3139	2271	2339	3252	0	827	4430	4428	4114	4274	2753	4493	1061	4095	4425	
4605	2215	3247	2164	2909	1995	2518	3983	2706	917	2706	3329	1838	2262	2219	3119	3189	4798	4141	5641	4582	3260	3280	1940	2214	4790	2442	3796	2768	4289	4454	497	3137	693	5159	2673	3604	553	2706	3842	4466	2827	3845	3037	4216	2143	2631	2995	3961	676	3889	4165	4065	3586	4488	144	3334	4723	3178	4886	2912	102	2791	963	3795	1543	2948	3867	4084	3450	1744	3885	1669	2706	4170	3913	3316	2792	2706	905	2887	5007	1963	1952	2707	2074	3102	2697	2268	2672	827	0	4017	4554	3531	4053	3480	4576	490	3814	4499	
2414	3520	2542	1854	1314	3087	2162	2527	1328	4353	1328	3775	2545	1937	1872	1430	849	1903	1388	3813	566	3287	2465	2376	3184	1121	1769	531	2095	585	2573	4116	4108	4371	1188	2514	5102	4563	1328	1342	1457	4608	4699	4939	221	1929	2541	3650	445	4660	822	595	154	3787	3299	4160	3585	2043	5215	1250	3976	3977	3388	4879	2440	2836	4557	2152	3103	1048	2791	1262	2486	1328	356	634	705	2109	1328	4895	4408	1403	2128	3581	1327	3979	2046	3724	2360	1553	4430	4017	0	2899	1112	1056	5318	2706	3536	765	2629	
587	2635	1307	3135	2368	2609	2129	592	2815	4274	2815	1930	2771	2634	3519	3871	2719	1333	1520	1132	3001	1581	1276	2728	2453	3920	2531	3336	1884	2434	332	4320	2412	4457	3607	1882	3240	4938	2815	1580	1574	3184	2578	3427	3034	2904	1923	2092	2455	4944	2083	3495	3052	1735	502	4677	1752	1101	3676	4041	2452	4581	2066	4990	782	3026	3038	870	658	2058	2815	1649	3051	2815	2606	3490	2937	1852	2815	5134	2917	4184	3629	2884	2814	3094	1564	2396	2335	3615	4428	4554	2899	0	3792	1847	3602	236	4129	2154	283	
3381	3693	3111	1579	1626	3202	2436	3324	1310	4077	1310	4238	2529	1967	1336	444	1116	2968	2365	4799	1526	3790	3051	2367	3373	1303	1871	585	2486	1691	3485	3755	4475	4026	1826	2877	5431	4081	1310	2222	2509	4818	5158	5149	1158	1803	2888	4037	1466	4205	1769	795	1020	4317	4122	3664	4074	3079	5411	1381	4300	3467	3744	4471	3193	2739	4807	2958	3853	1741	2782	2165	2327	1310	1463	555	866	2512	1310	4436	4665	1487	1578	3670	1310	4070	2585	4018	2534	864	4114	3531	1112	3792	0	2044	5575	3629	3097	1679	3544	
1361	2973	1719	2019	1160	2634	1705	1521	1497	4163	1497	2958	2299	1792	2249	2231	1148	955	332	2770	1208	2463	1634	2157	2651	2091	1611	1526	1528	620	1519	4023	3354	4246	1881	1897	4344	4562	1497	373	500	3963	3854	4281	1189	1936	1936	2903	614	4627	278	1650	1208	2918	2264	4196	2757	1038	4559	2215	3264	4038	2685	4788	1468	2620	3880	1157	2106	610	2497	281	2388	1497	764	1667	1269	1526	1497	4854	3732	2362	2455	3105	1496	3471	1327	3051	1961	2135	4274	4053	1056	1847	2044	0	4610	1650	3564	375	1574	
4069	1885	2898	4062	4054	2383	3185	3374	4272	2608	4272	1715	3081	3607	4444	5348	4600	4715	4435	4177	5730	2183	2983	3230	2202	6422	3710	5460	3224	5180	3775	2989	1265	2877	6431	2804	403	3432	4272	4240	4696	768	1124	463	5533	3797	2778	1708	4979	3319	4663	5794	5449	1869	3179	3501	1917	4510	325	6549	1351	3574	1938	3120	3304	2960	769	3604	2950	4290	2845	4331	3360	4272	5221	5634	4859	3209	4272	3354	915	6701	4322	1956	4271	1596	3309	1595	3046	4863	2753	3480	5318	3602	5575	4610	0	3792	3425	4659	3775	
352	2733	1347	3058	2259	2666	2107	597	2706	4342	2706	2101	2767	2579	3429	3729	2576	1097	1320	1212	2785	1720	1302	2710	2527	3709	2463	3156	1856	2224	149	4366	2582	4515	3382	1906	3437	4979	2706	1407	1351	3346	2787	3600	2833	2841	1950	2238	2262	4993	1896	3300	2858	1922	737	4703	1916	866	3854	3829	2607	4598	2186	5053	781	3038	3205	778	842	1909	2832	1469	3030	2706	2403	3307	2782	1826	2706	5189	3079	3970	3553	2973	2705	3206	1525	2530	2329	3496	4493	4576	2706	236	3629	1650	3792	0	4138	1972	89	
4151	1939	2826	1682	2419	1637	2057	3550	2220	1076	2220	3041	1378	1774	1769	2698	2703	4320	3658	5231	4100	2913	2853	1467	1876	4337	1953	3332	2309	3800	4012	682	2909	952	4686	2248	3495	1027	2220	3359	3981	2717	3647	2967	3737	1653	2208	2707	3472	1128	3399	3704	3588	3284	4095	634	3020	4251	3144	4436	2679	477	2473	1375	3360	1103	2814	3414	3690	2961	1316	3399	1185	2220	3683	3455	2838	2334	2220	1362	2732	4561	1520	1698	2221	1905	2645	2436	1814	2233	1061	490	3536	4129	3097	3564	3425	4138	0	3323	4059	
1705	2935	1815	1718	907	2551	1604	1762	1177	3995	1177	3060	2128	1571	1911	1856	787	1329	686	3122	1072	2567	1735	1973	2603	1866	1388	1184	1474	542	1834	3822	3422	4057	1772	1878	4418	4336	1177	580	871	3978	3976	4304	940	1674	1912	2965	338	4412	100	1355	919	3053	2538	3957	2865	1411	4582	1994	3309	3792	2721	4591	1676	2445	3910	1387	2337	404	2348	506	2169	1177	566	1336	894	1480	1177	4642	3761	2146	2130	3037	1177	3420	1351	3074	1842	1769	4095	3814	765	2154	1679	375	4659	1972	3323	0	1891	
320	2677	1278	2969	2170	2598	2024	527	2617	4276	2617	2076	2687	2492	3339	3642	2488	1062	1245	1301	2719	1682	1230	2628	2465	3640	2375	3075	1772	2154	60	4294	2556	4446	3324	1832	3425	4906	2617	1324	1291	3314	2785	3573	2759	2753	1876	2201	2185	4921	1817	3224	2781	1907	770	4627	1887	831	3830	3761	2573	4521	2138	4985	707	2960	3176	690	832	1822	2755	1388	2947	2617	2330	3227	2696	1743	2617	5119	3048	3903	3464	2914	2616	3155	1440	2487	2248	3407	4425	4499	2629	283	3544	1574	3775	89	4059	1891	0	


0	 CF147HB 	 0 	 0 	 540  	 1080  	 0  	 0 

1	 CF142RY 	 1 	 10 	 540  	 780  	 8  	 4 
2	 CF141AB 	 1 	 8 	 540  	 780  	 5  	 2 
3	 CF144LT 	 1 	 2 	 720  	 960  	 9  	 4 
4	 CF145ET 	 1 	 9 	 540  	 780  	 8  	 4 
5	 CF141HY 	 1 	 10 	 660  	 900  	 6  	 3 
6	 CF141UE 	 1 	 7 	 720  	 960  	 7  	 3 
7	 CF147BA 	 0 	 1 	 720  	 960  	 5  	 2 
8	 CF143WE	 1 	 2 	 600  	 840  	 8  	 4 
9	 CF244HJ 	 1 	 8 	 720  	 960  	 7  	 3 
10	 CF143XZ 	 1 	 8 	 540  	 780  	 9  	 4 
11	 CF142NB	 1 	 4 	 600  	 840  	 10  	 5 
12	 CF144AT 	 1 	 8 	 540  	 780  	 9  	 4 
13	 CF144PL 	 1 	 3 	 600  	 840  	 6  	 3 
14	 CF145QJ 	 1 	 5 	 600  	 840  	 6  	 3 
15	 CF140NP	 0 	 6 	 600  	 840  	 9  	 4 
16	 CF145ZE 	 1 	 1 	 720  	 960  	 10  	 5 
17	 CF146UF 	 1 	 2 	 720  	 960  	 8  	 4 
18	 CF146JX 	 1 	 2 	 600  	 840  	 6  	 3 
19	 CF147YT 	 1 	 4 	 600  	 840  	 9  	 4 
20	 CF149AU	 1 	 1 	 660  	 900  	 6  	 3 
21	 CF141PF 	 1 	 4 	 540  	 780  	 10  	 5 
22	 CF141AD	 1 	 10 	 540  	 780  	 5  	 2 
23	 CF144JL 	 1 	 2 	 600  	 840  	 10  	 5 
24	 CF141JW 	 1 	 1 	 540  	 780  	 6  	 3 
25	 CF149DW 1 	 1 	 720  	 960  	 10  	 5 
26	 CF144NQ	 1 	 10 	 720  	 960  	 10  	 5 
27	 CF145JR 	 1 	 4 	 720  	 960  	 7  	 3 
28	 CF141ST 	 1 	 7 	 540  	 780  	 8  	 4 
29	 CF146QT 	 1 	 2 	 660  	 900  	 7  	 3 
30	 CF147TB 	 0 	 20 	 720  	 960  	 5  	 2 
31	 CF244LA 	 1 	 7 	 720  	 960  	 9  	 4 
32	 CF142JJ 	 1 	 1 	 540  	 780  	 5  	 2 
33	 CF244LP 	 1 	 5 	 720  	 960  	 8  	 4 
34	 CF149HL 	 1 	 6 	 660  	 900  	 8  	 4 
35	 CF141QH	 0 	 23 	 720  	 960  	 8  	 4 
36	 CF52HB 	 1 	 8 	 600  	 840  	 6  	 3 
37	 CF244NN	 1 	 1 	 600  	 840  	 5  	 2 
38	 CF148LJ 	 1 	 8 	 540  	 780  	 9  	 4 
39	 CF146JS 	 1 	 9 	 720  	 960  	 6  	 3 
40	 CF146TU 	 1 	 6 	 720  	 960  	 5  	 2 
41	 CF52DX 	 1 	 7 	 720  	 960  	 5  	 2 
42	 CF52PN 	 0 	 8 	 660  	 900  	 10  	 5 
43	 CF52BT 	 1 	 2 	 600  	 840  	 9  	 4 
44	 CF149AS 	 1 	 5 	 600  	 840  	 5  	 2 
45	 CF144JU 	 1 	 10 	 540  	 780  	 5  	 2 
46	 CF141QJ 	 1 	 10 	 660  	 900  	 9  	 4 
47	 CF142HT 	 1 	 3 	 660  	 900  	 9  	 4 
48	 CF145HG	 1 	 8 	 660  	 900  	 5  	 2 
49	 CF244ER 	 1 	 9 	 720  	 960  	 8  	 4 
50	 CF146LG 	 1 	 3 	 540  	 780  	 9  	 4 
51	 CF149BL 	 1 	 1 	 660  	 900  	 5  	 2 
52	 CF145LA 	 1 	 8 	 540  	 780  	 10  	 5 
53	 CF142FJ 	 1 	 10 	 720  	 960  	 8  	 4 
54	 CF147JN 	 1 	 3 	 600  	 840  	 10  	 5 
55	 CF244QS 	 1 	 1 	 660  	 900  	 9  	 4 
56	 CF142LT 	 1 	 1 	 720  	 960  	 9  	 4 
57	 CF147TJ 	 1 	 10 	 720  	 960  	 6  	 3 
58	 CF51DR 	 1 	 5 	 660  	 900  	 8  	 4 
59	 CF149HE 	 1 	 10 	 540  	 780  	 9  	 4 
60	 CF142QL 	 1 	 5 	 660  	 900  	 9  	 4 
61	 CF244QG	 1 	 1 	 720  	 960  	 9  	 4 
62	 CF142PF 	 1 	 4 	 600  	 840  	 8  	 4 
63	 CF244HX 	 1 	 2 	 540  	 780  	 6  	 3 
64	 CF147AH	 1 	 4 	 540  	 780  	 10  	 5 
65	 CF144DL 	 1 	 5 	 720  	 960  	 9  	 4 
66	 CF52EG 	 1 	 8 	 660  	 900  	 5  	 2 
67	 CF146ES 	 1 	 6 	 540  	 780  	 8  	 4 
68	 CF142TJ 	 1 	 8 	 720  	 960  	 7  	 3 
69	 CF146NY	 0 	 10 	 660  	 900  	 7  	 3 
70	 CF144AF 	 1 	 2 	 660  	 900  	 6  	 3 
71	 CF146JW 	 1 	 5 	 600  	 840  	 7  	 3 
72	 CF144DG	 1 	 2 	 720  	 960  	 5  	 2 
73	 CF145XW	 1 	 8 	 720  	 960  	 6  	 3 
74	 CF145HS 	 1 	 1 	 660  	 900  	 7  	 3 
75	 CF145AD	 0 	 10 	 720  	 960  	 9  	 4 
76	 CF145EG 	 1 	 2 	 720  	 960  	 6  	 3 
77	 CF141SW	 1 	 6 	 600  	 840  	 9  	 4 
78	 CF144ZP 	 1 	 9 	 540  	 780  	 8  	 4 
79	 CF244DA	 1 	 4 	 720  	 960  	 7  	 3 
80	 CF52YE 	 1 	 2 	 660  	 900  	 9  	 4 
81	 CF149ES 	 1 	 4 	 540  	 780  	 7  	 3 
82	 CF235QL 	 1 	 1 	 540  	 780  	 8  	 4 
83	 CF142RW	 1 	 9 	 720  	 960  	 7  	 3 
84	 CF148NA	 0 	 14 	 660  	 900  	 5  	 2 
85	 CF142SD 	 0 	 12 	 540  	 780  	 10  	 5 
86	 CF146BJ 	 1 	 8 	 720  	 960  	 9  	 4 
87	 CF142PD 	 0 	 7 	 540  	 780  	 5  	 2 
88	 CF141TW	 1 	 6 	 720  	 960  	 9  	 4 
89	 CF145QG	 0 	 7 	 540  	 780  	 7  	 3 
90	 CF244HL 	 1 	 6 	 720  	 960  	 7  	 3 
91	 CF244QF 	 1 	 6 	 660  	 900  	 8  	 4 
92	 CF145JY 	 0 	 1 	 540  	 780  	 8  	 4 
93	 CF147DX 	 0 	 1 	 540  	 780  	 5  	 2 
94	 CF145UX 	 1 	 6 	 720  	 960  	 10  	 5 
95	 CF146RL 	 0 	 9 	 720  	 960  	 6  	 3 
96	 CF52BW 	 1 	 4 	 540  	 780  	 5  	 2 
97	 CF147EJ 	 1 	 10 	 540  	 780  	 6  	 3 
98	 CF143QX	 1 	 9 	 660  	 900  	 6  	 3 
99	 CF146RD 	 1 	 3 	 720  	 960  	 9  	 4 
100	 CF147EY 	 1 	 9 	 600  	 840  	 10  	 5 
