100

1200
32
10
500

0	1230	1823	3518	2723	2689	813	1209	428	2574	2691	916	2471	1548	1495	1792	2092	817	2245	3207	1854	1949	2398	1964	1218	2059	3069	1909	1999	1063	341	2191	2590	1725	324	656	3066	1765	1695	1130	974	2655	1565	2644	2553	2876	959	1324	1856	1536	3000	3780	1495	1797	2866	596	1363	1484	1527	1585	2532	2040	3348	2039	2961	2487	1871	1591	1927	2838	1002	1202	2463	1403	1869	1758	2289	2018	1508	1455	1945	2995	2376	2958	2660	1614	1495	3078	3457	2406	2215	2465	1031	3730	1934	614	2827	2046	2724	3345	1334	
1230	0	665	2574	1570	1562	808	267	1475	2740	1661	1161	2245	776	1325	2146	2628	853	3472	2336	1851	721	2107	1418	2337	3280	2861	3106	3205	1125	1051	2619	1804	1820	910	1772	2913	2989	1174	1778	1533	1517	1354	1467	1506	2663	1124	1817	846	1881	3585	3170	1325	1970	1687	1181	782	1285	1165	1153	1410	2497	4578	3254	2125	1411	2510	1982	811	1621	1438	1488	1816	1968	1778	1815	2307	1166	1722	2319	3173	4222	3596	1871	1496	450	1325	2279	2695	3635	3434	2512	940	3047	785	622	4055	3271	1912	2565	1244	
1823	665	0	2560	911	898	1470	873	1981	2676	1013	1451	2706	1216	1894	2248	2771	1514	4062	2408	2414	341	2552	1827	2982	3823	3293	3727	3821	1765	1576	2705	2002	1837	1500	2411	3365	3539	1640	2078	1843	1356	1315	1230	856	2396	1391	2039	1053	2513	3693	3382	1894	2003	1418	1845	779	1278	1098	1661	1296	2611	5152	3862	2246	753	2717	2126	165	1036	1719	1685	1378	2623	1699	1813	2847	696	1824	2984	3761	4809	4198	1207	1285	663	1893	2416	2828	4214	4038	2404	1578	3216	806	1250	4639	3866	2076	2694	1320	
3518	2574	2560	0	2649	2758	2714	2422	3895	5224	3099	3734	1932	1974	2242	4707	5200	2719	5463	374	2338	2219	1813	1664	4137	5458	2064	4968	5090	2597	3500	5179	978	4343	3279	3741	2202	5167	1881	4339	4096	1225	3835	1392	2993	4936	3698	4391	1736	2842	6155	1223	2242	4503	1294	3072	3252	3783	3622	2009	1266	5064	6561	5181	617	2881	5084	4551	2664	2227	4009	4061	3851	3154	4242	4328	2389	3218	4278	3717	5200	6173	5516	3013	1323	2135	2241	601	624	5661	5358	4961	2538	970	1825	2987	6026	5255	840	564	3780	
2723	1570	911	2649	0	121	2363	1747	2842	3005	468	2222	3349	1961	2683	2794	3321	2405	4950	2624	3178	940	3185	2473	3892	4682	3880	4631	4722	2626	2456	3203	2416	2345	2402	3321	3974	4404	2355	2807	2594	1476	1858	1288	415	2476	2155	2710	1667	3353	4164	3698	2683	2506	1355	2751	1506	1860	1672	2410	1500	3142	6027	4759	2541	357	3331	2724	796	449	2459	2368	1357	3495	2125	2304	3573	972	2414	3883	4648	5692	5091	396	1360	1428	2682	2711	3082	5094	4933	2704	2442	3489	1368	2160	5522	4757	2442	2954	1961	
2689	1562	898	2758	121	0	2364	1754	2792	2891	349	2154	3410	1999	2716	2696	3221	2407	4906	2725	3217	970	3246	2530	3870	4627	3949	4598	4686	2640	2413	3099	2500	2246	2371	3297	4040	4352	2400	2729	2521	1575	1766	1389	297	2356	2086	2625	1720	3375	4057	3794	2716	2405	1465	2743	1440	1771	1585	2450	1593	3041	5977	4720	2636	255	3237	2631	767	569	2385	2286	1237	3506	2021	2203	3621	878	2322	3881	4604	5645	5051	333	1461	1456	2715	2807	3182	5047	4893	2590	2455	3588	1422	2139	5475	4714	2530	3053	1878	
813	808	1470	2714	2363	2364	0	621	1219	3110	2469	1364	1763	765	753	2388	2778	46	2873	2397	1220	1456	1664	1158	1628	2781	2384	2444	2555	380	891	2834	1777	2189	643	1108	2403	2486	885	1818	1607	1940	1848	1964	2314	3223	1368	1957	1118	1112	3720	2987	753	2306	2180	427	1396	1765	1717	781	1810	2691	3991	2622	2150	2219	2589	2193	1619	2357	1575	1721	2533	1163	2243	2205	1687	1930	2018	1521	2586	3617	2968	2677	1966	1007	753	2265	2646	3055	2804	2939	250	2926	1270	469	3456	2665	1912	2533	1660	
1209	267	873	2422	1747	1754	621	0	1518	2971	1885	1330	1979	531	1061	2345	2809	662	3416	2160	1587	836	1843	1164	2223	3265	2597	3020	3125	891	1101	2815	1598	2044	911	1676	2647	2971	912	1919	1677	1452	1598	1435	1728	2924	1302	1986	690	1641	3768	2945	1061	2188	1657	1032	1038	1525	1417	887	1332	2688	4530	3183	1936	1626	2672	2171	1031	1738	1597	1675	2082	1752	2020	2043	2041	1427	1928	2141	3121	4166	3527	2073	1452	412	1060	2083	2494	3588	3364	2753	705	2833	726	604	4001	3211	1714	2368	1469	
428	1475	1981	3895	2842	2792	1219	1518	0	2227	2740	746	2898	1921	1921	1431	1685	1229	2123	3596	2279	2166	2826	2377	1343	1843	3495	1880	1949	1490	424	1799	2985	1444	617	870	3489	1562	2104	741	640	2967	1406	2936	2616	2619	809	961	2197	1939	2578	4201	1921	1485	3157	1022	1375	1334	1428	1999	2849	1647	3185	1964	3353	2567	1453	1233	2056	3017	714	928	2367	1775	1632	1485	2709	2030	1211	1730	1823	2856	2280	3029	2959	1901	1921	3477	3863	2257	2128	2152	1449	4145	2234	918	2686	1940	3118	3748	1175	
2574	2740	2676	5224	3005	2891	3110	2971	2227	0	2601	1748	4864	3502	3858	797	842	3144	3722	5037	4324	3015	4751	4125	3489	3219	5488	3748	3761	3478	2296	611	4540	931	2519	3091	5513	3077	3858	1497	1602	4032	1397	3902	2596	844	1742	1266	3564	4093	1241	5911	3858	804	4078	3126	1986	1459	1606	3800	3967	721	4467	3717	4844	2651	1092	993	2598	3413	1577	1398	1696	3976	983	928	4786	2096	1093	3952	3488	4276	3924	2894	3959	3129	3857	5005	5422	3750	3821	304	3357	5784	3409	2644	4124	3620	4642	5291	1502	
2691	1661	1013	3099	468	349	2469	1885	2740	2601	0	2054	3654	2200	2899	2475	2991	2514	4863	3054	3414	1182	3494	2770	3897	4551	4213	4588	4669	2776	2390	2853	2796	2024	2384	3324	4298	4285	2615	2587	2397	1903	1580	1721	158	2026	1985	2457	1962	3526	3792	4114	2899	2176	1808	2819	1365	1600	1425	2652	1911	2808	5911	4695	2954	272	3031	2431	854	917	2259	2134	919	3629	1780	1977	3835	723	2128	3965	4563	5593	5018	317	1792	1644	2899	3126	3509	4993	4863	2298	2590	3914	1670	2186	5422	4678	2836	3378	1726	
916	1161	1451	3734	2222	2154	1364	1330	746	1748	2054	0	3124	1843	2115	1036	1480	1397	2835	3486	2576	1715	3018	2429	2068	2498	3746	2623	2688	1730	587	1498	2926	840	782	1544	3767	2237	2154	634	393	2657	666	2581	1944	1964	69	657	2001	2365	2439	4254	2115	944	2793	1401	716	591	685	2082	2558	1364	3861	2696	3266	1913	1349	850	1481	2467	279	360	1621	2285	955	865	3039	1332	655	2370	2539	3551	3002	2357	2620	1608	2115	3412	3823	2953	2855	1594	1613	4154	1937	902	3381	2661	3043	3697	433	
2471	2245	2706	1932	3349	3410	1763	1979	2898	4864	3654	3124	0	1500	1009	4151	4531	1734	3862	1566	651	2473	167	885	2565	3995	625	3330	3456	1421	2638	4596	1149	3936	2393	2364	668	3729	1078	3565	3363	2105	3546	2264	3502	4898	3123	3716	1693	1154	5462	1484	1009	4060	2376	1879	3013	3468	3382	1093	2005	4451	4896	3563	1365	3382	4329	3956	2869	3104	3337	3482	4040	1472	3960	3947	466	3364	3776	2005	3645	4507	3870	3739	2211	2043	1010	1333	1480	4069	3725	4677	1513	1545	1989	2222	4379	3667	1232	1442	3384	
1548	776	1216	1974	1961	1999	765	531	1921	3502	2200	1843	1500	0	725	2868	3322	780	3625	1680	1219	1029	1352	645	2347	3546	2103	3178	3292	796	1532	3337	1089	2575	1305	1860	2165	3251	424	2408	2172	1201	2127	1252	2044	3437	1821	2494	389	1428	4281	2417	725	2718	1458	1170	1558	2055	1940	452	1068	3207	4742	3366	1444	1929	3172	2691	1381	1828	2103	2195	2541	1628	2549	2574	1635	1864	2456	2114	3342	4364	3711	2331	1242	557	725	1580	1985	3811	3548	3283	657	2311	635	1020	4206	3416	1213	1861	2001	
1495	1325	1894	2242	2683	2716	753	1061	1921	3858	2899	2115	1009	725	0	3141	3526	726	3222	1885	526	1745	914	578	1896	3244	1631	2727	2849	432	1635	3587	1264	2933	1388	1532	1656	2959	422	2563	2357	1806	2562	1900	2742	3927	2116	2709	1079	726	4464	2297	0	3054	2084	927	2055	2481	2409	308	1676	3444	4320	2939	1632	2630	3331	2947	2058	2550	2328	2473	3141	978	2969	2945	984	2488	2768	1518	2963	3932	3275	3047	1875	1261	1	1708	2040	3421	3117	3678	503	2268	1355	1214	3784	3015	1401	1944	2388	
1792	2146	2248	4707	2794	2696	2388	2345	1431	797	2475	1036	4151	2868	3141	0	530	2418	3033	4482	3584	2566	4049	3464	2697	2562	4771	3003	3027	2743	1535	473	3941	451	1769	2294	4787	2383	3189	700	818	3568	951	3464	2421	1360	1049	471	2991	3322	1453	5284	3141	304	3662	2360	1479	973	1160	3118	3484	363	3876	2995	4271	2441	572	201	2213	3144	817	677	1693	3191	706	498	4041	1823	430	3155	2778	3644	3230	2790	3513	2574	3141	4423	4837	3086	3113	778	2638	5178	2885	1934	3484	2910	4054	4709	936	
2092	2628	2771	5200	3321	3221	2778	2809	1685	842	2991	1480	4531	3322	3526	530	0	2802	2899	4962	3936	3085	4440	3893	2807	2386	5143	2964	2967	3111	1892	231	4406	976	2138	2492	5148	2261	3616	967	1171	4079	1481	3981	2943	1626	1508	830	3473	3623	959	5726	3526	817	4181	2685	1997	1501	1689	3535	3992	187	3625	2914	4744	2967	277	652	2741	3673	1221	1140	2176	3454	1212	1018	4380	2351	947	3335	2677	3436	3103	3305	4028	3066	3526	4892	5303	2918	3007	1000	3027	5632	3385	2346	3286	2809	4523	5177	1453	
817	853	1514	2719	2405	2407	46	662	1229	3144	2514	1397	1734	780	726	2418	2802	0	2850	2399	1183	1496	1639	1148	1597	2766	2354	2417	2528	340	912	2862	1777	2225	665	1085	2371	2472	877	1841	1632	1964	1889	1991	2359	3264	1402	1983	1141	1067	3742	2973	726	2339	2206	398	1440	1806	1759	769	1833	2718	3968	2597	2150	2263	2611	2222	1664	2395	1603	1752	2578	1118	2282	2241	1650	1976	2051	1479	2564	3593	2943	2721	1991	1044	725	2263	2640	3034	2779	2975	225	2916	1300	506	3433	2642	1912	2529	1698	
2245	3472	4062	5463	4950	4906	2873	3416	2123	3722	4863	2835	3862	3625	3222	3033	2899	2850	0	5107	3246	4193	3883	3799	1329	543	4277	540	418	2882	2494	3121	4485	3292	2569	1765	4203	650	3592	2470	2568	4813	3448	4832	4738	4392	2903	2697	3990	2718	3308	5346	3222	3249	5050	2455	3498	3390	3516	3462	4683	3001	1118	302	4853	4686	2633	2904	4155	5083	2696	2884	4428	2394	3547	3346	3462	4151	3067	1863	302	750	205	5151	4837	3828	3222	4924	5226	207	185	3799	2978	5385	4127	2851	585	209	4623	5144	3234	
3207	2336	2408	374	2624	2725	2397	2160	3596	5037	3054	3486	1566	1680	1885	4482	4962	2399	5107	0	1965	2072	1443	1310	3780	5116	1743	4607	4731	2255	3212	4954	629	4137	2983	3399	1878	4827	1542	4076	3836	1151	3641	1336	2934	4803	3454	4143	1491	2471	5920	1089	1885	4294	1297	2738	3052	3583	3431	1667	1152	4833	6201	4823	254	2817	4832	4318	2528	2231	3756	3823	3745	2785	4055	4126	2019	3089	4056	3348	4848	5813	5156	3005	1264	1914	1885	235	460	5306	4999	4784	2208	866	1629	2700	5667	4900	490	339	3566	
1854	1851	2414	2338	3178	3217	1220	1587	2279	4324	3414	2576	651	1219	526	3584	3936	1183	3246	1965	0	2248	639	818	1933	3354	1218	2721	2847	846	2053	4016	1404	3407	1815	1713	1212	3085	832	2969	2780	2165	3061	2287	3256	4433	2584	3136	1532	530	4854	2109	526	3520	2447	1258	2571	2979	2918	767	2042	3868	4303	2949	1725	3143	3723	3386	2578	3013	2768	2928	3665	855	3461	3424	468	3013	3230	1411	3017	3913	3267	3549	2250	1770	526	1751	2000	3452	3117	4158	982	2138	1824	1688	3778	3047	1527	1932	2878	
1949	721	341	2219	940	970	1456	836	2166	3015	1182	1715	2473	1029	1745	2566	3085	1496	4193	2072	2248	0	2313	1588	3045	3991	3040	3825	3925	1693	1746	3029	1690	2166	1627	2486	3121	3702	1436	2348	2108	1017	1645	899	1029	2731	1660	2331	784	2414	4016	3061	1745	2330	1096	1865	1088	1604	1428	1481	955	2930	5297	3975	1917	910	3017	2436	458	906	1990	1978	1689	2563	2036	2143	2658	1019	2140	2974	3893	4943	4316	1302	951	488	1745	2088	2498	4355	4154	2745	1511	2889	503	1343	4775	3991	1755	2364	1632	
2398	2107	2552	1813	3185	3246	1664	1843	2826	4751	3494	3018	167	1352	914	4049	4440	1639	3883	1443	639	2313	0	727	2572	3992	754	3355	3481	1339	2549	4499	994	3822	2302	2335	814	3721	934	3477	3270	1940	3421	2098	3342	4766	3014	3621	1532	1165	5377	1471	914	3949	2212	1814	2880	3344	3252	961	1839	4356	4932	3585	1231	3222	4245	3856	2714	2938	3238	3377	3893	1489	3838	3831	577	3215	3667	2036	3656	4542	3899	3576	2046	1890	914	1213	1398	4088	3751	4559	1414	1504	1826	2116	4409	3684	1084	1347	3265	
1964	1418	1827	1664	2473	2530	1158	1164	2377	4125	2770	2429	885	645	578	3464	3893	1148	3799	1310	818	1588	727	0	2474	3809	1468	3305	3428	953	2035	3926	686	3195	1791	2092	1539	3521	278	2951	2726	1348	2762	1477	2617	4081	2415	3064	810	1235	4847	1837	578	3333	1630	1447	2200	2688	2580	380	1228	3790	4898	3517	1056	2498	3723	3279	1988	2254	2673	2787	3177	1525	3184	3198	1122	2496	3061	2080	3539	4511	3853	2861	1437	1166	578	1142	1498	3998	3695	3914	935	1768	1107	1549	4363	3592	824	1393	2625	
1218	2337	2982	4137	3892	3870	1628	2223	1343	3489	3897	2068	2565	2347	1896	2697	2807	1597	1329	3780	1933	3045	2572	2474	0	1436	3029	837	956	1575	1548	2977	3159	2778	1514	574	2971	1188	2275	2003	1968	3547	2734	3585	3755	3954	2124	2246	2726	1412	3539	4041	1896	2803	3798	1201	2581	2657	2725	2145	3414	2828	2425	1044	3526	3682	2536	2513	3103	3952	2055	2269	3668	1095	2975	2822	2195	3235	2543	647	1085	2039	1381	4154	3582	2627	1896	3595	3899	1530	1222	3457	1691	4068	2898	1732	1889	1124	3297	3816	2501	
2059	3280	3823	5458	4682	4627	2781	3265	1843	3219	4551	2498	3995	3546	3244	2562	2386	2766	543	5116	3354	3991	3992	3809	1436	0	4465	882	802	2862	2250	2612	4488	2858	2372	1718	4404	295	3577	2056	2188	4702	3070	4700	4436	3920	2568	2266	3889	2842	2765	5463	3244	2798	4921	2391	3194	3019	3162	3450	4575	2499	1365	695	4863	4396	2127	2450	3899	4857	2323	2493	4043	2529	3123	2913	3631	3830	2643	2058	460	1087	745	4851	4713	3672	3244	4950	5281	532	698	3314	2927	5476	3989	2672	923	546	4627	5188	2869	
3069	2861	3293	2064	3880	3949	2384	2597	3495	5488	4213	3746	625	2103	1631	4771	5143	2354	4277	1743	1218	3040	754	1468	3029	4465	0	3738	3862	2033	3252	5213	1530	4561	3009	2903	139	4213	1688	4176	3979	2540	4170	2715	4064	5519	3747	4333	2256	1652	6067	1226	1631	4684	2791	2474	3633	4092	4004	1713	2459	5068	5259	3975	1614	3943	4936	4575	3454	3598	3956	4104	4643	1943	4585	4572	838	3963	4399	2420	4085	4875	4261	4275	2654	2634	1632	1517	1489	4484	4126	5302	2134	1383	2543	2845	4760	4092	1565	1507	4009	
1909	3106	3727	4968	4631	4598	2444	3020	1880	3748	4588	2623	3330	3178	2727	3003	2964	2417	540	4607	2721	3825	3355	3305	837	882	3738	0	126	2411	2198	3170	3990	3195	2229	1344	3663	787	3111	2369	2416	4376	3271	4407	4454	4343	2688	2610	3553	2191	3510	4814	2727	3179	4623	2019	3234	3204	3307	2981	4244	3036	1594	238	4355	4392	2688	2848	3835	4727	2532	2736	4243	1866	3431	3246	2924	3894	2961	1327	422	1206	549	4863	4408	3430	2727	4418	4710	746	396	3781	2523	4858	3713	2487	1061	372	4127	4631	3045	
1999	3205	3821	5090	4722	4686	2555	3125	1949	3761	4669	2688	3456	3292	2849	3027	2967	2528	418	4731	2847	3925	3481	3428	956	802	3862	126	0	2530	2280	3177	4113	3235	2321	1451	3786	746	3231	2408	2467	4489	3329	4519	4537	4375	2753	2646	3667	2317	3482	4940	2849	3213	4734	2130	3311	3264	3372	3101	4357	3046	1471	120	4478	4477	2692	2878	3925	4825	2585	2786	4304	1992	3476	3287	3050	3971	3003	1453	346	1083	426	4947	4520	3535	2850	4542	4835	623	271	3804	2639	4984	3822	2584	937	267	4250	4756	3105	
1063	1125	1765	2597	2626	2640	380	891	1490	3478	2776	1730	1421	796	432	2743	3111	340	2882	2255	846	1693	1339	953	1575	2862	2033	2411	2530	0	1219	3180	1626	2562	976	1145	2044	2572	716	2145	1946	1991	2229	2049	2619	3603	1738	2300	1185	756	4042	2727	432	2674	2253	500	1769	2145	2096	588	1857	3034	3993	2610	2001	2517	2909	2545	1922	2566	1926	2083	2897	870	2622	2579	1311	2279	2384	1321	2611	3610	2953	2962	2038	1212	432	2095	2447	3075	2791	3314	186	2691	1406	846	3456	2673	1765	2345	2039	
341	1051	1576	3500	2456	2413	891	1101	424	2296	2390	587	2638	1532	1635	1535	1892	912	2494	3212	2053	1746	2549	2035	1548	2250	3252	2198	2280	1219	0	1963	2612	1417	247	993	3261	1964	1758	929	727	2546	1226	2512	2257	2551	625	1083	1786	1797	2830	3871	1635	1503	2733	830	1042	1144	1187	1664	2430	1816	3577	2310	2974	2199	1699	1335	1662	2608	721	903	2125	1700	1542	1446	2507	1701	1211	1792	2192	3237	2638	2667	2536	1478	1635	3105	3500	2640	2481	2166	1137	3799	1812	513	3067	2302	2741	3381	997	
2191	2619	2705	5179	3203	3099	2834	2815	1799	611	2853	1498	4596	3337	3587	473	231	2862	3121	4954	4016	3029	4499	3926	2977	2612	5213	3170	3177	3180	1963	0	4413	874	2204	2632	5224	2479	3651	1062	1235	4035	1395	3928	2815	1400	1516	880	3464	3726	988	5751	3587	708	4122	2775	1944	1427	1610	3576	3953	153	3856	3128	4743	2846	488	648	2662	3571	1261	1143	2010	3574	1078	907	4467	2240	901	3485	2894	3665	3324	3163	3978	3046	3587	4895	5308	3143	3225	776	3085	5648	3356	2388	3514	3026	4526	5180	1403	
2590	1804	2002	978	2416	2500	1777	1598	2985	4540	2796	2926	1149	1089	1264	3941	4406	1777	4485	629	1404	1690	994	686	3159	4488	1530	3990	4113	1626	2612	4413	0	3623	2378	2770	1645	4198	914	3497	3260	1013	3146	1192	2659	4381	2900	3579	981	1884	5365	1385	1264	3773	1262	2110	2559	3081	2944	1039	941	4286	5583	4203	376	2537	4260	3769	2144	2093	3189	3272	3376	2189	3567	3617	1553	2698	3522	2750	4223	5195	4538	2811	1129	1420	1263	493	897	4683	4380	4302	1581	1244	1196	2104	5048	4277	139	773	3047	
1725	1820	1837	4343	2345	2246	2189	2044	1444	931	2024	840	3936	2575	2933	451	976	2225	3292	4137	3407	2166	3822	3195	2778	2858	4561	3195	3235	2562	1417	874	3623	0	1622	2308	4588	2648	2927	828	810	3178	523	3064	1970	1176	825	595	2654	3205	1860	4987	2933	166	3255	2240	1092	563	739	2870	3102	798	4202	3217	3937	1991	1012	437	1789	2702	734	524	1264	3117	276	57	3873	1376	237	3160	3019	3944	3481	2339	3116	2224	2932	4094	4511	3368	3352	754	2434	4866	2520	1721	3779	3150	3729	4381	576	
324	910	1500	3279	2402	2371	643	911	617	2519	2384	782	2393	1305	1388	1769	2138	665	2569	2983	1815	1627	2302	1791	1514	2372	3009	2229	2321	976	247	2204	2378	1622	0	941	3020	2080	1514	1176	970	2363	1373	2342	2243	2729	805	1324	1582	1584	3078	3626	1388	1720	2564	621	1084	1289	1299	1418	2243	2059	3670	2362	2743	2173	1946	1571	1606	2514	953	1121	2214	1515	1723	1646	2272	1727	1427	1670	2269	3318	2700	2645	2361	1308	1388	2870	3262	2728	2539	2375	890	3557	1634	307	3150	2370	2508	3145	1154	
656	1772	2411	3741	3321	3297	1108	1676	870	3091	3324	1544	2364	1860	1532	2294	2492	1085	1765	3399	1713	2486	2335	2092	574	1718	2903	1344	1451	1145	993	2632	2770	2308	941	0	2870	1429	1860	1595	1510	3048	2206	3071	3181	3479	1595	1826	2225	1256	3317	3793	1532	2355	3288	691	2015	2127	2179	1733	2917	2480	2883	1515	3145	3108	2236	2098	2530	3391	1575	1787	3118	1009	2481	2348	2072	2666	2079	861	1482	2509	1860	3580	3074	2085	1532	3234	3572	1950	1697	3022	1220	3787	2371	1161	2348	1557	2909	3476	1973	
3066	2913	3365	2202	3974	4040	2403	2647	3489	5513	4298	3767	668	2165	1656	4787	5148	2371	4203	1878	1212	3121	814	1539	2971	4404	139	3663	3786	2044	3261	5224	1645	4588	3020	2870	0	4158	1745	4180	3988	2652	4209	2825	4148	5564	3770	4343	2337	1614	6065	1354	1656	4708	2907	2469	3680	4129	4047	1761	2568	5077	5172	3900	1744	4027	4936	4590	3527	3700	3970	4124	4706	1894	4620	4601	798	4029	4422	2352	4017	4789	4181	4367	2766	2704	1656	1651	1628	4409	4049	5333	2155	1518	2628	2868	4677	4021	1687	1646	4042	
1765	2989	3539	5167	4404	4352	2486	2971	1562	3077	4285	2237	3729	3251	2959	2383	2261	2472	650	4827	3085	3702	3721	3521	1188	295	4213	787	746	2572	1964	2479	4198	2648	2080	1429	4158	0	3287	1832	1944	4407	2828	4405	4167	3742	2306	2053	3593	2579	2736	5191	2959	2601	4626	2098	2924	2774	2909	3160	4280	2356	1626	670	4573	4124	1991	2255	3618	4572	2076	2256	3805	2272	2907	2703	3377	3566	2426	1825	422	1317	849	4582	4418	3378	2959	4663	4998	724	747	3149	2634	5199	3695	2378	1147	550	4337	4903	2620	
1695	1174	1640	1881	2355	2400	885	912	2104	3858	2615	2154	1078	424	422	3189	3616	877	3592	1542	832	1436	934	278	2275	3577	1688	3111	3231	716	1758	3651	914	2927	1514	1860	1745	3287	0	2673	2448	1387	2504	1486	2460	3836	2141	2787	701	1143	4569	2115	422	3063	1665	1197	1951	2428	2327	130	1257	3514	4699	3316	1289	2343	3445	3003	1804	2181	2397	2512	2962	1399	2924	2932	1222	2287	2790	1934	3324	4314	3656	2733	1458	978	421	1392	1763	3787	3496	3652	671	2043	993	1272	4162	3384	1052	1653	2360	
1130	1778	2078	4339	2807	2729	1818	1919	741	1497	2587	634	3565	2408	2563	700	967	1841	2470	4076	2969	2348	3477	2951	2003	2056	4176	2369	2408	2145	929	1062	3497	828	1176	1595	4180	1832	2673	0	245	3285	1032	3213	2495	1980	689	245	2604	2665	1902	4788	2563	814	3427	1719	1319	994	1162	2586	3183	910	3414	2390	3848	2480	772	510	2096	3080	360	455	1991	2514	1077	880	3414	1870	598	2456	2193	3139	2657	2900	3251	2228	2563	3988	4392	2554	2526	1454	2066	4706	2561	1404	2972	2324	3620	4269	861	
974	1533	1843	4096	2594	2521	1607	1677	640	1602	2397	393	3363	2172	2357	818	1171	1632	2568	3836	2780	2108	3270	2726	1968	2188	3979	2416	2467	1946	727	1235	3260	810	970	1510	3988	1944	2448	245	0	3040	884	2969	2297	1986	452	356	2361	2505	2121	4562	2357	846	3183	1545	1095	831	980	2365	2938	1089	3552	2460	3609	2275	1001	617	1868	2853	138	320	1861	2376	1020	855	3232	1675	575	2368	2280	3261	2746	2706	3007	1983	2357	3751	4156	2668	2607	1513	1856	4475	2316	1177	3092	2408	3382	4033	683	
2655	1517	1356	1225	1476	1575	1940	1452	2967	4032	1903	2657	2105	1201	1806	3568	4079	1964	4813	1151	2165	1017	1940	1348	3547	4702	2540	4376	4489	1991	2546	4035	1013	3178	2363	3048	2652	4407	1387	3285	3040	0	2660	189	1786	3713	2610	3299	823	2529	5021	2223	1806	3342	282	2360	2091	2615	2443	1500	133	3930	5931	4560	1071	1670	3992	3428	1447	1103	2936	2953	2626	2778	3053	3158	2444	1996	3139	3294	4526	5557	4905	1861	119	1072	1806	1239	1607	4995	4742	3760	1857	2014	735	2057	5396	4605	1004	1479	2632	
1565	1354	1315	3835	1858	1766	1848	1598	1406	1397	1580	666	3546	2127	2562	951	1481	1889	3448	3641	3061	1645	3421	2762	2734	3070	4170	3271	3329	2229	1226	1395	3146	523	1373	2206	4209	2828	2504	1032	884	2660	0	2543	1505	1375	611	879	2168	2926	2382	4521	2562	689	2732	1986	589	85	217	2460	2586	1310	4433	3330	3447	1510	1473	866	1267	2194	753	580	979	2886	423	498	3530	888	556	3018	3159	4144	3624	1896	2596	1732	2561	3608	4026	3551	3482	1158	2080	4390	2015	1387	3975	3285	3246	3894	233	
2644	1467	1230	1392	1288	1389	1964	1435	2936	3902	1721	2581	2264	1252	1900	3464	3981	1991	4832	1336	2287	899	2098	1477	3585	4700	2715	4407	4519	2049	2512	3928	1192	3064	2342	3071	2825	4405	1486	3213	2969	189	2543	0	1606	3558	2531	3214	864	2626	4915	2411	1900	3229	222	2389	1985	2503	2326	1593	259	3827	5949	4585	1261	1492	3905	3331	1306	914	2860	2865	2462	2861	2927	3041	2587	1845	3037	3364	4541	5578	4931	1673	72	1035	1900	1428	1794	5009	4767	3625	1904	2200	710	2036	5416	4624	1189	1666	2529	
2553	1506	856	2993	415	297	2314	1728	2616	2596	158	1944	3502	2044	2742	2421	2943	2359	4738	2934	3256	1029	3342	2617	3755	4436	4064	4454	4537	2619	2257	2815	2659	1970	2243	3181	4148	4167	2460	2495	2297	1786	1505	1606	0	2064	1875	2376	1811	3369	3767	3987	2742	2127	1707	2668	1244	1518	1337	2495	1786	2762	5793	4565	2826	122	2970	2365	698	854	2159	2045	943	3473	1737	1926	3679	625	2058	3813	4437	5471	4890	414	1678	1488	2741	2998	3386	4872	4735	2294	2433	3790	1521	2038	5301	4551	2702	3255	1636	
2876	2663	2396	4936	2476	2356	3223	2924	2619	844	2026	1964	4898	3437	3927	1360	1626	3264	4392	4803	4433	2731	4766	4081	3954	3920	5519	4343	4375	3603	2551	1400	4381	1176	2729	3479	5564	3742	3836	1980	1986	3713	1375	3558	2064	0	1929	1736	3405	4298	2054	5766	3927	1166	3703	3348	1886	1459	1518	3805	3673	1466	5218	4347	4641	2147	1834	1497	2276	2916	1906	1693	1122	4243	1009	1133	4901	1719	1412	4325	4134	4998	4588	2280	3623	2970	3927	4810	5224	4445	4470	626	3452	5609	3193	2762	4839	4267	4464	5090	1578	
959	1124	1391	3698	2155	2086	1368	1302	809	1742	1985	69	3123	1821	2116	1049	1508	1402	2903	3454	2584	1660	3014	2415	2124	2568	3747	2688	2753	1738	625	1516	2900	825	805	1595	3770	2306	2141	689	452	2610	611	2531	1875	1929	0	694	1967	2387	2467	4235	2116	938	2742	1425	649	534	619	2073	2513	1386	3930	2763	3236	1845	1388	870	1417	2403	330	374	1558	2315	921	845	3049	1263	653	2414	2607	3620	3070	2288	2571	1568	2116	3385	3796	3022	2922	1578	1615	4132	1895	902	3450	2729	3016	3670	378	
1324	1817	2039	4391	2710	2625	1957	1986	961	1266	2457	657	3716	2494	2709	471	830	1983	2697	4143	3136	2331	3621	3064	2246	2266	4333	2610	2646	2300	1083	880	3579	595	1324	1826	4343	2053	2787	245	356	3299	879	3214	2376	1736	694	0	2658	2858	1787	4897	2709	570	3422	1900	1262	858	1041	2707	3204	735	3616	2626	3922	2372	695	273	2038	3011	392	355	1804	2721	856	650	3588	1752	378	2687	2424	3352	2886	2773	3257	2261	2709	4067	4477	2773	2758	1210	2207	4803	2587	1518	3187	2556	3698	4351	750	
1856	846	1053	1736	1667	1720	1118	690	2197	3564	1962	2001	1693	389	1079	2991	3473	1141	3990	1491	1532	784	1532	810	2726	3889	2256	3553	3667	1185	1786	3464	981	2654	1582	2225	2337	3593	701	2604	2361	823	2168	864	1811	3405	1967	2658	0	1799	4431	2365	1079	2808	1072	1537	1580	2106	1964	779	692	3343	5108	3737	1283	1691	3349	2827	1208	1481	2274	2333	2428	2013	2588	2645	1908	1745	2566	2503	3704	4733	4082	2052	857	439	1079	1441	1859	4173	3919	3322	1040	2223	299	1279	4573	3782	1078	1727	2080	
1536	1881	2513	2842	3353	3375	1112	1641	1939	4093	3526	2365	1154	1428	726	3322	3623	1067	2718	2471	530	2414	1165	1235	1412	2842	1652	2191	2317	756	1797	3726	1884	3205	1584	1256	1614	2579	1143	2665	2505	2529	2926	2626	3369	4298	2387	2858	1799	0	4508	2631	726	3299	2808	967	2506	2842	2813	1033	2400	3575	3774	2420	2225	3264	3391	3121	2672	3254	2516	2699	3644	325	3299	3230	817	3033	3007	884	2493	3384	2737	3702	2600	1926	726	2264	2528	2924	2587	3958	940	2667	2063	1545	3248	2520	2014	2456	2721	
3000	3585	3693	6155	4164	4057	3720	3768	2578	1241	3792	2439	5462	4281	4464	1453	959	3742	3308	5920	4854	4016	5377	4847	3539	2765	6067	3510	3482	4042	2830	988	5365	1860	3078	3317	6065	2736	4569	1902	2121	5021	2382	4915	3767	2054	2467	1787	4431	4508	0	6681	4464	1693	5110	3596	2931	2415	2597	4485	4937	1092	3780	3404	5703	3807	1133	1604	3649	4545	2178	2097	2909	4312	2044	1890	5287	3212	1882	4123	3153	3684	3510	4095	4965	4020	4463	5851	6262	3268	3453	1535	3968	6590	4335	3298	3560	3273	5482	6136	2388	
3780	3170	3382	1223	3698	3794	2987	2945	4201	5911	4114	4254	1484	2417	2297	5284	5726	2973	5346	1089	2109	3061	1471	1837	4041	5463	1226	4814	4940	2727	3871	5751	1385	4987	3626	3793	1354	5191	2115	4788	4562	2223	4521	2411	3987	5766	4235	4897	2365	2631	6681	0	2297	5133	2386	3224	3937	4454	4323	2208	2203	5618	6378	5046	1161	3867	5560	5103	3519	3316	4505	4608	4751	2953	4944	4985	1912	4077	4872	3489	5124	5990	5354	4084	2339	2804	2297	989	633	5552	5209	5679	2752	256	2577	3385	5862	5150	1306	751	4412	
1495	1325	1894	2242	2683	2716	753	1061	1921	3858	2899	2115	1009	725	0	3141	3526	726	3222	1885	526	1745	914	578	1896	3244	1631	2727	2849	432	1635	3587	1264	2933	1388	1532	1656	2959	422	2563	2357	1806	2562	1900	2742	3927	2116	2709	1079	726	4464	2297	0	3054	2084	927	2055	2481	2409	308	1676	3444	4320	2939	1632	2630	3331	2947	2058	2550	2328	2473	3141	978	2969	2945	984	2488	2768	1518	2963	3932	3275	3047	1875	1261	1	1708	2040	3421	3117	3678	503	2268	1355	1214	3784	3015	1401	1944	2388	
1797	1970	2003	4503	2506	2405	2306	2188	1485	804	2176	944	4060	2718	3054	304	817	2339	3249	4294	3520	2330	3949	3333	2803	2798	4684	3179	3213	2674	1503	708	3773	166	1720	2355	4708	2601	3063	814	846	3342	689	3229	2127	1166	938	570	2808	3299	1693	5133	3054	0	3420	2332	1254	727	905	3002	3264	636	4130	3189	4091	2151	874	349	1956	2866	795	600	1391	3197	403	202	3983	1538	292	3213	2983	3884	3442	2491	3281	2380	3053	4247	4664	3315	3318	670	2553	5016	2679	1840	3721	3115	3881	4534	728	
2866	1687	1418	1294	1355	1465	2180	1657	3157	4078	1808	2793	2376	1458	2084	3662	4181	2206	5050	1297	2447	1096	2212	1630	3798	4921	2791	4623	4734	2253	2733	4122	1262	3255	2564	3288	2907	4626	1665	3427	3183	282	2732	222	1707	3703	2742	3422	1072	2808	5110	2386	2084	3420	0	2604	2184	2695	2516	1777	408	4025	6168	4802	1264	1598	4111	3532	1480	939	3071	3071	2596	3052	3109	3230	2723	2003	3236	3563	4760	5796	5148	1722	216	1257	2083	1423	1757	5229	4984	3797	2113	2162	932	2258	5634	4842	1235	1635	2728	
596	1181	1845	3072	2751	2743	427	1032	1022	3126	2819	1401	1879	1170	927	2360	2685	398	2455	2738	1258	1865	1814	1447	1201	2391	2474	2019	2130	500	830	2775	2110	2240	621	691	2469	2098	1197	1719	1545	2360	1986	2389	2668	3348	1425	1900	1537	967	3596	3224	927	2332	2604	0	1630	1901	1894	1074	2229	2625	3573	2200	2486	2580	2467	2159	1983	2770	1550	1732	2778	901	2343	2266	1695	2228	2040	1145	2172	3197	2545	3046	2389	1430	927	2586	2944	2641	2382	2992	535	3190	1697	656	3037	2247	2248	2840	1771	
1363	782	779	3252	1506	1440	1396	1038	1375	1986	1365	716	3013	1558	2055	1479	1997	1440	3498	3052	2571	1088	2880	2200	2581	3194	3633	3234	3311	1769	1042	1944	2559	1092	1084	2015	3680	2924	1951	1319	1095	2091	589	1985	1244	1886	649	1262	1580	2506	2931	3937	2055	1254	2184	1630	0	532	386	1920	2011	1842	4550	3334	2858	1203	1937	1349	779	1761	962	907	1149	2518	1009	1077	3037	660	1052	2745	3198	4228	3654	1658	2034	1143	2055	3019	3437	3629	3500	1743	1602	3802	1429	978	4058	3314	2658	3305	544	
1484	1285	1278	3783	1860	1771	1765	1525	1334	1459	1600	591	3468	2055	2481	973	1501	1806	3390	3583	2979	1604	3344	2688	2657	3019	4092	3204	3264	2145	1144	1427	3081	563	1289	2127	4129	2774	2428	994	831	2615	85	2503	1518	1459	534	858	2106	2842	2415	4454	2481	727	2695	1901	532	0	190	2383	2539	1335	4384	3267	3387	1516	1477	872	1241	2183	697	539	1041	2801	496	545	3448	895	561	2936	3099	4090	3564	1915	2554	1671	2480	3547	3964	3496	3421	1228	1998	4325	1960	1303	3921	3224	3183	3833	159	
1527	1165	1098	3622	1672	1585	1717	1417	1428	1606	1425	685	3382	1940	2409	1160	1689	1759	3516	3431	2918	1428	3252	2580	2725	3162	4004	3307	3372	2096	1187	1610	2944	739	1299	2179	4047	2909	2327	1162	980	2443	217	2326	1337	1518	619	1041	1964	2813	2597	4323	2409	905	2516	1894	386	190	0	2291	2371	1522	4526	3381	3241	1331	1667	1062	1054	1993	843	709	944	2794	625	715	3385	712	752	2965	3221	4226	3685	1739	2379	1527	2409	3403	3820	3629	3539	1358	1939	4187	1803	1268	4056	3344	3042	3688	301	
1585	1153	1661	2009	2410	2450	781	887	1999	3800	2652	2082	1093	452	308	3118	3535	769	3462	1667	767	1481	961	380	2145	3450	1713	2981	3101	588	1664	3576	1039	2870	1418	1733	1761	3160	130	2586	2365	1500	2460	1593	2495	3805	2073	2707	779	1033	4485	2208	308	3002	1777	1074	1920	2383	2291	0	1370	3437	4569	3186	1414	2381	3358	2929	1826	2257	2318	2442	2959	1279	2878	2877	1186	2290	2724	1809	3195	4184	3526	2782	1567	1008	307	1512	1877	3658	3366	3602	556	2146	1063	1190	4032	3254	1177	1769	2307	
2532	1410	1296	1266	1500	1593	1810	1332	2849	3967	1911	2558	2005	1068	1676	3484	3992	1833	4683	1152	2042	955	1839	1228	3414	4575	2459	4244	4357	1857	2430	3953	941	3102	2243	2917	2568	4280	1257	3183	2938	133	2586	259	1786	3673	2513	3204	692	2400	4937	2203	1676	3264	408	2229	2011	2539	2371	1370	0	3845	5800	4429	1044	1668	3898	3340	1399	1153	2836	2861	2599	2646	2986	3083	2332	1955	3055	3161	4396	5425	4774	1891	209	961	1675	1215	1600	4865	4611	3699	1724	2004	625	1936	5265	4474	948	1469	2550	
2040	2497	2611	5064	3142	3041	2691	2688	1647	721	2808	1364	4451	3207	3444	363	187	2718	3001	4833	3868	2930	4356	3790	2828	2499	5068	3036	3046	3034	1816	153	4286	798	2059	2480	5077	2356	3514	910	1089	3930	1310	3827	2762	1466	1386	735	3343	3575	1092	5618	3444	636	4025	2625	1842	1335	1522	3437	3845	0	3763	3000	4619	2787	375	517	2575	3499	1120	1013	1989	3421	1028	838	4318	2174	791	3333	2768	3562	3203	3121	3876	2929	3443	4769	5182	3031	3101	841	2941	5518	3243	2248	3408	2901	4401	5055	1298	
3348	4578	5152	6561	6027	5977	3991	4530	3185	4467	5911	3861	4896	4742	4320	3876	3625	3968	1118	6201	4303	5297	4932	4898	2425	1365	5259	1594	1471	3993	3577	3856	5583	4202	3670	2883	5172	1626	4699	3414	3552	5931	4433	5949	5793	5218	3930	3616	5108	3774	3780	6378	4320	4130	6168	3573	4550	4384	4526	4569	5800	3763	0	1383	5948	5750	3390	3782	5237	6180	3687	3855	5404	3449	4471	4258	4472	5191	3994	2895	1409	390	1045	6208	5955	4942	4320	6012	6299	943	1204	4599	4093	6434	5244	3958	537	1326	5721	6222	4233	
2039	3254	3862	5181	4759	4720	2622	3183	1964	3717	4695	2696	3563	3366	2939	2995	2914	2597	302	4823	2949	3975	3585	3517	1044	695	3975	238	120	2610	2310	3128	4203	3217	2362	1515	3900	670	3316	2390	2460	4560	3330	4585	4565	4347	2763	2626	3737	2420	3404	5046	2939	3189	4802	2200	3334	3267	3381	3186	4429	3000	1383	0	4569	4508	2641	2851	3962	4872	2582	2780	4308	2096	3463	3270	3160	3992	2987	1562	252	1000	346	4976	4588	3594	2939	4636	4934	509	182	3770	2714	5087	3885	2632	846	151	4340	4853	3109	
2961	2125	2246	617	2541	2636	2150	1936	3353	4844	2954	3266	1365	1444	1632	4271	4744	2150	4853	254	1725	1917	1231	1056	3526	4863	1614	4355	4478	2001	2974	4743	376	3937	2743	3145	1744	4573	1289	3848	3609	1071	3447	1261	2826	4641	3236	3922	1283	2225	5703	1161	1632	4091	1264	2486	2858	3387	3241	1414	1044	4619	5948	4569	0	2707	4607	4103	2375	2173	3533	3607	3603	2537	3865	3928	1807	2936	3847	3100	4594	5560	4904	2930	1190	1716	1631	172	583	5052	4746	4597	1956	973	1451	2464	5414	4647	238	449	3363	
2487	1411	753	2881	357	255	2219	1626	2567	2651	272	1913	3382	1929	2630	2441	2967	2263	4686	2817	3143	910	3222	2498	3682	4396	3943	4392	4477	2517	2199	2846	2537	1991	2173	3108	4027	4124	2343	2480	2275	1670	1510	1492	122	2147	1845	2372	1691	3264	3807	3867	2630	2151	1598	2580	1203	1516	1331	2381	1668	2787	5750	4508	2707	0	2982	2375	600	772	2138	2034	1025	3374	1768	1949	3563	623	2066	3724	4385	5423	4836	472	1563	1373	2630	2879	3268	4824	4679	2351	2331	3672	1400	1958	5253	4498	2581	3136	1626	
1871	2510	2717	5084	3331	3237	2589	2672	1453	1092	3031	1349	4329	3172	3331	572	277	2611	2633	4832	3723	3017	4245	3723	2536	2127	4936	2688	2692	2909	1699	488	4260	1012	1946	2236	4936	1991	3445	772	1001	3992	1473	3905	2970	1834	1388	695	3349	3391	1133	5560	3331	874	4111	2467	1937	1477	1667	3358	3898	375	3390	2641	4607	2982	0	607	2703	3660	1075	1040	2265	3211	1276	1063	4160	2360	917	3073	2406	3187	2836	3348	3949	2956	3331	4750	5157	2659	2737	1211	2836	5476	3282	2175	3034	2538	4382	5033	1402	
1591	1982	2126	4551	2724	2631	2193	2171	1233	993	2431	850	3956	2691	2947	201	652	2222	2904	4318	3386	2436	3856	3279	2513	2450	4575	2848	2878	2545	1335	648	3769	437	1571	2098	4590	2255	3003	510	617	3428	866	3331	2365	1497	870	273	2827	3121	1604	5103	2947	349	3532	2159	1349	872	1062	2929	3340	517	3782	2851	4103	2375	607	0	2104	3055	619	497	1700	2991	713	493	3841	1753	311	2959	2640	3536	3097	2747	3378	2416	2946	4253	4665	2968	2976	947	2443	5002	2733	1743	3373	2773	3884	4538	807	
1927	811	165	2664	796	767	1619	1031	2056	2598	854	1481	2869	1381	2058	2213	2741	1664	4155	2528	2578	458	2714	1988	3103	3899	3454	3835	3925	1922	1662	2662	2144	1789	1606	2530	3527	3618	1804	2096	1868	1447	1267	1306	698	2276	1417	2038	1208	2672	3649	3519	2058	1956	1480	1983	779	1241	1054	1826	1399	2575	5237	3962	2375	600	2703	2104	0	986	1738	1684	1233	2776	1630	1761	3012	561	1797	3126	3854	4899	4296	1063	1367	827	2058	2546	2956	4302	4137	2319	1736	3348	949	1372	4729	3961	2212	2822	1301	
2838	1621	1036	2227	449	569	2357	1738	3017	3413	917	2467	3104	1828	2550	3144	3673	2395	5083	2231	3013	906	2938	2254	3952	4857	3598	4727	4825	2566	2608	3571	2093	2702	2514	3391	3700	4572	2181	3080	2853	1103	2194	914	854	2916	2403	3011	1481	3254	4545	3316	2550	2866	939	2770	1761	2183	1993	2257	1153	3499	6180	4872	2173	772	3660	3055	986	0	2723	2659	1794	3432	2501	2665	3374	1333	2744	3868	4782	5832	5212	786	984	1358	2549	2339	2692	5240	5051	3115	2390	3098	1196	2241	5663	4884	2100	2567	2264	
1002	1438	1719	4009	2459	2385	1575	1597	714	1577	2259	279	3337	2103	2328	817	1221	1603	2696	3756	2768	1990	3238	2673	2055	2323	3956	2532	2585	1926	721	1261	3189	734	953	1575	3970	2076	2397	360	138	2936	753	2860	2159	1906	330	392	2274	2516	2178	4505	2328	795	3071	1550	962	697	843	2318	2836	1120	3687	2582	3533	2138	1075	619	1738	2723	0	214	1732	2404	921	773	3225	1537	508	2427	2407	3393	2872	2568	2899	1886	2328	3678	4086	2799	2732	1464	1825	4412	2216	1129	3224	2533	3309	3961	546	
1202	1488	1685	4061	2368	2286	1721	1675	928	1398	2134	360	3482	2195	2473	677	1140	1752	2884	3823	2928	1978	3377	2787	2269	2493	4104	2736	2786	2083	903	1143	3272	524	1121	1787	4124	2256	2512	455	320	2953	580	2865	2045	1693	374	355	2333	2699	2097	4608	2473	600	3071	1732	907	539	709	2442	2861	1013	3855	2780	3607	2034	1040	497	1684	2659	214	0	1550	2599	707	561	3390	1419	308	2637	2598	3570	3064	2448	2908	1927	2473	3756	4169	2980	2926	1265	1970	4505	2248	1261	3402	2726	3387	4042	409	
2463	1816	1378	3851	1357	1237	2533	2082	2367	1696	919	1621	4040	2541	3141	1693	2176	2578	4428	3745	3665	1689	3893	3177	3668	4043	4643	4243	4304	2897	2125	2010	3376	1264	2214	3118	4706	3805	2962	1991	1861	2626	979	2462	943	1122	1558	1804	2428	3644	2909	4751	3141	1391	2596	2778	1149	1041	944	2959	2599	1989	5404	4308	3603	1025	2265	1700	1233	1794	1732	1550	0	3667	991	1210	4123	684	1433	3884	4138	5121	4603	1200	2530	2016	3140	3775	4181	4529	4461	1391	2722	4576	2181	2127	4952	4264	3445	4047	1199	
1403	1968	2623	3154	3495	3506	1163	1752	1775	3976	3629	2285	1472	1628	978	3191	3454	1118	2394	2785	855	2563	1489	1525	1095	2529	1943	1866	1992	870	1700	3574	2189	3117	1515	1009	1894	2272	1399	2514	2376	2778	2886	2861	3473	4243	2315	2721	2013	325	4312	2953	978	3197	3052	901	2518	2801	2794	1279	2646	3421	3449	2096	2537	3374	3211	2991	2776	3432	2404	2599	3667	0	3235	3146	1106	3088	2906	563	2173	3058	2411	3826	2840	2081	978	2582	2852	2600	2262	3864	1053	2992	2258	1541	2923	2197	2322	2779	2669	
1869	1778	1699	4242	2125	2021	2243	2020	1632	983	1780	955	3960	2549	2969	706	1212	2282	3547	4055	3461	2036	3838	3184	2975	3123	4585	3431	3476	2622	1542	1078	3567	276	1723	2481	4620	2907	2924	1077	1020	3053	423	2927	1737	1009	921	856	2588	3299	2044	4944	2969	403	3109	2343	1009	496	625	2878	2986	1028	4471	3463	3865	1768	1276	713	1630	2501	921	707	991	3235	0	220	3929	1168	481	3320	3270	4209	3734	2093	2983	2151	2969	4027	4445	3628	3602	735	2480	4811	2427	1776	4043	3400	3666	4313	583	
1758	1815	1813	4328	2304	2203	2205	2043	1485	928	1977	865	3947	2574	2945	498	1018	2241	3346	4126	3424	2143	3831	3198	2822	2913	4572	3246	3287	2579	1446	907	3617	57	1646	2348	4601	2703	2932	880	855	3158	498	3041	1926	1133	845	650	2645	3230	1890	4985	2945	202	3230	2266	1077	545	715	2877	3083	838	4258	3270	3928	1949	1063	493	1761	2665	773	561	1210	3146	220	0	3890	1336	285	3198	3072	4000	3535	2292	3094	2213	2945	4086	4504	3423	3406	735	2449	4861	2505	1736	3835	3203	3722	4373	574	
2289	2307	2847	2389	3573	3621	1687	2041	2709	4786	3835	3039	466	1635	984	4041	4380	1650	3462	2019	468	2658	577	1122	2195	3631	838	2924	3050	1311	2507	4467	1553	3873	2272	2072	798	3377	1222	3414	3232	2444	3530	2587	3679	4901	3049	3588	1908	817	5287	1912	984	3983	2723	1695	3037	3448	3385	1186	2332	4318	4472	3160	1807	3563	4160	3841	3012	3374	3225	3390	4123	1106	3929	3890	0	3464	3693	1599	3260	4084	3457	3953	2542	2192	984	1788	1946	3669	3317	4625	1450	1994	2206	2155	3962	3272	1652	1907	3346	
2018	1166	696	3218	972	878	1930	1427	2030	2096	723	1332	3364	1864	2488	1823	2351	1976	4151	3089	3013	1019	3215	2496	3235	3830	3963	3894	3971	2279	1701	2240	2698	1376	1727	2666	4029	3566	2287	1870	1675	1996	888	1845	625	1719	1263	1752	1745	3033	3212	4077	2488	1538	2003	2228	660	895	712	2290	1955	2174	5191	3992	2936	623	2360	1753	561	1333	1537	1419	684	3088	1168	1336	3464	0	1444	3364	3852	4877	4310	1032	1909	1333	2487	3107	3517	4277	4158	1806	2097	3908	1502	1574	4706	3970	2770	3383	1011	
1508	1722	1824	4278	2414	2322	2018	1928	1211	1093	2128	655	3776	2456	2768	430	947	2051	3067	4056	3230	2140	3667	3061	2543	2643	4399	2961	3003	2384	1211	901	3522	237	1427	2079	4422	2426	2790	598	575	3139	556	3037	2058	1412	653	378	2566	3007	1882	4872	2768	292	3236	2040	1052	561	752	2724	3055	791	3994	2987	3847	2066	917	311	1797	2744	508	308	1433	2906	481	285	3693	1444	0	2933	2791	3729	3255	2445	3085	2146	2768	4001	4416	3148	3124	958	2266	4761	2456	1554	3563	2922	3633	4287	507	
1455	2319	2984	3717	3883	3881	1521	2141	1730	3952	3965	2370	2005	2114	1518	3155	3335	1479	1863	3348	1411	2974	2036	2080	647	2058	2420	1327	1453	1321	1792	3485	2750	3160	1670	861	2352	1825	1934	2456	2368	3294	3018	3364	3813	4325	2414	2687	2503	884	4123	3489	1518	3213	3563	1145	2745	2936	2965	1809	3161	3333	2895	1562	3100	3724	3073	2959	3126	3868	2427	2637	3884	563	3320	3198	1599	3364	2933	0	1666	2505	1865	4189	3349	2510	1518	3145	3411	2070	1721	3881	1484	3539	2725	1792	2375	1674	2883	3340	2789	
1945	3173	3761	5200	4648	4604	2586	3121	1823	3488	4563	2539	3645	3342	2963	2778	2677	2564	302	4848	3017	3893	3656	3539	1085	460	4085	422	346	2611	2192	2894	4223	3019	2269	1482	4017	422	3324	2193	2280	4526	3159	4541	4437	4134	2607	2424	3704	2493	3153	5124	2963	2983	4760	2172	3198	3099	3221	3195	4396	2768	1409	252	4594	4385	2406	2640	3854	4782	2407	2598	4138	2173	3270	3072	3260	3852	2791	1666	0	1049	466	4850	4547	3533	2964	4670	4982	469	336	3549	2699	5154	3835	2552	882	133	4362	4896	2942	
2995	4222	4809	6173	5692	5645	3617	4166	2856	4276	5593	3551	4507	4364	3932	3644	3436	3593	750	5813	3913	4943	4542	4511	2039	1087	4875	1206	1083	3610	3237	3665	5195	3944	3318	2509	4789	1317	4314	3139	3261	5557	4144	5578	5471	4998	3620	3352	4733	3384	3684	5990	3932	3884	5796	3197	4228	4090	4226	4184	5425	3562	390	1000	5560	5423	3187	3536	4899	5832	3393	3570	5121	3058	4209	4000	4084	4877	3729	2505	1049	0	658	5885	5582	4578	3933	5622	5909	600	819	4387	3714	6045	4875	3601	171	955	5333	5832	3937	
2376	3596	4198	5516	5091	5051	2968	3527	2280	3924	5018	3002	3870	3711	3275	3230	3103	2943	205	5156	3267	4316	3899	3853	1381	745	4261	549	426	2953	2638	3324	4538	3481	2700	1860	4181	849	3656	2657	2746	4905	3624	4931	4890	4588	3070	2886	4082	2737	3510	5354	3275	3442	5148	2545	3654	3564	3685	3526	4774	3203	1045	346	4904	4836	2836	3097	4296	5212	2872	3064	4603	2411	3734	3535	3457	4310	3255	1865	466	658	0	5302	4934	3939	3275	4967	5258	300	164	3997	3059	5402	4231	2973	512	341	4676	5180	3407	
2958	1871	1207	3013	396	333	2677	2073	3029	2894	317	2357	3739	2331	3047	2790	3305	2721	5151	3005	3549	1302	3576	2861	4154	4851	4275	4863	4947	2962	2667	3163	2811	2339	2645	3580	4367	4582	2733	2900	2706	1861	1896	1673	414	2280	2288	2773	2052	3702	4095	4084	3047	2491	1722	3046	1658	1915	1739	2782	1891	3121	6208	4976	2930	472	3348	2747	1063	786	2568	2448	1200	3826	2093	2292	3953	1032	2445	4189	4850	5885	5302	0	1744	1786	3046	3099	3465	5286	5147	2590	2777	3871	1754	2429	5714	4964	2836	3338	2040	
2660	1496	1285	1323	1360	1461	1966	1452	2959	3959	1792	2620	2211	1242	1875	3513	4028	1991	4837	1264	2250	951	2046	1437	3582	4713	2654	4408	4520	2038	2536	3978	1129	3116	2361	3074	2766	4418	1458	3251	3007	119	2596	72	1678	3623	2571	3257	857	2600	4965	2339	1875	3281	216	2389	2034	2554	2379	1567	209	3876	5955	4588	1190	1563	3949	3378	1367	984	2899	2908	2530	2840	2983	3094	2542	1909	3085	3349	4547	5582	4934	1744	0	1058	1874	1357	1722	5016	4770	3684	1897	2128	727	2055	5421	4629	1122	1594	2578	
1614	450	663	2135	1428	1456	1007	412	1901	3129	1644	1608	2043	557	1261	2574	3066	1044	3828	1914	1770	488	1890	1166	2627	3672	2634	3430	3535	1212	1478	3046	1420	2224	1308	2085	2704	3378	978	2228	1983	1072	1732	1035	1488	2970	1568	2261	439	1926	4020	2804	1261	2380	1257	1430	1143	1671	1527	1008	961	2929	4942	3594	1716	1373	2956	2416	827	1358	1886	1927	2016	2081	2151	2213	2192	1333	2146	2510	3533	4578	3939	1786	1058	0	1260	1876	2294	4000	3776	2884	1033	2661	337	1003	4413	3623	1515	2162	1653	
1495	1325	1893	2241	2682	2715	753	1060	1921	3857	2899	2115	1010	725	1	3141	3526	725	3222	1885	526	1745	914	578	1896	3244	1632	2727	2850	432	1635	3587	1263	2932	1388	1532	1656	2959	421	2563	2357	1806	2561	1900	2741	3927	2116	2709	1079	726	4463	2297	1	3053	2083	927	2055	2480	2409	307	1675	3443	4320	2939	1631	2630	3331	2946	2058	2549	2328	2473	3140	978	2969	2945	984	2487	2768	1518	2964	3933	3275	3046	1874	1260	0	1708	2040	3421	3117	3678	503	2268	1354	1214	3785	3015	1401	1944	2388	
3078	2279	2416	601	2711	2807	2265	2083	3477	5005	3126	3412	1333	1580	1708	4423	4892	2263	4924	235	1751	2088	1213	1142	3595	4950	1517	4418	4542	2095	3105	4895	493	4094	2870	3234	1651	4663	1392	3988	3751	1239	3608	1428	2998	4810	3385	4067	1441	2264	5851	989	1708	4247	1423	2586	3019	3547	3403	1512	1215	4769	6012	4636	172	2879	4750	4253	2546	2339	3678	3756	3775	2582	4027	4086	1788	3107	4001	3145	4670	5622	4967	3099	1357	1876	1708	0	418	5124	4812	4760	2062	801	1618	2596	5479	4718	369	286	3520	
3457	2695	2828	624	3082	3182	2646	2494	3863	5422	3509	3823	1480	1985	2040	4837	5303	2640	5226	460	2000	2498	1398	1498	3899	5281	1489	4710	4835	2447	3500	5308	897	4511	3262	3572	1628	4998	1763	4392	4156	1607	4026	1794	3386	5224	3796	4477	1859	2528	6262	633	2040	4664	1757	2944	3437	3964	3820	1877	1600	5182	6299	4934	583	3268	5157	4665	2956	2692	4086	4169	4181	2852	4445	4504	1946	3517	4416	3411	4982	5909	5258	3465	1722	2294	2040	418	0	5429	5105	5178	2432	406	2034	2995	5770	5023	783	134	3936	
2406	3635	4214	5661	5094	5047	3055	3588	2257	3750	4993	2953	4069	3811	3421	3086	2918	3034	207	5306	3452	4355	4088	3998	1530	532	4484	746	623	3075	2640	3143	4683	3368	2728	1950	4409	724	3787	2554	2668	4995	3551	5009	4872	4445	3022	2773	4173	2924	3268	5552	3421	3315	5229	2641	3629	3496	3629	3658	4865	3031	943	509	5052	4824	2659	2968	4302	5240	2799	2980	4529	2600	3628	3423	3669	4277	3148	2070	469	600	300	5286	5016	4000	3421	5124	5429	0	372	3842	3167	5590	4303	3015	429	407	4821	5346	3342	
2215	3434	4038	5358	4933	4893	2804	3364	2128	3821	4863	2855	3725	3548	3117	3113	3007	2779	185	4999	3117	4154	3751	3695	1222	698	4126	396	271	2791	2481	3225	4380	3352	2539	1697	4049	747	3496	2526	2607	4742	3482	4767	4735	4470	2922	2758	3919	2587	3453	5209	3117	3318	4984	2382	3500	3421	3539	3366	4611	3101	1204	182	4746	4679	2737	2976	4137	5051	2732	2926	4461	2262	3602	3406	3317	4158	3124	1721	336	819	164	5147	4770	3776	3117	4812	5105	372	0	3885	2896	5254	4067	2811	668	203	4518	5026	3263	
2465	2512	2404	4961	2704	2590	2939	2753	2152	304	2298	1594	4677	3283	3678	778	1000	2975	3799	4784	4158	2745	4559	3914	3457	3314	5302	3781	3804	3314	2166	776	4302	754	2375	3022	5333	3149	3652	1454	1513	3760	1158	3625	2294	626	1578	1210	3322	3958	1535	5679	3678	670	3797	2992	1743	1228	1358	3602	3699	841	4599	3770	4597	2351	1211	947	2319	3115	1464	1265	1391	3864	735	735	4625	1806	958	3881	3549	4387	3997	2590	3684	2884	3678	4760	5178	3842	3885	0	3182	5545	3154	2471	4230	3682	4400	5045	1294	
1031	940	1578	2538	2442	2455	250	705	1449	3357	2590	1613	1513	657	503	2638	3027	225	2978	2208	982	1511	1414	935	1691	2927	2134	2523	2639	186	1137	3085	1581	2434	890	1220	2155	2634	671	2066	1856	1857	2080	1904	2433	3452	1615	2207	1040	940	3968	2752	503	2553	2113	535	1602	1998	1939	556	1724	2941	4093	2714	1956	2331	2836	2443	1736	2390	1825	1970	2722	1053	2480	2449	1450	2097	2266	1484	2699	3714	3059	2777	1897	1033	503	2062	2432	3167	2896	3182	0	2699	1243	713	3557	2769	1719	2323	1898	
3730	3047	3216	970	3489	3588	2926	2833	4145	5784	3914	4154	1545	2311	2268	5178	5632	2916	5385	866	2138	2889	1504	1768	4068	5476	1383	4858	4984	2691	3799	5648	1244	4866	3557	3787	1518	5199	2043	4706	4475	2014	4390	2200	3790	5609	4132	4803	2223	2667	6590	256	2268	5016	2162	3190	3802	4325	4187	2146	2004	5518	6434	5087	973	3672	5476	5002	3348	3098	4412	4505	4576	2992	4811	4861	1994	3908	4761	3539	5154	6045	5402	3871	2128	2661	2268	801	406	5590	5254	5545	2699	0	2416	3303	5913	5185	1147	536	4290	
1934	785	806	1825	1368	1422	1270	726	2234	3409	1670	1937	1989	635	1355	2885	3385	1300	4127	1629	1824	503	1826	1107	2898	3989	2543	3713	3822	1406	1812	3356	1196	2520	1634	2371	2628	3695	993	2561	2316	735	2015	710	1521	3193	1895	2587	299	2063	4335	2577	1355	2679	932	1697	1429	1960	1803	1063	625	3243	5244	3885	1451	1400	3282	2733	949	1196	2216	2248	2181	2258	2427	2505	2206	1502	2456	2725	3835	4875	4231	1754	727	337	1354	1618	2034	4303	4067	3154	1243	2416	0	1328	4712	3921	1272	1900	1956	
614	622	1250	2987	2160	2139	469	604	918	2644	2186	902	2222	1020	1214	1934	2346	506	2851	2700	1688	1343	2116	1549	1732	2672	2845	2487	2584	846	513	2388	2104	1721	307	1161	2868	2378	1272	1404	1177	2057	1387	2036	2038	2762	902	1518	1279	1545	3298	3385	1214	1840	2258	656	978	1303	1268	1190	1936	2248	3958	2632	2464	1958	2175	1743	1372	2241	1129	1261	2127	1541	1776	1736	2155	1574	1554	1792	2552	3601	2973	2429	2055	1003	1214	2596	2995	3015	2811	2471	713	3303	1328	0	3434	2649	2231	2875	1193	
2827	4055	4639	6026	5522	5475	3456	4001	2686	4124	5422	3381	4379	4206	3784	3484	3286	3433	585	5667	3778	4775	4409	4363	1889	923	4760	1061	937	3456	3067	3514	5048	3779	3150	2348	4677	1147	4162	2972	3092	5396	3975	5416	5301	4839	3450	3187	4573	3248	3560	5862	3784	3721	5634	3037	4058	3921	4056	4032	5265	3408	537	846	5414	5253	3034	3373	4729	5663	3224	3402	4952	2923	4043	3835	3962	4706	3563	2375	882	171	512	5714	5421	4413	3785	5479	5770	429	668	4230	3557	5913	4712	3434	0	792	5186	5692	3768	
2046	3271	3866	5255	4757	4714	2665	3211	1940	3620	4678	2661	3667	3416	3015	2910	2809	2642	209	4900	3047	3991	3684	3592	1124	546	4092	372	267	2673	2302	3026	4277	3150	2370	1557	4021	550	3384	2324	2408	4605	3285	4624	4551	4267	2729	2556	3782	2520	3273	5150	3015	3115	4842	2247	3314	3224	3344	3254	4474	2901	1326	151	4647	4498	2538	2773	3961	4884	2533	2726	4264	2197	3400	3203	3272	3970	2922	1674	133	955	341	4964	4629	3623	3015	4718	5023	407	203	3682	2769	5185	3921	2649	792	0	4416	4939	3067	
2724	1912	2076	840	2442	2530	1912	1714	3118	4642	2836	3043	1232	1213	1401	4054	4523	1912	4623	490	1527	1755	1084	824	3297	4627	1565	4127	4250	1765	2741	4526	139	3729	2508	2909	1687	4337	1052	3620	3382	1004	3246	1189	2702	4464	3016	3698	1078	2014	5482	1306	1401	3881	1235	2248	2658	3183	3042	1177	948	4401	5721	4340	238	2581	4382	3884	2212	2100	3309	3387	3445	2322	3666	3722	1652	2770	3633	2883	4362	5333	4676	2836	1122	1515	1401	369	783	4821	4518	4400	1719	1147	1272	2231	5186	4416	0	654	3154	
3345	2565	2694	564	2954	3053	2533	2368	3748	5291	3378	3697	1442	1861	1944	4709	5177	2529	5144	339	1932	2364	1347	1393	3816	5188	1507	4631	4756	2345	3381	5180	773	4381	3145	3476	1646	4903	1653	4269	4033	1479	3894	1666	3255	5090	3670	4351	1727	2456	6136	751	1944	4534	1635	2840	3305	3833	3688	1769	1469	5055	6222	4853	449	3136	5033	4538	2822	2567	3961	4042	4047	2779	4313	4373	1907	3383	4287	3340	4896	5832	5180	3338	1594	2162	1944	286	134	5346	5026	5045	2323	536	1900	2875	5692	4939	654	0	3806	
1334	1244	1320	3780	1961	1878	1660	1469	1175	1502	1726	433	3384	2001	2388	936	1453	1698	3234	3566	2878	1632	3265	2625	2501	2869	4009	3045	3105	2039	997	1403	3047	576	1154	1973	4042	2620	2360	861	683	2632	233	2529	1636	1578	378	750	2080	2721	2388	4412	2388	728	2728	1771	544	159	301	2307	2550	1298	4233	3109	3363	1626	1402	807	1301	2264	546	409	1199	2669	583	574	3346	1011	507	2789	2942	3937	3407	2040	2578	1653	2388	3520	3936	3342	3263	1294	1898	4290	1956	1193	3768	3067	3154	3806	0	


0	 CF144AA 	 0 	 0 	 540  	 1080  	 0  	 0 

1	 CF146BZ 	 1 	 5 	 540  	 780  	 6  	 3 
2	 CF141BR 	 1 	 2 	 660  	 900  	 8  	 4 
3	 CF149FN 	 1 	 2 	 540  	 780  	 7  	 3 
4	 CF147ER 	 1 	 2 	 660  	 900  	 6  	 3 
5	 CF147EP 	 1 	 4 	 720  	 960  	 10  	 5 
6	 CF144QJ 	 1 	 4 	 540  	 780  	 7  	 3 
7	 CF146AF 	 1 	 9 	 600  	 840  	 8  	 4 
8	 CF141HZ 	 1 	 9 	 660  	 900  	 5  	 2 
9	 CF52PN 	 1 	 6 	 720  	 960  	 6  	 3 
10	 CF147DY 	 1 	 8 	 720  	 960  	 7  	 3 
11	 CF142NZ	 1 	 7 	 660  	 900  	 9  	 4 
12	 CF145NB	 1 	 4 	 660  	 900  	 6  	 3 
13	 CF144SU 	 1 	 5 	 660  	 900  	 10  	 5 
14	 CF148JT 	 1 	 1 	 540  	 780  	 7  	 3 
15	 CF142JG 	 1 	 7 	 600  	 840  	 10  	 5 
16	 CF52DR 	 1 	 9 	 660  	 900  	 5  	 2 
17	 CF144NS 	 1 	 10 	 600  	 840  	 9  	 4 
18	 CF244ET 	 1 	 3 	 540  	 780  	 8  	 4 
19	 CF149AU	 1 	 8 	 600  	 840  	 6  	 3 
20	 CF145PT 	 1 	 8 	 720  	 960  	 5  	 2 
21	 CF146EG 	 1 	 6 	 540  	 780  	 9  	 4 
22	 CF145LU 	 1 	 3 	 540  	 780  	 5  	 2 
23	 CF145XZ 	 1 	 3 	 600  	 840  	 8  	 4 
24	 CF144UJ 	 1 	 8 	 660  	 900  	 10  	 5 
25	 CF103EY 	 1 	 1 	 600  	 840  	 7  	 3 
26	 CF140SD 	 1 	 10 	 540  	 780  	 10  	 5 
27	 CF244QA	 1 	 1 	 540  	 780  	 8  	 4 
28	 CF244QL 	 1 	 3 	 600  	 840  	 7  	 3 
29	 CF144PD 	 1 	 1 	 600  	 840  	 8  	 4 
30	 CF141EF 	 0 	 21 	 720  	 960  	 5  	 2 
31	 CF52XJ 	 1 	 3 	 600  	 840  	 6  	 3 
32	 CF145LB 	 1 	 9 	 600  	 840  	 6  	 3 
33	 CF142LX 	 1 	 4 	 540  	 780  	 8  	 4 
34	 CF141RJ 	 1 	 3 	 540  	 780  	 5  	 2 
35	 CF144ED 	 1 	 6 	 540  	 780  	 9  	 4 
36	 CF140RG 	 1 	 6 	 660  	 900  	 7  	 3 
37	 CF244HN	 0 	 18 	 540  	 780  	 6  	 3 
38	 CF145FB 	 1 	 1 	 660  	 900  	 7  	 3 
39	 CF142RT 	 1 	 2 	 660  	 900  	 10  	 5 
40	 CF142PT 	 0 	 8 	 600  	 840  	 10  	 5 
41	 CF146SY 	 1 	 9 	 600  	 840  	 10  	 5 
42	 CF141NA	 1 	 4 	 540  	 780  	 10  	 5 
43	 CF146SE 	 1 	 1 	 540  	 780  	 9  	 4 
44	 CF147DU	 1 	 9 	 720  	 960  	 8  	 4 
45	 CF52QZ 	 1 	 5 	 660  	 900  	 10  	 5 
46	 CF141NP	 1 	 4 	 540  	 780  	 10  	 5 
47	 CF142PD 	 1 	 1 	 540  	 780  	 6  	 3 
48	 CF146NF 	 1 	 1 	 660  	 900  	 7  	 3 
49	 CF144HW 1 	 10 	 600  	 840  	 5  	 2 
50	 CF52DA 	 1 	 8 	 720  	 960  	 9  	 4 
51	 CF149DT 	 1 	 8 	 600  	 840  	 8  	 4 
52	 CF148HF 	 0 	 17 	 720  	 960  	 5  	 2 
53	 CF142LP 	 1 	 5 	 660  	 900  	 6  	 3 
54	 CF146TP 	 1 	 10 	 660  	 900  	 10  	 5 
55	 CF144NY	 1 	 2 	 660  	 900  	 6  	 3 
56	 CF142XH 	 1 	 8 	 600  	 840  	 8  	 4 
57	 CF141NB	 1 	 6 	 540  	 780  	 7  	 3 
58	 CF141LQ 	 1 	 1 	 660  	 900  	 9  	 4 
59	 CF145FD 	 1 	 4 	 720  	 960  	 6  	 3 
60	 CF146RQ	 1 	 10 	 720  	 960  	 9  	 4 
61	 CF52PT 	 1 	 5 	 600  	 840  	 10  	 5 
62	 CF244DS 	 1 	 5 	 720  	 960  	 10  	 5 
63	 CF244QJ 	 0 	 2 	 600  	 840  	 10  	 5 
64	 CF149AP 	 1 	 6 	 660  	 900  	 8  	 4 
65	 CF147TF 	 1 	 10 	 600  	 840  	 8  	 4 
66	 CF52LA 	 1 	 5 	 540  	 780  	 10  	 5 
67	 CF142JZ 	 1 	 10 	 600  	 840  	 9  	 4 
68	 CF147AJ 	 1 	 6 	 660  	 900  	 6  	 3 
69	 CF147TQ 	 1 	 10 	 660  	 900  	 6  	 3 
70	 CF142ND	 0 	 2 	 540  	 780  	 7  	 3 
71	 CF142NN	 1 	 1 	 540  	 780  	 9  	 4 
72	 CF142TS 	 1 	 2 	 540  	 780  	 9  	 4 
73	 CF144EJ 	 1 	 6 	 600  	 840  	 7  	 3 
74	 CF142FG 	 1 	 5 	 660  	 900  	 10  	 5 
75	 CF142NB	 1 	 8 	 720  	 960  	 8  	 4 
76	 CF140LY 	 1 	 7 	 660  	 900  	 7  	 3 
77	 CF142TL 	 0 	 18 	 660  	 900  	 7  	 3 
78	 CF142LG 	 1 	 9 	 600  	 840  	 10  	 5 
79	 CF143RL 	 1 	 2 	 540  	 780  	 5  	 2 
80	 CF244LG 	 1 	 10 	 540  	 780  	 8  	 4 
81	 CF244AE 	 1 	 8 	 720  	 960  	 8  	 4 
82	 CF244LX 	 1 	 9 	 720  	 960  	 9  	 4 
83	 CF147DP 	 0 	 16 	 660  	 900  	 7  	 3 
84	 CF146SU 	 1 	 1 	 720  	 960  	 10  	 5 
85	 CF146HA	 1 	 1 	 600  	 840  	 5  	 2 
86	 CF148NG	 1 	 7 	 600  	 840  	 10  	 5 
87	 CF149HQ	 1 	 8 	 540  	 780  	 10  	 5 
88	 CF149EF 	 1 	 6 	 600  	 840  	 5  	 2 
89	 CF244EG 	 1 	 7 	 540  	 780  	 5  	 2 
90	 CF244NP	 1 	 8 	 540  	 780  	 7  	 3 
91	 CF52RX 	 1 	 5 	 660  	 900  	 10  	 5 
92	 CF144NP	 1 	 6 	 660  	 900  	 6  	 3 
93	 CF149FE 	 1 	 9 	 660  	 900  	 8  	 4 
94	 CF146JQ 	 1 	 8 	 600  	 840  	 9  	 4 
95	 CF141TF 	 1 	 10 	 600  	 840  	 6  	 3 
96	 CF244BH 	 1 	 10 	 540  	 780  	 6  	 3 
97	 CF244JA 	 1 	 9 	 720  	 960  	 10  	 5 
98	 CF145HJ 	 1 	 6 	 600  	 840  	 9  	 4 
99	 CF149HR 	 1 	 9 	 660  	 900  	 9  	 4 
100	 CF141NL 	 1 	 6 	 720  	 960  	 9  	 4 
