100

1200
32
10
500

0	1116	2820	3312	650	3589	3930	526	3058	3421	1329	3779	1822	1366	5020	4050	3687	2386	1213	1486	1590	2644	1160	3829	3526	2370	1922	1726	5717	1350	3984	2112	1862	2946	4926	2386	2956	2693	1445	2956	3586	1903	3227	1730	3205	3388	2718	3865	1084	2196	1800	3802	2627	1532	1861	2217	3124	1075	2945	2185	3511	1865	1980	2395	2725	1860	3681	2322	3285	2286	5547	1340	2496	2077	3505	1374	2157	2591	1298	3107	3575	534	2578	3406	2154	2528	1882	4579	2582	5217	1823	3605	4819	3564	1304	2281	4519	3688	3350	2614	2708	
1116	0	2991	3963	1705	4230	2841	595	2458	4108	624	2740	2230	2337	5123	2962	4489	1562	1115	1637	1842	3302	1982	4586	2588	2960	2091	2749	5852	1746	2963	2118	2180	2621	4893	3215	2405	1728	2316	2405	4278	1047	2895	1480	3376	4207	2675	4620	1736	1353	2419	4513	2731	649	754	2312	3804	556	1942	1431	4335	2431	2992	1637	2798	2613	4461	3081	3721	1415	5660	2144	1891	1645	4159	2236	1533	2335	1703	3179	4111	990	2375	2356	2769	2523	2293	4644	2462	5435	1289	3125	5002	2505	1729	2706	4711	3135	2507	2375	2038	
2820	2991	0	1680	2567	1835	4295	2791	2002	1877	2441	3853	1047	2273	2201	4369	2494	2449	1881	1393	1238	1388	1960	2422	3240	1138	924	2530	2908	1472	3896	891	965	1274	2141	1909	1847	2933	1980	1847	2009	2502	1355	1573	391	2358	578	2441	1807	2476	1339	2235	287	2599	3433	680	1671	2435	3187	2275	2461	1217	2551	2290	291	1620	2404	1647	992	2551	2732	1859	1934	1659	1821	1971	2007	1120	1523	360	1492	2348	999	3666	1223	578	1001	1760	806	2450	1948	1903	2027	3822	1520	761	1730	2138	2816	1075	2107	
3312	3963	1680	0	2771	276	5854	3543	3661	197	3576	5448	1769	2115	2673	5940	825	3939	2926	2413	2191	672	2155	747	4865	1004	2082	2058	3134	2221	5517	2286	1872	2950	2993	1085	3503	4437	1913	3503	345	3842	3031	2876	1642	762	2243	769	2275	3910	1553	588	1898	3798	4589	2065	211	3462	4712	3728	833	1532	1905	3799	1954	1457	728	1023	799	4002	3052	1976	3500	3118	196	1969	3475	2750	2262	1923	500	3043	2628	5218	1196	2181	1712	2480	2438	2517	3304	3572	2304	5382	2235	1352	2074	3812	4455	2711	3705	
650	1705	2567	2771	0	3046	4434	1114	3240	2861	1753	4231	1520	727	4725	4551	3076	2737	1391	1426	1439	2118	655	3234	3901	1897	1763	1076	5391	1157	4416	2027	1614	2976	4708	1783	3114	3113	860	3114	3020	2307	3242	1855	2929	2775	2599	3270	768	2570	1355	3225	2428	1990	2458	2065	2573	1504	3384	2512	2895	1448	1329	2708	2538	1320	3078	1755	2856	2668	5237	818	2717	2246	2958	802	2418	2607	1115	2893	3085	812	2564	3874	1680	2403	1570	4314	2520	4856	2080	3690	4484	4038	1103	1916	4186	3813	3666	2619	2950	
3589	4230	1835	276	3046	0	6065	3816	3834	244	3832	5649	2024	2385	2569	6148	777	4159	3183	2665	2444	947	2431	617	5055	1270	2316	2311	2979	2485	5709	2503	2119	3109	2939	1341	3677	4656	2188	3677	225	4082	3169	3112	1742	820	2409	628	2549	4138	1825	406	2074	4050	4847	2277	476	3723	4928	3953	852	1800	2147	4015	2119	1733	666	1295	879	4228	2912	2252	3703	3338	97	2244	3696	2932	2527	2043	437	3316	2810	5429	1467	2364	1966	2424	2618	2357	3538	3700	2186	5592	2501	1590	1981	3945	4639	2891	3901	
3930	2841	4295	5854	4434	6065	0	3406	2394	6041	2689	517	4190	4920	5716	123	6585	1927	3217	3590	3790	5316	4471	6588	1166	4943	3796	5359	6401	3906	672	3567	4045	3124	5217	5500	2520	1435	4789	2520	6198	2178	3218	3037	4545	6360	3729	6615	4141	2000	4579	6440	4023	2446	2185	3790	5770	2932	1150	2153	6485	4522	5567	2057	4005	4894	6520	5283	5280	1899	6185	4579	2366	2741	6028	4713	2389	3178	3892	4231	5773	3625	3297	636	4832	3725	4231	5250	3489	6236	2619	2932	5799	473	3926	4518	5581	2728	1594	3225	2189	
526	595	2791	3543	1114	3816	3406	0	2690	3673	862	3266	1893	1774	4981	3526	4005	1928	970	1399	1564	2872	1462	4122	3042	2556	1868	2173	5697	1392	3476	1984	1885	2688	4822	2712	2605	2196	1786	2605	3841	1425	2971	1464	3182	3715	2583	4157	1269	1728	1991	4070	2561	1036	1347	2136	3370	626	2439	1745	3841	2027	2420	1958	2646	2133	3987	2605	3399	1811	5516	1635	2116	1751	3739	1708	1760	2356	1342	3034	3745	500	2366	2889	2351	2407	1957	4519	2408	5235	1447	3292	4818	3046	1360	2374	4520	3346	2896	2387	2308	
3058	2458	2002	3661	3240	3834	2394	2690	0	3858	1869	1910	2272	3402	3364	2450	4455	1001	1870	1888	1995	3238	2937	4408	1265	2892	1825	3807	4074	2235	1916	1513	2102	748	2922	3592	161	1279	3169	161	3999	1445	827	1385	2193	4280	1425	4430	2612	1183	2717	4231	1764	1815	2425	1677	3622	2070	1431	1043	4394	2620	3944	863	1715	3070	4373	3338	2991	1175	3860	2963	575	996	3815	3112	936	920	2252	1872	3491	2544	1038	1806	2852	1484	2288	2885	1224	3859	1245	718	3417	1938	2280	2432	3191	678	828	954	437	
3421	4108	1877	197	2861	244	6041	3673	3858	0	3738	5639	1935	2183	2789	6128	632	4124	3086	2579	2358	806	2261	552	5059	1161	2262	2087	3216	2373	5710	2474	2045	3147	3137	1123	3699	4622	2001	3699	170	4017	3228	3054	1834	606	2440	576	2404	4091	1690	411	2094	3962	4746	2254	304	3615	4898	3912	660	1680	1915	3986	2151	1561	532	1106	983	4184	3146	2081	3691	3304	153	2062	3660	2945	2412	2119	622	3174	2824	5406	1340	2376	1879	2622	2634	2596	3483	3769	2411	5570	2384	1532	2196	4009	4650	2907	3897	
1329	624	2441	3576	1753	3832	2689	862	1869	3738	0	2480	1808	2244	4530	2804	4179	1066	651	1169	1390	2940	1814	4245	2197	2577	1581	2681	5263	1377	2672	1553	1723	1997	4281	2960	1803	1371	2145	1803	3907	574	2272	884	2817	3914	2080	4277	1504	869	2085	4148	2169	251	1021	1763	3438	256	1635	885	4043	2069	2900	1099	2226	2342	4138	2786	3242	957	5067	1944	1295	1021	3770	2066	934	1715	1346	2600	3665	941	1760	2120	2408	1940	1866	4047	1858	4866	667	2516	4428	2286	1377	2258	4140	2541	2034	1756	1466	
3779	2740	3853	5448	4231	5649	517	3266	1910	5639	2480	0	3833	4659	5207	547	6199	1582	2939	3260	3448	4937	4198	6189	657	4566	3421	5098	5888	3592	259	3170	3680	2651	4703	5162	2044	1128	4505	2044	5792	1927	2727	2693	4085	5987	3281	6214	3862	1697	4240	6032	3588	2253	2175	3385	5376	2733	848	1818	6109	4174	5293	1686	3563	4568	6129	4935	4844	1594	5673	4291	1948	2363	5617	4432	2026	2734	3584	3767	5341	3419	2855	389	4471	3292	3869	4744	3048	5733	2295	2421	5298	278	3617	4129	5086	2213	1093	2779	1749	
1822	2230	1047	1769	1520	2024	4190	1893	2272	1935	1808	3833	0	1286	3218	4286	2416	2264	1159	645	423	1150	920	2455	3315	778	447	1619	3902	501	3942	764	171	1745	3188	1341	2116	2755	1003	2116	2103	2094	1962	1155	1411	2176	1179	2486	767	2199	446	2345	935	2029	2824	665	1639	1706	3040	2036	2302	351	1709	2147	1049	799	2362	1104	1507	2297	3738	843	1930	1472	1963	974	1808	1406	551	1381	1880	1407	1315	3558	643	994	64	2796	1192	3394	1580	2489	3000	3727	535	481	2700	2673	2954	1393	2165	
1366	2337	2273	2115	727	2385	4920	1774	3402	2183	2244	4659	1286	0	4307	5031	2356	3098	1721	1515	1419	1497	471	2523	4251	1361	1671	439	4932	1167	4818	1985	1436	2985	4377	1076	3257	3531	293	3257	2336	2744	3223	2062	2586	2053	2465	2559	810	2963	936	2529	2211	2494	3080	1939	1909	2021	3815	2862	2171	1057	660	3034	2325	737	2363	1094	2329	3066	4795	453	2947	2456	2292	312	2709	2626	1152	2628	2479	1359	2553	4325	1163	2276	1311	3938	2457	4364	2392	3729	4026	4495	1123	1532	3736	3891	3957	2623	3190	
5020	5123	2201	2673	4725	2569	5716	4981	3364	2789	4530	5207	3218	4307	0	5754	3313	4209	4042	3583	3439	2957	4085	3086	4551	2961	3118	4448	735	3671	5148	3014	3160	2729	629	3570	3272	4609	4024	3272	2786	4441	2549	3648	1816	3388	2450	3078	3984	4313	3400	2860	2421	4642	5453	2846	2837	4572	4791	4113	3417	3292	4381	4039	2338	3578	3200	3373	2045	4357	538	3954	3635	3585	2641	4037	3864	2876	3722	1951	2175	4548	2801	5161	3146	2601	3163	491	2677	603	3935	2788	399	5281	3718	2813	603	3008	4124	2827	3695	
4050	2962	4369	5940	4551	6148	123	3526	2450	6128	2804	547	4286	5031	5754	0	6676	2022	3325	3690	3889	5408	4580	6676	1204	5035	3889	5470	6433	4009	655	3654	4140	3186	5247	5600	2580	1534	4898	2580	6284	2288	3270	3134	4613	6454	3801	6703	4250	2102	4679	6526	4100	2562	2308	3875	5859	3048	1247	2251	6578	4620	5677	2147	4079	4996	6610	5382	5357	2000	6218	4686	2446	2831	6113	4822	2482	3251	3996	4297	5851	3741	3371	728	4928	3802	4327	5291	3563	6279	2719	2967	5844	560	4030	4608	5631	2756	1639	3298	2263	
3687	4489	2494	825	3076	777	6585	4005	4455	632	4179	6199	2416	2356	3313	6676	0	4659	3532	3052	2835	1270	2548	263	5635	1645	2788	2143	3662	2802	6282	3029	2547	3757	3710	1301	4295	5155	2242	4295	553	4509	3849	3564	2466	304	3048	290	2754	4609	2094	460	2698	4415	5166	2819	833	4031	5436	4438	201	2115	1921	4529	2762	1877	113	1408	1614	4705	3618	2372	4255	3844	736	2315	4196	3537	2834	2748	1213	3519	3417	5950	1780	2971	2367	3195	3231	3043	3992	4393	2922	6116	2803	2070	2737	4631	5234	3501	4470	
2386	1562	2449	3939	2737	4159	1927	1928	1001	4124	1066	1582	2264	3098	4209	2022	4659	0	1381	1678	1870	3389	2632	4668	1166	3016	1870	3535	4936	2010	1723	1656	2118	1480	3831	3584	1012	498	2930	1012	4283	517	1688	1114	2751	4433	1919	4695	2293	210	2662	4526	2165	922	1426	1884	3848	1314	778	237	4557	2599	3722	170	2169	2986	4596	3361	3409	174	4727	2716	573	821	4118	2858	464	1384	2003	2458	3891	1943	1490	1295	2905	1871	2304	3718	1666	4648	714	1718	4199	1463	2037	2595	3942	1663	968	1435	569	
1213	1115	1881	2926	1391	3183	3217	970	1870	3086	651	2939	1159	1721	4042	3325	3532	1381	0	530	746	2289	1260	3595	2542	1926	976	2159	4766	732	3098	1029	1083	1742	3858	2332	1756	1812	1573	1756	3255	1040	2024	518	2269	3271	1619	3627	926	1242	1440	3497	1629	883	1665	1205	2787	564	2097	1147	3399	1419	2356	1331	1705	1713	3489	2146	2617	1345	4579	1362	1330	875	3120	1497	1029	1396	705	2091	3026	683	1399	2611	1758	1448	1218	3571	1438	4331	693	2393	3902	2781	737	1617	3608	2482	2281	1425	1560	
1486	1637	1393	2413	1426	2665	3590	1399	1888	2579	1169	3260	645	1515	3583	3690	3052	1678	530	0	222	1792	1049	3099	2787	1422	469	1930	4298	352	3390	628	554	1550	3449	1910	1747	2157	1297	1747	2747	1459	1816	573	1783	2803	1232	3130	728	1590	990	2990	1164	1385	2189	742	2283	1092	2445	1444	2931	943	2087	1582	1254	1308	3002	1699	2088	1691	4118	1085	1441	952	2606	1234	1243	1181	364	1642	2498	976	1139	2965	1272	1042	701	3125	1111	3840	971	2272	3420	3135	393	1090	3123	2410	2463	1192	1684	
1590	1842	1238	2191	1439	2444	3790	1564	1995	2358	1390	3448	423	1419	3439	3889	2835	1870	746	222	0	1573	970	2879	2956	1201	335	1813	4146	283	3570	593	339	1579	3337	1714	1847	2355	1175	1847	2526	1674	1830	756	1627	2589	1164	2909	687	1792	792	2769	1036	1607	2409	636	2062	1303	2642	1638	2716	733	1950	1764	1137	1124	2784	1494	1879	1892	3970	971	1588	1108	2384	1121	1423	1214	324	1516	2281	1110	1151	3161	1056	967	479	2991	1086	3672	1172	2317	3259	3331	337	872	2960	2473	2616	1216	1830	
2644	3302	1388	672	2118	947	5316	2872	3238	806	2940	4937	1150	1497	2957	5408	1270	3389	2289	1792	1573	0	1489	1307	4385	375	1520	1523	3518	1570	5027	1772	1277	2579	3154	616	3078	3885	1268	3078	976	3244	2713	2295	1510	1051	1879	1339	1604	3340	885	1213	1526	3169	3944	1572	502	2812	4167	3169	1172	875	1428	3261	1611	798	1213	428	912	3435	3403	1311	2999	2578	867	1317	2927	2320	1608	1712	983	2373	2204	4682	535	1768	1100	2664	2026	2925	2723	3267	2631	4849	1579	813	2360	3491	3994	2289	3219	
1160	1982	1960	2155	655	2431	4471	1462	2937	2261	1814	4198	920	471	4085	4580	2548	2632	1260	1049	970	1489	0	2677	3781	1245	1250	903	4744	705	4354	1553	1045	2548	4096	1251	2795	3072	336	2795	2426	2293	2795	1591	2306	2255	2072	2712	340	2501	700	2643	1854	2065	2705	1536	1964	1607	3357	2395	2380	797	1097	2564	1967	700	2534	1164	2201	2604	4592	180	2476	1986	2346	255	2238	2184	685	2300	2441	993	2119	3870	1028	1878	961	3686	2037	4203	1924	3288	3836	4040	658	1272	3539	3442	3486	2185	2719	
3829	4586	2422	747	3234	617	6588	4122	4408	552	4245	6189	2455	2523	3086	6676	263	4668	3595	3099	2879	1307	2677	0	5610	1678	2802	2342	3414	2871	6262	3022	2575	3695	3504	1450	4250	5166	2385	4250	414	4547	3769	3590	2354	517	2989	37	2859	4630	2171	230	2645	4476	5245	2804	822	4110	5444	4453	448	2177	2130	4532	2699	1989	182	1517	1492	4724	3376	2498	4241	3849	606	2454	4204	3496	2907	2649	1047	3629	3375	5953	1837	2927	2403	2992	3185	2796	4018	4305	2692	6118	2877	2073	2520	4547	5202	3458	4448	
3526	2588	3240	4865	3901	5055	1166	3042	1265	5059	2197	657	3315	4251	4551	1204	5635	1166	2542	2787	2956	4385	3781	5610	0	4020	2886	4684	5235	3132	656	2613	3155	2011	4052	4656	1406	861	4069	1406	5207	1623	2075	2215	3454	5436	2663	5634	3442	1336	3740	5445	2984	2007	2178	2816	4805	2452	698	1395	5555	3663	4862	1217	2950	4080	5560	4417	4233	1242	5020	3854	1389	1849	5029	4000	1547	2125	3131	3134	4732	3104	2247	690	3942	2691	3346	4087	2440	5076	1859	1766	4641	760	3164	3572	4430	1564	439	2168	1165	
2370	2960	1138	1004	1897	1270	4943	2556	2892	1161	2577	4566	778	1361	2961	5035	1645	3016	1926	1422	1201	375	1245	1678	4020	0	1147	1495	3572	1217	4661	1408	902	2256	3083	771	2732	3511	1092	2732	1330	2870	2410	1920	1342	1420	1570	1708	1300	2965	572	1571	1225	2802	3586	1218	862	2457	3793	2794	1543	531	1462	2889	1322	624	1587	509	972	3061	3439	1079	2633	2205	1200	1122	2554	1977	1258	1487	1205	2056	1865	4308	218	1441	726	2618	1695	3004	2348	2963	2668	4476	1231	461	2381	3180	3635	1949	2856	
1922	2091	924	2082	1763	2316	3796	1868	1825	2262	1581	3421	447	1671	3118	3889	2788	1870	976	469	335	1520	1250	2802	2886	1147	0	2036	3830	608	3520	322	277	1318	3004	1780	1669	2367	1403	1669	2425	1766	1552	796	1314	2567	837	2830	1000	1829	893	2669	705	1772	2598	303	1980	1538	2648	1652	2690	796	2143	1742	803	1246	2726	1534	1663	1923	3651	1218	1497	1058	2267	1362	1408	969	653	1185	2102	1432	886	3162	1057	640	466	2664	788	3371	1222	2064	2951	3329	662	730	2653	2239	2515	960	1728	
1726	2749	2530	2058	1076	2311	5359	2173	3807	2087	2681	5098	1619	439	4448	5470	2143	3535	2159	1930	1813	1523	903	2342	4684	1495	2036	0	5035	1578	5256	2356	1781	3354	4574	973	3660	3970	639	3660	2223	3184	3579	2487	2806	1841	2791	2378	1243	3401	1210	2386	2509	2930	3497	2283	1847	2455	4254	3298	1947	1333	256	3467	2622	912	2169	1095	2419	3504	4913	846	3369	2878	2215	696	3140	3002	1569	2890	2481	1784	2921	4765	1334	2610	1632	4113	2810	4447	2827	4099	4140	4934	1538	1770	3860	4272	4384	2995	3612	
5717	5852	2908	3134	5391	2979	6401	5697	4074	3216	5263	5888	3902	4932	735	6433	3662	4936	4766	4298	4146	3518	4744	3414	5235	3572	3830	5035	0	4368	5815	3739	3855	3456	1193	4116	3988	5329	4656	3988	3179	5175	3267	4380	2518	3789	3182	3399	4665	5044	4049	3202	3139	5376	6187	3565	3319	5300	5504	4845	3795	3947	4944	4768	3061	4196	3554	3944	2617	5087	215	4603	4363	4320	3063	4675	4597	3610	4419	2675	2638	5256	3535	5859	3770	3329	3845	1225	3411	622	4669	3469	908	5974	4413	3476	1205	3678	4814	3562	4416	
1350	1746	1472	2221	1157	2485	3906	1392	2235	2373	1377	3592	501	1167	3671	4009	2802	2010	732	352	283	1570	705	2871	3132	1217	608	1578	4368	0	3728	876	513	1855	3594	1607	2091	2478	945	2091	2543	1748	2110	918	1855	2539	1443	2904	405	1907	709	2782	1294	1614	2374	911	2071	1242	2767	1773	2668	695	1736	1922	1399	992	2761	1415	2008	2010	4197	733	1792	1303	2417	883	1585	1488	52	1771	2370	908	1430	3286	1036	1247	565	3232	1369	3876	1297	2590	3472	3457	54	982	3173	2739	2813	1492	2035	
3984	2963	3896	5517	4416	5709	672	3476	1916	5710	2672	259	3942	4818	5148	655	6282	1723	3098	3390	3570	5027	4354	6262	656	4661	3520	5256	5815	3728	0	3256	3785	2664	4625	5279	2060	1303	4653	2060	5860	2108	2714	2819	4107	6079	3320	6286	4015	1858	4359	6098	3639	2453	2420	3463	5454	2927	1039	1960	6199	4287	5445	1808	3606	4693	6209	5046	4889	1757	5600	4439	2029	2470	5682	4581	2148	2780	3723	3787	5388	3606	2902	634	4575	3346	3976	4694	3095	5686	2436	2362	5257	537	3757	4216	5056	2140	1088	2823	1813	
2112	2118	891	2286	2027	2503	3567	1984	1513	2474	1553	3170	764	1985	3014	3654	3029	1656	1029	628	593	1772	1553	3022	2613	1408	322	2356	3739	876	3256	0	594	1000	2840	2081	1355	2153	1722	1355	2631	1632	1242	684	1264	2823	607	3048	1280	1645	1211	2874	616	1709	2543	232	2206	1563	2426	1454	2944	1109	2465	1513	680	1564	2959	1829	1774	1731	3551	1532	1227	835	2463	1678	1194	647	914	1064	2244	1595	568	2932	1345	423	776	2542	493	3319	1075	1745	2884	3096	930	960	2593	1917	2228	640	1448	
1862	2180	965	1872	1614	2119	4045	1885	2102	2045	1723	3680	171	1436	3160	4140	2547	2118	1083	554	339	1277	1045	2575	3155	902	277	1781	3855	513	3785	594	0	1577	3099	1505	1945	2612	1158	1945	2211	1973	1798	1017	1345	2316	1031	2605	847	2062	617	2455	816	1934	2743	505	1754	1642	2895	1894	2441	519	1877	1996	927	970	2489	1263	1540	2159	3686	986	1768	1317	2062	1124	1658	1236	564	1280	1944	1413	1147	3412	791	841	191	2725	1029	3365	1446	2322	2960	3580	558	536	2660	2504	2789	1224	2001	
2946	2621	1274	2950	2976	3109	3124	2688	748	3147	1997	2651	1745	2985	2729	3186	3757	1480	1742	1550	1579	2579	2548	3695	2011	2256	1318	3354	3456	1855	2664	1000	1577	0	2363	2995	607	1889	2722	607	3282	1762	283	1228	1445	3600	709	3715	2258	1595	2184	3510	1061	2037	2791	1088	2927	2126	2095	1401	3710	2072	3454	1311	996	2533	3671	2733	2254	1632	3247	2532	907	976	3095	2678	1171	369	1886	1124	2754	2412	432	2519	2251	814	1744	2240	566	3183	1334	746	2735	2660	1907	1797	2491	934	1576	363	978	
4926	4893	2141	2993	4708	2939	5217	4822	2922	3137	4281	4703	3188	4377	629	5247	3710	3831	3858	3449	3337	3154	4096	3504	4052	3083	3004	4574	1193	3594	4625	2840	3099	2363	0	3768	2850	4194	4085	2850	3164	4120	2143	3416	1793	3742	2240	3501	3945	3957	3444	3274	2301	4363	5146	2710	3129	4355	4352	3764	3789	3327	4541	3665	2201	3673	3597	3544	2270	3990	980	3985	3264	3290	2999	4086	3531	2575	3643	1823	2515	4426	2521	4687	3242	2416	3141	515	2433	1230	3649	2289	955	4797	3645	2846	1006	2490	3636	2531	3289	
2386	3215	1909	1085	1783	1341	5500	2712	3592	1123	2960	5162	1341	1076	3570	5600	1301	3584	2332	1910	1714	616	1251	1450	4656	771	1780	973	4116	1607	5279	2081	1505	2995	3768	0	3433	4066	941	3433	1268	3354	3166	2470	2088	1005	2327	1487	1483	3500	922	1454	1989	3205	3915	1923	874	2788	4354	3351	1130	992	834	3476	2089	619	1296	265	1525	3601	4008	1078	3271	2809	1245	1014	3136	2693	1628	2255	1519	2234	2587	4874	745	2185	1314	3280	2430	3515	2881	3717	3238	5044	1595	1206	2971	3926	4294	2671	3506	
2956	2405	1847	3503	3114	3677	2520	2605	161	3699	1803	2044	2116	3257	3272	2580	4295	1012	1756	1747	1847	3078	2795	4250	1406	2732	1669	3660	3988	2091	2060	1355	1945	607	2850	3433	0	1344	3021	0	3841	1418	723	1260	2047	4119	1270	4272	2473	1177	2562	4073	1606	1769	2420	1517	3462	1991	1520	1017	4234	2463	3793	860	1560	2914	4214	3179	2838	1183	3775	2816	515	881	3657	2966	872	759	2110	1727	3338	2436	878	1921	2693	1324	2130	2788	1065	3754	1159	726	3309	2058	2137	2271	3076	741	973	794	447	
2693	1728	2933	4437	3113	4656	1435	2196	1279	4622	1371	1128	2755	3531	4609	1534	5155	498	1812	2157	2355	3885	3072	5166	861	3511	2367	3970	5329	2478	1303	2153	2612	1889	4194	4066	1344	0	3381	1344	4782	805	2062	1601	3223	4927	2391	5193	2736	573	3145	5025	2652	1162	1359	2381	4345	1627	288	719	5052	3087	4167	645	2650	3463	5093	3848	3901	469	5117	3168	1014	1319	4616	3307	962	1846	2467	2923	4386	2303	1958	808	3397	2356	2797	4122	2141	5072	1185	1977	4625	979	2501	3093	4377	1864	866	1897	914	
1445	2316	1980	1913	860	2188	4789	1786	3169	2001	2145	4505	1003	293	4024	4898	2242	2930	1573	1297	1175	1268	336	2385	4069	1092	1403	639	4656	945	4653	1722	1158	2722	4085	941	3021	3381	0	3021	2161	2611	2953	1860	2294	1945	2182	2422	648	2809	643	2368	1922	2396	3041	1662	1713	1941	3668	2693	2069	764	793	2854	2036	477	2236	895	2064	2912	4515	215	2738	2248	2098	80	2522	2367	940	2335	2245	1326	2289	4183	886	1996	1025	3650	2184	4094	2218	3467	3749	4353	908	1240	3457	3636	3758	2362	2981	
2956	2405	1847	3503	3114	3677	2520	2605	161	3699	1803	2044	2116	3257	3272	2580	4295	1012	1756	1747	1847	3078	2795	4250	1406	2732	1669	3660	3988	2091	2060	1355	1945	607	2850	3433	0	1344	3021	0	3841	1418	723	1260	2047	4119	1270	4272	2473	1177	2562	4073	1606	1769	2420	1517	3462	1991	1520	1017	4234	2463	3793	860	1560	2914	4214	3179	2838	1183	3775	2816	515	881	3657	2966	872	759	2110	1727	3338	2436	878	1921	2693	1324	2130	2788	1065	3754	1159	726	3309	2058	2137	2271	3076	741	973	794	447	
3586	4278	2009	345	3020	225	6198	3841	3999	170	3907	5792	2103	2336	2786	6284	553	4283	3255	2747	2526	976	2426	414	5207	1330	2425	2223	3179	2543	5860	2631	2211	3282	3164	1268	3841	4782	2161	3841	0	4183	3354	3218	1942	610	2577	433	2572	4254	1860	244	2235	4131	4916	2410	474	3785	5057	4073	631	1850	2041	4144	2288	1726	442	1267	1081	4346	3119	2246	3844	3463	192	2223	3820	3090	2582	2235	660	3343	2968	5563	1510	2521	2047	2649	2777	2557	3646	3890	2401	5727	2554	1695	2201	4133	4796	3050	4048	
1903	1047	2502	3842	2307	4082	2178	1425	1445	4017	574	1927	2094	2744	4441	2288	4509	517	1040	1459	1674	3244	2293	4547	1623	2870	1766	3184	5175	1748	2108	1632	1973	1762	4120	3354	1418	805	2611	1418	4183	0	2010	971	2846	4262	2039	4577	1963	309	2443	4426	2216	405	1029	1863	3727	829	1079	403	4390	2402	3389	596	2246	2739	4457	3153	3402	386	4971	2401	909	865	4030	2535	591	1565	1729	2584	3861	1498	1645	1582	2730	1943	2145	3951	1791	4835	557	2143	4389	1751	1762	2492	4115	2123	1478	1614	1013	
3227	2895	1355	3031	3242	3169	3218	2971	827	3228	2272	2727	1962	3223	2549	3270	3849	1688	2024	1816	1830	2713	2795	3769	2075	2410	1552	3579	3267	2110	2714	1242	1798	283	2143	3166	723	2062	2953	723	3354	2010	0	1511	1452	3711	840	3786	2515	1822	2392	3574	1189	2302	3039	1297	3027	2406	2243	1635	3815	2276	3667	1523	1103	2736	3758	2902	2298	1849	3055	2770	1126	1251	3164	2913	1421	639	2144	1135	2792	2693	680	2633	2427	988	1955	2065	769	3033	1606	554	2590	2765	2163	1961	2364	783	1636	624	1150	
1730	1480	1573	2876	1855	3112	3037	1464	1385	3054	884	2693	1155	2062	3648	3134	3564	1114	518	573	756	2295	1591	3590	2215	1920	796	2487	4380	918	2819	684	1017	1228	3416	2470	1260	1601	1860	1260	3218	971	1511	0	1941	3330	1198	3619	1255	1045	1548	3462	1295	1026	1860	907	2768	940	1888	883	3455	1486	2653	1011	1346	1876	3507	2248	2436	1143	4185	1646	887	398	3062	1794	671	892	920	1716	2890	1199	911	2407	1797	1056	1199	3167	983	3983	429	1877	3544	2576	952	1524	3258	1973	1898	925	1129	
3205	3376	391	1642	2929	1742	4545	3182	2193	1834	2817	4085	1411	2586	1816	4613	2466	2751	2269	1783	1627	1510	2306	2354	3454	1342	1314	2806	2518	1855	4107	1264	1345	1445	1793	2088	2047	3223	2294	2047	1942	2846	1452	1941	0	2375	832	2369	2177	2796	1652	2148	648	2966	3799	1064	1683	2820	3464	2593	2464	1534	2799	2587	600	1896	2366	1839	864	2865	2344	2192	2210	1989	1750	2293	2325	1378	1906	321	1346	2737	1265	3925	1474	903	1359	1386	1084	2062	2297	1965	1637	4075	1902	1055	1340	2213	3020	1329	2359	
3388	4207	2358	762	2775	820	6360	3715	4280	606	3914	5987	2176	2053	3388	6454	304	4433	3271	2803	2589	1051	2255	517	5436	1420	2567	1841	3789	2539	6079	2823	2316	3600	3742	1005	4119	4927	1945	4119	610	4262	3711	3330	2375	0	2893	552	2471	4375	1831	637	2539	4153	4892	2622	693	3759	5211	4209	128	1861	1621	4308	2612	1594	336	1131	1555	4473	3729	2080	4050	3625	748	2019	3972	3360	2569	2638	1228	3232	3242	5727	1534	2800	2131	3228	3060	3167	3755	4261	3006	5895	2537	1864	2798	4494	5044	3327	4270	
2718	2675	578	2243	2599	2409	3729	2583	1425	2440	2080	3281	1179	2465	2450	3801	3048	1919	1619	1232	1164	1879	2072	2989	2663	1570	837	2791	3182	1443	3320	607	1031	709	2240	2327	1270	2391	2182	1270	2577	2039	840	1198	832	2893	0	3009	1837	1970	1586	2807	354	2200	3022	538	2218	2128	2635	1766	3001	1465	2859	1755	290	1920	2962	2063	1570	2037	2987	2017	1381	1175	2392	2152	1500	551	1487	546	2069	2202	435	3104	1591	197	1160	1969	253	2803	1504	1393	2359	3257	1497	1122	2080	1613	2238	504	1539	
3865	4620	2441	769	3270	628	6615	4157	4430	576	4277	6214	2486	2559	3078	6703	290	4695	3627	3130	2909	1339	2712	37	5634	1708	2830	2378	3399	2904	6286	3048	2605	3715	3501	1487	4272	5193	2422	4272	433	4577	3786	3619	2369	552	3009	0	2894	4659	2205	232	2666	4507	5277	2829	851	4143	5471	4481	480	2210	2166	4559	2720	2024	216	1552	1505	4753	3362	2534	4266	3876	622	2491	4232	3519	2940	2665	1054	3664	3398	5979	1869	2950	2433	2989	3207	2782	4048	4321	2683	6144	2910	2101	2514	4565	5225	3480	4473	
1084	1736	1807	2275	768	2549	4141	1269	2612	2404	1504	3862	767	810	3984	4250	2754	2293	926	728	687	1604	340	2859	3442	1300	1000	1243	4665	405	4015	1280	847	2258	3945	1483	2473	2736	648	2473	2572	1963	2515	1255	2177	2471	1837	2894	0	2165	729	2801	1660	1754	2433	1300	2100	1312	3022	2056	2599	783	1431	2225	1769	878	2729	1347	2201	2268	4503	441	2141	1651	2471	572	1899	1891	373	2127	2502	772	1835	3537	1089	1640	821	3562	1772	4149	1584	2991	3761	3707	352	1203	3462	3135	3148	1896	2384	
2196	1353	2476	3910	2570	4138	2000	1728	1183	4091	869	1697	2199	2963	4313	2102	4609	210	1242	1590	1792	3340	2501	4630	1336	2965	1829	3401	5044	1907	1858	1645	2062	1595	3957	3500	1177	573	2809	1177	4254	309	1822	1045	2796	4375	1970	4659	2165	0	2580	4497	2190	714	1244	1877	3809	1121	860	204	4501	2526	3596	320	2204	2894	4551	3286	3415	103	4837	2596	697	818	4093	2735	471	1455	1895	2515	3889	1768	1551	1379	2842	1902	2244	3822	1717	4735	621	1895	4287	1550	1929	2559	4023	1854	1170	1506	746	
1800	2419	1339	1553	1355	1825	4579	1991	2717	1690	2085	4240	446	936	3400	4679	2094	2662	1440	990	792	885	700	2171	3740	572	893	1210	4049	709	4359	1211	617	2184	3444	922	2562	3145	643	2562	1860	2443	2392	1548	1652	1831	1586	2205	729	2580	0	2094	1299	2323	3075	1097	1386	1940	3432	2429	1959	124	1276	2555	1412	353	2056	710	1504	2680	3901	554	2361	1892	1749	642	2214	1851	740	1696	1776	1491	1757	3952	360	1410	440	3015	1626	3504	1960	2926	3141	4122	709	598	2846	3115	3388	1836	2599	
3802	4513	2235	588	3225	406	6440	4070	4231	411	4148	6032	2345	2529	2860	6526	460	4526	3497	2990	2769	1213	2643	230	5445	1571	2669	2386	3202	2782	6098	2874	2455	3510	3274	1454	4073	5025	2368	4073	244	4426	3574	3462	2148	637	2807	232	2801	4497	2094	0	2468	4373	5156	2651	711	4024	5300	4316	607	2088	2190	4387	2517	1946	352	1480	1284	4589	3159	2463	4084	3706	416	2433	4063	3324	2820	2448	824	3573	3203	5805	1748	2756	2290	2762	3011	2583	3890	4105	2467	5968	2792	1938	2291	4350	5032	3284	4287	
2627	2731	287	1898	2428	2074	4023	2561	1764	2094	2169	3588	935	2211	2421	4100	2698	2165	1629	1164	1036	1526	1854	2645	2984	1225	705	2509	3139	1294	3639	616	816	1061	2301	1989	1606	2652	1922	1606	2235	2216	1189	1295	648	2539	354	2666	1660	2190	1299	2468	0	2321	3154	426	1866	2175	2908	1989	2648	1176	2558	2008	114	1617	2613	1724	1257	2266	2956	1776	1658	1373	2052	1901	1722	859	1343	480	1753	2136	737	3392	1262	298	902	1961	544	2705	1662	1742	2274	3549	1346	787	1981	1966	2565	817	1839	
1532	649	2599	3798	1990	4050	2446	1036	1815	3962	251	2253	2029	2494	4642	2562	4415	922	883	1385	1607	3169	2065	4476	2007	2802	1772	2930	5376	1614	2453	1709	1934	2037	4363	3205	1769	1162	2396	1769	4131	405	2302	1026	2966	4153	2200	4507	1754	714	2323	4373	2321	0	834	1929	3664	486	1414	783	4281	2301	3150	989	2369	2586	4372	3027	3435	787	5177	2194	1254	1074	3991	2317	902	1788	1585	2732	3869	1179	1848	1887	2640	2074	2086	4155	1965	5000	714	2493	4558	2050	1617	2468	4275	2493	1881	1833	1391	
1861	754	3433	4589	2458	4847	2185	1347	2425	4746	1021	2175	2824	3080	5453	2308	5166	1426	1665	2189	2409	3944	2705	5245	2178	3586	2598	3497	6187	2374	2420	2543	2743	2791	5146	3915	2420	1359	3041	2420	4916	1029	3039	1860	3799	4892	3022	5277	2433	1244	3075	5156	3154	834	0	2763	4445	1135	1483	1411	5021	3069	3737	1563	3201	3303	5130	3762	4261	1252	5986	2858	1926	1868	4784	2960	1620	2581	2338	3559	4686	1723	2652	1787	3410	2904	2883	4964	2782	5826	1520	3138	5382	1914	2367	3279	5101	3088	2221	2628	1989	
2217	2312	680	2065	2065	2277	3790	2136	1677	2254	1763	3385	665	1939	2846	3875	2819	1884	1205	742	636	1572	1536	2804	2816	1218	303	2283	3565	911	3463	232	505	1088	2710	1923	1517	2381	1662	1517	2410	1863	1297	907	1064	2622	538	2829	1300	1877	1097	2651	426	1929	2763	0	1991	1756	2652	1685	2740	984	2371	1739	512	1445	2746	1665	1542	1962	3381	1489	1438	1065	2239	1628	1423	771	956	900	2013	1717	667	3154	1179	342	658	2384	529	3126	1306	1829	2697	3318	964	760	2403	2021	2422	749	1651	
3124	3804	1671	211	2573	476	5770	3370	3622	304	3438	5376	1639	1909	2837	5859	833	3848	2787	2283	2062	502	1964	822	4805	862	1980	1847	3319	2071	5454	2206	1754	2927	3129	874	3462	4345	1713	3462	474	3727	3027	2768	1683	693	2218	851	2100	3809	1386	711	1866	3664	4445	1991	0	3313	4624	3632	790	1377	1695	3713	1933	1265	755	819	883	3903	3231	1784	3429	3029	385	1771	3384	2704	2109	1945	682	2871	2584	5134	1037	2138	1585	2619	2398	2705	3197	3574	2475	5300	2081	1252	2235	3810	4403	2668	3641	
1075	556	2435	3462	1504	3723	2932	626	2070	3615	256	2733	1706	2021	4572	3048	4031	1314	564	1092	1303	2812	1607	4110	2452	2457	1538	2455	5300	1242	2927	1563	1642	2126	4355	2788	1991	1627	1941	1991	3785	829	2406	940	2820	3759	2128	4143	1312	1121	1940	4024	2175	486	1135	1756	3313	0	1890	1122	3887	1936	2680	1335	2243	2172	3995	2628	3180	1211	5109	1747	1494	1161	3657	1861	1137	1818	1204	2626	3582	693	1847	2371	2277	1971	1767	4095	1922	4880	833	2690	4447	2535	1233	2174	4155	2732	2281	1855	1682	
2945	1942	3187	4712	3384	4928	1150	2439	1431	4898	1635	848	3040	3815	4791	1247	5436	778	2097	2445	2642	4167	3357	5444	698	3793	2648	4254	5504	2767	1039	2426	2895	2095	4352	4354	1520	288	3668	1520	5057	1079	2243	1888	3464	5211	2635	5471	3022	860	3432	5300	2908	1414	1483	2652	4624	1890	0	1004	5335	3373	4453	913	2901	3751	5373	4135	4162	757	5290	3455	1255	1595	4889	3593	1240	2086	2756	3158	4650	2573	2200	520	3682	2611	3081	4308	2387	5271	1473	2095	4825	690	2789	3372	4586	1952	846	2135	1119	
2185	1431	2275	3728	2512	3953	2153	1745	1043	3912	885	1818	2036	2862	4113	2251	4438	237	1147	1444	1638	3169	2395	4453	1395	2794	1652	3298	4845	1773	1960	1454	1894	1401	3764	3351	1017	719	2693	1017	4073	403	1635	883	2593	4209	1766	4481	2056	204	2429	4316	1989	783	1411	1685	3632	1122	1004	0	4334	2369	3485	213	2002	2752	4377	3131	3220	277	4638	2479	516	622	3910	2621	268	1252	1766	2311	3697	1727	1347	1523	2679	1701	2079	3622	1513	4532	477	1741	4084	1693	1800	2381	3819	1720	1166	1302	611	
3511	4335	2461	833	2895	852	6485	3841	4394	660	4043	6109	2302	2171	3417	6578	201	4557	3399	2931	2716	1172	2380	448	5555	1543	2690	1947	3795	2668	6199	2944	2441	3710	3789	1130	4234	5052	2069	4234	631	4390	3815	3455	2464	128	3001	480	2599	4501	1959	607	2648	4281	5021	2740	790	3887	5335	4334	0	1989	1722	4432	2719	1722	268	1259	1631	4598	3743	2206	4171	3749	791	2143	4096	3474	2697	2733	1275	3359	3356	5851	1661	2912	2257	3274	3172	3174	3881	4363	3031	6019	2666	1984	2832	4599	5162	3440	4390	
1865	2431	1217	1532	1448	1800	4522	2027	2620	1680	2069	4174	351	1057	3292	4620	2115	2599	1419	943	733	875	797	2177	3663	531	796	1333	3947	695	4287	1109	519	2072	3327	992	2463	3087	764	2463	1850	2402	2276	1486	1534	1861	1465	2210	783	2526	124	2088	1176	2301	3069	984	1377	1936	3373	2369	1989	0	1394	2488	1289	461	2070	762	1424	2625	3796	663	2279	1817	1728	760	2147	1744	733	1573	1722	1527	1648	3893	341	1292	333	2901	1512	3408	1905	2813	3039	4062	705	482	2742	3005	3304	1728	2515	
1980	2992	2551	1905	1329	2147	5567	2420	3944	1915	2900	5293	1709	660	4381	5677	1921	3722	2356	2087	1950	1428	1097	2130	4862	1462	2143	256	4944	1736	5445	2465	1877	3454	4541	834	3793	4167	793	3793	2041	3389	3667	2653	2799	1621	2859	2166	1431	3596	1276	2190	2558	3150	3737	2371	1695	2680	4453	3485	1722	1394	0	3647	2669	942	1954	1008	2338	3699	4831	1008	3527	3038	2050	863	3315	3111	1732	2911	2352	2018	3024	4967	1331	2686	1713	4067	2899	4347	3010	4198	4059	5137	1700	1793	3786	4381	4549	3100	3770	
2395	1637	2290	3799	2708	4015	2057	1958	863	3986	1099	1686	2147	3034	4039	2147	4529	170	1331	1582	1764	3261	2564	4532	1217	2889	1742	3467	4768	1922	1808	1513	1996	1311	3665	3476	860	645	2854	860	4144	596	1523	1011	2587	4308	1755	4559	2225	320	2555	4387	2008	989	1563	1739	3713	1335	913	213	4432	2488	3647	0	2008	2886	4464	3249	3255	327	4558	2639	404	684	3976	2784	341	1217	1919	2292	3741	1930	1324	1421	2786	1712	2185	3549	1503	4478	642	1575	4030	1588	1952	2461	3773	1536	961	1268	427	
2725	2798	291	1954	2538	2119	4005	2646	1715	2151	2226	3563	1049	2325	2338	4079	2762	2169	1705	1254	1137	1611	1967	2699	2950	1322	803	2622	3061	1399	3606	680	927	996	2201	2089	1560	2650	2036	1560	2288	2246	1103	1346	600	2612	290	2720	1769	2204	1412	2517	114	2369	3201	512	1933	2243	2901	2002	2719	1289	2669	2008	0	1728	2675	1824	1283	2277	2875	1889	1647	1392	2102	2015	1734	829	1447	388	1782	2229	709	3377	1367	303	1016	1873	516	2641	1697	1656	2205	3532	1451	891	1915	1884	2527	784	1817	
1860	2613	1620	1457	1320	1733	4894	2133	3070	1561	2342	4568	799	737	3578	4996	1877	2986	1713	1308	1124	798	700	1989	4080	624	1246	912	4196	992	4693	1564	970	2533	3673	619	2914	3463	477	2914	1726	2739	2736	1876	1896	1594	1920	2024	878	2894	353	1946	1617	2586	3303	1445	1265	2172	3751	2752	1722	461	942	2886	1728	0	1854	472	1593	2996	4061	520	2706	2231	1647	520	2546	2203	1011	1980	1770	1643	2108	4271	433	1750	791	3221	1972	3627	2278	3274	3291	4442	978	860	3003	3465	3734	2188	2945	
3681	4461	2404	728	3078	666	6520	3987	4373	532	4138	6129	2362	2363	3200	6610	113	4596	3489	3002	2784	1213	2534	182	5560	1587	2726	2169	3554	2761	6209	2959	2489	3671	3597	1296	4214	5093	2236	4214	442	4457	3758	3507	2366	336	2962	216	2729	4551	2056	352	2613	4372	5130	2746	755	3995	5373	4377	268	2070	1954	4464	2675	1854	0	1383	1511	4646	3508	2357	4184	3779	628	2307	4132	3457	2795	2651	1103	3497	3337	5885	1733	2889	2312	3083	3149	2934	3935	4299	2810	6051	2764	2002	2624	4539	5157	3420	4396	
2322	3081	1647	1023	1755	1295	5283	2605	3338	1106	2786	4935	1104	1094	3373	5382	1408	3361	2146	1699	1494	428	1164	1517	4417	509	1534	1095	3944	1415	5046	1829	1263	2733	3544	265	3179	3848	895	3179	1267	3153	2902	2248	1839	1131	2063	1552	1347	3286	710	1480	1724	3027	3762	1665	819	2628	4135	3131	1259	762	1008	3249	1824	472	1383	0	1331	3386	3826	984	3030	2575	1204	956	2909	2435	1442	1996	1398	2115	2328	4654	486	1922	1071	3064	2168	3352	2666	3453	3054	4824	1410	941	2779	3663	4050	2412	3263	
3285	3721	992	799	2856	879	5280	3399	2991	983	3242	4844	1507	2329	2045	5357	1614	3409	2617	2088	1879	912	2201	1492	4233	972	1663	2419	2617	2008	4889	1774	1540	2254	2270	1525	2838	3901	2064	2838	1081	3402	2298	2436	864	1555	1570	1505	2201	3415	1504	1284	1257	3435	4261	1542	883	3180	4162	3220	1631	1424	2338	3255	1283	1593	1511	1331	0	3497	2495	2042	2915	2599	889	2093	2955	2111	2057	1166	500	2908	1990	4649	1182	1555	1443	1768	1796	2037	2846	2823	1722	4807	2039	1025	1448	3069	3808	2066	3096	
2286	1415	2551	4002	2668	4228	1899	1811	1175	4184	957	1594	2297	3066	4357	2000	4705	174	1345	1691	1892	3435	2604	4724	1242	3061	1923	3504	5087	2010	1757	1731	2159	1632	3990	3601	1183	469	2912	1183	4346	386	1849	1143	2865	4473	2037	4753	2268	103	2680	4589	2266	787	1252	1962	3903	1211	757	277	4598	2625	3699	327	2277	2996	4646	3386	3497	0	4878	2699	726	899	4184	2838	544	1513	1998	2579	3974	1865	1613	1277	2940	1976	2341	3867	1783	4788	720	1892	4339	1447	2032	2652	4078	1837	1095	1564	742	
5547	5660	2732	3052	5237	2912	6185	5516	3860	3146	5067	5673	3738	4795	538	6218	3618	4727	4579	4118	3970	3403	4592	3376	5020	3439	3651	4913	215	4197	5600	3551	3686	3247	980	4008	3775	5117	4515	3775	3119	4971	3055	4185	2344	3729	2987	3362	4503	4837	3901	3159	2956	5177	5986	3381	3231	5109	5290	4638	3743	3796	4831	4558	2875	4061	3508	3826	2495	4878	0	4455	4154	4118	2994	4533	4391	3407	4249	2487	2553	5080	3333	5644	3632	3138	3682	1022	3213	592	4469	3254	773	5759	4244	3321	1058	3462	4598	3358	4204	
1340	2144	1859	1976	818	2252	4579	1635	2963	2081	1944	4291	843	453	3954	4686	2372	2716	1362	1085	971	1311	180	2498	3854	1079	1218	846	4603	733	4439	1532	986	2532	3985	1078	2816	3168	215	2816	2246	2401	2770	1646	2192	2080	2017	2534	441	2596	554	2463	1776	2194	2858	1489	1784	1747	3455	2479	2206	663	1008	2639	1889	520	2357	984	2042	2699	4455	0	2525	2035	2166	150	2307	2174	726	2207	2269	1158	2100	3971	862	1827	874	3564	2004	4055	2003	3276	3695	4141	695	1144	3399	3441	3544	2171	2768	
2496	1891	1934	3500	2717	3703	2366	2116	575	3691	1295	1948	1930	2947	3635	2446	4255	573	1330	1441	1588	2999	2476	4241	1389	2633	1497	3369	4363	1792	2029	1227	1768	907	3264	3271	515	1014	2738	515	3844	909	1126	887	2210	4050	1381	4266	2141	697	2361	4084	1658	1254	1926	1438	3429	1494	1255	516	4171	2279	3527	404	1647	2706	4184	3030	2915	726	4154	2525	0	491	3670	2674	361	833	1800	1908	3407	1991	946	1734	2554	1360	1959	3145	1133	4077	674	1240	3628	1893	1831	2187	3374	1246	1028	883	243	
2077	1645	1659	3118	2246	3338	2741	1751	996	3304	1021	2363	1472	2456	3585	2831	3844	821	875	952	1108	2578	1986	3849	1849	2205	1058	2878	4320	1303	2470	835	1317	976	3290	2809	881	1319	2248	881	3463	865	1251	398	1989	3625	1175	3876	1651	818	1892	3706	1373	1074	1868	1065	3029	1161	1595	622	3749	1817	3038	684	1392	2231	3779	2575	2599	899	4118	2035	491	0	3297	2184	359	715	1309	1720	3076	1555	785	2105	2108	1089	1507	3096	926	3971	362	1542	3524	2272	1341	1777	3250	1612	1512	762	734	
3505	4159	1821	196	2958	97	6028	3739	3815	153	3770	5617	1963	2292	2641	6113	736	4118	3120	2606	2384	867	2346	606	5029	1200	2267	2215	3063	2417	5682	2463	2062	3095	2999	1245	3657	4616	2098	3657	192	4030	3164	3062	1750	748	2392	622	2471	4093	1749	416	2052	3991	4784	2239	385	3657	4889	3910	791	1728	2050	3976	2102	1647	628	1204	889	4184	2994	2166	3670	3297	0	2156	3655	2908	2458	2044	485	3239	2787	5393	1393	2340	1905	2484	2595	2443	3490	3699	2261	5556	2431	1538	2050	3942	4615	2868	3871	
1374	2236	1971	1969	802	2244	4713	1708	3112	2062	2066	4432	974	312	4037	4822	2315	2858	1497	1234	1121	1317	255	2454	4000	1122	1362	696	4675	883	4581	1678	1124	2678	4086	1014	2966	3307	80	2966	2223	2535	2913	1794	2293	2019	2152	2491	572	2735	642	2433	1901	2317	2960	1628	1771	1861	3593	2621	2143	760	863	2784	2015	520	2307	956	2093	2838	4533	150	2674	2184	2156	0	2453	2321	875	2323	2290	1246	2246	4108	912	1964	1000	3656	2146	4119	2147	3422	3768	4278	843	1240	3475	3588	3692	2317	2917	
2157	1533	2007	3475	2418	3696	2389	1760	936	3660	934	2026	1808	2709	3864	2482	4196	464	1029	1243	1423	2927	2238	4204	1547	2554	1408	3140	4597	1585	2148	1194	1658	1171	3531	3136	872	962	2522	872	3820	591	1421	671	2325	3972	1500	4232	1899	471	2214	4063	1722	902	1620	1423	3384	1137	1240	268	4096	2147	3315	341	1734	2546	4132	2909	2955	544	4391	2307	361	359	3655	2453	0	993	1584	2045	3434	1665	1084	1754	2448	1432	1846	3373	1247	4274	340	1593	3826	1922	1617	2132	3559	1607	1255	1043	551	
2591	2335	1120	2750	2607	2932	3178	2356	920	2945	1715	2734	1406	2626	2876	3251	3537	1384	1396	1181	1214	2320	2184	3496	2125	1977	969	3002	3610	1488	2780	647	1236	369	2575	2693	759	1846	2367	759	3090	1565	639	892	1378	3360	551	3519	1891	1455	1851	3324	859	1788	2581	771	2704	1818	2086	1252	3474	1744	3111	1217	829	2203	3457	2435	2111	1513	3407	2174	833	715	2908	2321	993	0	1518	1076	2609	2057	122	2553	1949	569	1412	2386	315	3281	1074	1104	2833	2706	1540	1516	2567	1270	1707	51	989	
1298	1703	1523	2262	1115	2527	3892	1342	2252	2412	1346	3584	551	1152	3722	3996	2834	2003	705	364	324	1608	685	2907	3131	1258	653	1569	4419	52	3723	914	564	1886	3643	1628	2110	2467	940	2110	2582	1729	2144	920	1906	2569	1487	2940	373	1895	740	2820	1343	1585	2338	956	2109	1204	2756	1766	2697	733	1732	1919	1447	1011	2795	1442	2057	1998	4249	726	1800	1309	2458	875	1584	1518	0	1820	2416	857	1464	3275	1073	1290	614	3283	1407	3928	1289	2618	3524	3445	34	1032	3224	2764	2818	1524	2043	
3107	3179	360	1923	2893	2043	4231	3034	1872	2119	2600	3767	1381	2628	1951	4297	2748	2458	2091	1642	1516	1712	2300	2649	3134	1487	1185	2890	2675	1771	3787	1064	1280	1124	1823	2255	1727	2923	2335	1727	2235	2584	1135	1716	321	2638	546	2665	2127	2515	1696	2448	480	2732	3559	900	1945	2626	3158	2311	2733	1573	2911	2292	388	1980	2651	1996	1166	2579	2487	2207	1908	1720	2044	2323	2045	1076	1820	0	1658	2615	968	3613	1581	660	1340	1485	798	2268	2045	1657	1828	3762	1822	1121	1543	1903	2699	1026	2048	
3575	4111	1492	500	3085	437	5773	3745	3491	622	3665	5341	1880	2479	2175	5851	1213	3891	3026	2498	2281	983	2441	1047	4732	1205	2102	2481	2638	2370	5388	2244	1944	2754	2515	1519	3338	4386	2245	3338	660	3861	2792	2890	1346	1228	2069	1054	2502	3889	1776	824	1753	3869	4686	2013	682	3582	4650	3697	1275	1722	2352	3741	1782	1770	1103	1398	500	3974	2553	2269	3407	3076	485	2290	3434	2609	2416	1658	0	3247	2487	5141	1421	2050	1818	2000	2294	2023	3308	3311	1804	5300	2394	1409	1578	3559	4308	2565	3592	
534	990	2348	3043	812	3316	3625	500	2544	3174	941	3419	1407	1359	4548	3741	3519	1943	683	976	1110	2373	993	3629	3104	2056	1432	1784	5256	908	3606	1595	1413	2412	4426	2234	2436	2303	1326	2436	3343	1498	2693	1199	2737	3232	2202	3664	772	1768	1491	3573	2136	1179	1723	1717	2871	693	2573	1727	3359	1527	2018	1930	2229	1643	3497	2115	2908	1865	5080	1158	1991	1555	3239	1246	1665	2057	857	2615	3247	0	2046	3061	1850	2015	1470	4096	2056	4777	1326	3075	4367	3226	872	1885	4068	3164	2891	2081	2212	
2578	2375	999	2628	2564	2810	3297	2366	1038	2824	1760	2855	1315	2553	2801	3371	3417	1490	1399	1139	1151	2204	2119	3375	2247	1865	886	2921	3535	1430	2902	568	1147	432	2521	2587	878	1958	2289	878	2968	1645	680	911	1265	3242	435	3398	1835	1551	1757	3203	737	1848	2652	667	2584	1847	2200	1347	3356	1648	3024	1324	709	2108	3337	2328	1990	1613	3333	2100	946	785	2787	2246	1084	122	1464	968	2487	2046	0	2671	1843	448	1317	2311	193	3192	1136	1178	2744	2825	1483	1404	2475	1358	1829	85	1108	
3406	2356	3666	5218	3874	5429	636	2889	1806	5406	2120	389	3558	4325	5161	728	5950	1295	2611	2965	3161	4682	3870	5953	690	4308	3162	4765	5859	3286	634	2932	3412	2519	4687	4874	1921	808	4183	1921	5563	1582	2633	2407	3925	5727	3104	5979	3537	1379	3952	5805	3392	1887	1787	3154	5134	2371	520	1523	5851	3893	4967	1421	3377	4271	5885	4654	4649	1277	5644	3971	1734	2105	5393	4108	1754	2553	3275	3613	5141	3061	2671	0	4200	3094	3599	4686	2861	5664	1993	2400	5223	171	3308	3882	4995	2218	1056	2600	1566	
2154	2769	1223	1196	1680	1467	4832	2351	2852	1340	2408	4471	643	1163	3146	4928	1780	2905	1758	1272	1056	535	1028	1837	3942	218	1057	1334	3770	1036	4575	1345	791	2251	3242	745	2693	3397	886	2693	1510	2730	2427	1797	1474	1534	1591	1869	1089	2842	360	1748	1262	2640	3410	1179	1037	2277	3682	2679	1661	341	1331	2786	1367	433	1733	486	1182	2940	3632	862	2554	2108	1393	912	2448	1949	1073	1581	1421	1850	1843	4200	0	1442	602	2789	1685	3208	2222	2976	2864	4369	1045	476	2574	3183	3569	1926	2784	
2528	2523	578	2181	2403	2364	3725	2407	1484	2376	1940	3292	994	2276	2601	3802	2971	1871	1448	1042	967	1768	1878	2927	2691	1441	640	2610	3329	1247	3346	423	841	814	2416	2185	1324	2356	1996	1324	2521	1943	988	1056	903	2800	197	2950	1640	1902	1410	2756	298	2074	2904	342	2138	1971	2611	1701	2912	1292	2686	1712	303	1750	2889	1922	1555	1976	3138	1827	1360	1089	2340	1964	1432	569	1290	660	2050	2015	448	3094	1442	0	979	2125	260	2928	1396	1534	2488	3251	1301	983	2202	1742	2276	531	1542	
1882	2293	1001	1712	1570	1966	4231	1957	2288	1879	1866	3869	64	1311	3163	4327	2367	2304	1218	701	479	1100	961	2403	3346	726	466	1632	3845	565	3976	776	191	1744	3141	1314	2130	2797	1025	2130	2047	2145	1955	1199	1359	2131	1160	2433	821	2244	440	2290	902	2086	2883	658	1585	1767	3081	2079	2257	333	1713	2185	1016	791	2312	1071	1443	2341	3682	874	1959	1507	1905	1000	1846	1412	614	1340	1818	1470	1317	3599	602	979	0	2745	1187	3335	1626	2486	2942	3767	598	418	2642	2675	2980	1397	2192	
4579	4644	1760	2480	4314	2424	5250	4519	2885	2622	4047	4744	2796	3938	491	5291	3195	3718	3571	3125	2991	2664	3686	2992	4087	2618	2664	4113	1225	3232	4694	2542	2725	2240	515	3280	2788	4122	3650	2788	2649	3951	2065	3167	1386	3228	1969	2989	3562	3822	3015	2762	1961	4155	4964	2384	2619	4095	4308	3622	3274	2901	4067	3549	1873	3221	3083	3064	1768	3867	1022	3564	3145	3096	2484	3656	3373	2386	3283	1485	2000	4096	2311	4686	2789	2125	2745	0	2192	995	3446	2331	591	4809	3281	2419	527	2560	3656	2337	3208	
2582	2462	806	2438	2520	2618	3489	2408	1224	2634	1858	3048	1192	2457	2677	3563	3231	1666	1438	1111	1086	2026	2037	3185	2440	1695	788	2810	3411	1369	3095	493	1029	566	2433	2430	1065	2141	2184	1065	2777	1791	769	983	1084	3060	253	3207	1772	1717	1626	3011	544	1965	2782	529	2398	1922	2387	1513	3172	1512	2899	1503	516	1972	3149	2168	1796	1783	3213	2004	1133	926	2595	2146	1247	315	1407	798	2294	2056	193	2861	1685	260	1187	2192	0	3047	1262	1301	2601	3016	1423	1235	2325	1499	2021	273	1301	
5217	5435	2450	2517	4856	2357	6236	5235	3859	2596	4866	5733	3394	4364	603	6279	3043	4648	4331	3840	3672	2925	4203	2796	5076	3004	3371	4447	622	3876	5686	3319	3365	3183	1230	3515	3754	5072	4094	3754	2557	4835	3033	3983	2062	3167	2803	2782	4149	4735	3504	2583	2705	5000	5826	3126	2705	4880	5271	4532	3174	3408	4347	4478	2641	3627	2934	3352	2037	4788	592	4055	4077	3971	2443	4119	4274	3281	3928	2268	2023	4777	3192	5664	3208	2928	3335	995	3047	0	4307	3325	449	5791	3918	2948	726	3554	4642	3231	4160	
1823	1289	1948	3304	2080	3538	2619	1447	1245	3483	667	2295	1580	2392	3935	2719	3992	714	693	971	1172	2723	1924	4018	1859	2348	1222	2827	4669	1297	2436	1075	1446	1334	3649	2881	1159	1185	2218	1159	3646	557	1606	429	2297	3755	1504	4048	1584	621	1960	3890	1662	714	1520	1306	3197	833	1473	477	3881	1905	3010	642	1697	2278	3935	2666	2846	720	4469	2003	674	362	3490	2147	340	1074	1289	2045	3308	1326	1136	1993	2222	1396	1626	3446	1262	4307	0	1858	3862	2164	1323	1952	3584	1900	1588	1119	886	
3605	3125	1903	3572	3690	3700	2932	3292	718	3769	2516	2421	2489	3729	2788	2967	4393	1718	2393	2272	2317	3267	3288	4305	1766	2963	2064	4099	3469	2590	2362	1745	2322	746	2289	3717	726	1977	3467	726	3890	2143	554	1877	1965	4261	1393	4321	2991	1895	2926	4105	1742	2493	3138	1829	3574	2690	2095	1741	4363	2813	4198	1575	1656	3274	4299	3453	2823	1892	3254	3276	1240	1542	3699	3422	1593	1104	2618	1657	3311	3075	1178	2400	2976	1534	2486	2331	1301	3325	1858	0	2898	2508	2641	2512	2709	252	1347	1106	1150	
4819	5002	2027	2304	4484	2186	5799	4818	3417	2411	4428	5298	3000	4026	399	5844	2922	4199	3902	3420	3259	2631	3836	2692	4641	2668	2951	4140	908	3472	5257	2884	2960	2735	955	3238	3309	4625	3749	3309	2401	4389	2590	3544	1637	3006	2359	2683	3761	4287	3141	2467	2274	4558	5382	2697	2475	4447	4825	4084	3031	3039	4059	4030	2205	3291	2810	3054	1722	4339	773	3695	3628	3524	2261	3768	3826	2833	3524	1828	1804	4367	2744	5223	2864	2488	2942	591	2601	449	3862	2898	0	5351	3517	2569	300	3132	4206	2782	3713	
3564	2505	3822	5382	4038	5592	473	3046	1938	5570	2286	278	3727	4495	5281	560	6116	1463	2781	3135	3331	4849	4040	6118	760	4476	3329	4934	5974	3457	537	3096	3580	2660	4797	5044	2058	979	4353	2058	5727	1751	2765	2576	4075	5895	3257	6144	3707	1550	4122	5968	3549	2050	1914	3318	5300	2535	690	1693	6019	4062	5137	1588	3532	4442	6051	4824	4807	1447	5759	4141	1893	2272	5556	4278	1922	2706	3445	3762	5300	3226	2825	171	4369	3251	3767	4809	3016	5791	2164	2508	5351	0	3479	4048	5128	2317	1161	2753	1718	
1304	1729	1520	2235	1103	2501	3926	1360	2280	2384	1377	3617	535	1123	3718	4030	2803	2037	737	393	337	1579	658	2877	3164	1231	662	1538	4413	54	3757	930	558	1907	3645	1595	2137	2501	908	2137	2554	1762	2163	952	1902	2537	1497	2910	352	1929	709	2792	1346	1617	2367	964	2081	1233	2789	1800	2666	705	1700	1952	1451	978	2764	1410	2039	2032	4244	695	1831	1341	2431	843	1617	1540	34	1822	2394	872	1483	3308	1045	1301	598	3281	1423	3918	1323	2641	3517	3479	0	1014	3217	2788	2850	1544	2074	
2281	2706	761	1352	1916	1590	4518	2374	2432	1532	2258	4129	481	1532	2813	4608	2070	2595	1617	1090	872	813	1272	2073	3572	461	730	1770	3476	982	4216	960	536	1797	2846	1206	2271	3093	1240	2271	1695	2492	1961	1524	1055	1864	1122	2101	1203	2559	598	1938	787	2468	3279	760	1252	2174	3372	2381	1984	482	1793	2461	891	860	2002	941	1025	2652	3321	1144	2187	1777	1538	1240	2132	1516	1032	1121	1409	1885	1404	3882	476	983	418	2419	1235	2948	1952	2512	2569	4048	1014	0	2271	2725	3181	1488	2406	
4519	4711	1730	2074	4186	1981	5581	4520	3191	2196	4140	5086	2700	3736	603	5631	2737	3942	3608	3123	2960	2360	3539	2520	4430	2381	2653	3860	1205	3173	5056	2593	2660	2491	1006	2971	3076	4377	3457	3076	2201	4115	2364	3258	1340	2798	2080	2514	3462	4023	2846	2291	1981	4275	5101	2403	2235	4155	4586	3819	2832	2742	3786	3773	1915	3003	2624	2779	1448	4078	1058	3399	3374	3250	2050	3475	3559	2567	3224	1543	1578	4068	2475	4995	2574	2202	2642	527	2325	726	3584	2709	300	5128	3217	2271	0	2949	3993	2517	3469	
3688	3135	2138	3812	3813	3945	2728	3346	678	4009	2541	2213	2673	3891	3008	2756	4631	1663	2482	2410	2473	3491	3442	4547	1564	3180	2239	4272	3678	2739	2140	1917	2504	934	2490	3926	741	1864	3636	741	4133	2123	783	1973	2213	4494	1613	4565	3135	1854	3115	4350	1966	2493	3088	2021	3810	2732	1952	1720	4599	3005	4381	1536	1884	3465	4539	3663	3069	1837	3462	3441	1246	1612	3942	3588	1607	1270	2764	1903	3559	3164	1358	2218	3183	1742	2675	2560	1499	3554	1900	252	3132	2317	2788	2725	2949	0	1162	1280	1111	
3350	2507	2816	4455	3666	4639	1594	2896	828	4650	2034	1093	2954	3957	4124	1639	5234	968	2281	2463	2616	3994	3486	5202	439	3635	2515	4384	4814	2813	1088	2228	2789	1576	3636	4294	973	866	3758	973	4796	1478	1636	1898	3020	5044	2238	5225	3148	1170	3388	5032	2565	1881	2221	2422	4403	2281	846	1166	5162	3304	4549	961	2527	3734	5157	4050	3808	1095	4598	3544	1028	1512	4615	3692	1255	1707	2818	2699	4308	2891	1829	1056	3569	2276	2980	3656	2021	4642	1588	1347	4206	1161	2850	3181	3993	1162	0	1748	789	
2614	2375	1075	2711	2619	2891	3225	2387	954	2907	1756	2779	1393	2623	2827	3298	3501	1435	1425	1192	1216	2289	2185	3458	2168	1949	960	2995	3562	1492	2823	640	1224	363	2531	2671	794	1897	2362	794	3050	1614	624	925	1329	3327	504	3480	1896	1506	1836	3284	817	1833	2628	749	2668	1855	2135	1302	3440	1728	3100	1268	784	2188	3420	2412	2066	1564	3358	2171	883	762	2868	2317	1043	51	1524	1026	2565	2081	85	2600	1926	531	1397	2337	273	3231	1119	1106	2782	2753	1544	1488	2517	1280	1748	0	1036	
2708	2038	2107	3705	2950	3901	2189	2308	437	3897	1466	1749	2165	3190	3695	2263	4470	569	1560	1684	1830	3219	2719	4448	1165	2856	1728	3612	4416	2035	1813	1448	2001	978	3289	3506	447	914	2981	447	4048	1013	1150	1129	2359	4270	1539	4473	2384	746	2599	4287	1839	1391	1989	1651	3641	1682	1119	611	4390	2515	3770	427	1817	2945	4396	3263	3096	742	4204	2768	243	734	3871	2917	551	989	2043	2048	3592	2212	1108	1566	2784	1542	2192	3208	1301	4160	886	1150	3713	1718	2074	2406	3469	1111	789	1036	0	


0	 CF147EF 	 0 	 0 	 540  	 1080  	 0  	 0 

1	 CF147TS 	 1 	 1 	 720  	 960  	 9  	 4 
2	 CF141JY 	 1 	 10 	 540  	 780  	 10  	 5 
3	 CF52EG 	 1 	 1 	 660  	 900  	 10  	 5 
4	 CF147JR 	 1 	 4 	 660  	 900  	 6  	 3 
5	 CF52YJ 	 1 	 8 	 720  	 960  	 6  	 3 
6	 CF149JJ 	 1 	 10 	 600  	 840  	 9  	 4 
7	 CF147HG	 1 	 1 	 540  	 780  	 6  	 3 
8	 CF145DU	 1 	 1 	 540  	 780  	 10  	 5 
9	 CF52LU 	 1 	 6 	 540  	 780  	 7  	 3 
10	 CF146UG	 1 	 1 	 660  	 900  	 10  	 5 
11	 CF149BY 	 0 	 17 	 720  	 960  	 6  	 3 
12	 CF141EH 	 1 	 6 	 720  	 960  	 9  	 4 
13	 CF142HP 	 1 	 2 	 660  	 900  	 5  	 2 
14	 CF244JU 	 1 	 4 	 540  	 780  	 9  	 4 
15	 CF140FL 	 1 	 2 	 720  	 960  	 9  	 4 
16	 CF52JS 	 1 	 8 	 720  	 960  	 5  	 2 
17	 CF146PJ 	 1 	 2 	 720  	 960  	 5  	 2 
18	 CF146ER 	 1 	 5 	 660  	 900  	 9  	 4 
19	 CF146BG 	 1 	 10 	 660  	 900  	 8  	 4 
20	 CF141AR 	 1 	 7 	 540  	 780  	 7  	 3 
21	 CF142JF 	 1 	 3 	 540  	 780  	 8  	 4 
22	 CF142BY 	 1 	 9 	 720  	 960  	 8  	 4 
23	 CF52BD 	 1 	 3 	 660  	 900  	 5  	 2 
24	 CF145AD	 1 	 5 	 540  	 780  	 10  	 5 
25	 CF142HT 	 1 	 3 	 540  	 780  	 9  	 4 
26	 CF141PW	 1 	 6 	 540  	 780  	 8  	 4 
27	 CF52PF 	 1 	 10 	 660  	 900  	 5  	 2 
28	 CF244YE 	 1 	 10 	 600  	 840  	 10  	 5 
29	 CF142AX 	 1 	 8 	 720  	 960  	 9  	 4 
30	 CF149DH	 1 	 1 	 540  	 780  	 10  	 5 
31	 CF141SU 	 0 	 14 	 600  	 840  	 8  	 4 
32	 CF141DN	 1 	 3 	 600  	 840  	 8  	 4 
33	 CF144JZ 	 1 	 5 	 720  	 960  	 6  	 3 
34	 CF244QS 	 1 	 3 	 660  	 900  	 6  	 3 
35	 CF52PB 	 1 	 6 	 660  	 900  	 10  	 5 
36	 CF148GS 	 1 	 5 	 540  	 780  	 10  	 5 
37	 CF145JD 	 1 	 5 	 720  	 960  	 9  	 4 
38	 CF142BL 	 1 	 3 	 540  	 780  	 7  	 3 
39	 CF148EU 	 1 	 2 	 720  	 960  	 10  	 5 
40	 CF52HT 	 1 	 2 	 720  	 960  	 5  	 2 
41	 CF146LB 	 1 	 5 	 540  	 780  	 9  	 4 
42	 CF144ND	 1 	 4 	 720  	 960  	 7  	 3 
43	 CF146DE 	 1 	 8 	 600  	 840  	 5  	 2 
44	 CF143HU	 1 	 10 	 720  	 960  	 10  	 5 
45	 CF52LG 	 1 	 1 	 660  	 900  	 7  	 3 
46	 CF141UA	 1 	 5 	 720  	 960  	 6  	 3 
47	 CF52BW 	 1 	 2 	 600  	 840  	 9  	 4 
48	 CF142AN	 1 	 5 	 660  	 900  	 5  	 2 
49	 CF146RD 	 1 	 3 	 660  	 900  	 8  	 4 
50	 CF141NA	 1 	 2 	 660  	 900  	 9  	 4 
51	 CF52JF 	 1 	 5 	 540  	 780  	 9  	 4 
52	 CF141DZ 	 1 	 8 	 540  	 780  	 5  	 2 
53	 CF146SD 	 1 	 4 	 660  	 900  	 10  	 5 
54	 CF146TQ 	 1 	 4 	 540  	 780  	 8  	 4 
55	 CF141QN	 1 	 6 	 720  	 960  	 7  	 3 
56	 CF52EN 	 1 	 7 	 660  	 900  	 7  	 3 
57	 CF146JA 	 1 	 7 	 720  	 960  	 10  	 5 
58	 CF149BE 	 1 	 5 	 540  	 780  	 9  	 4 
59	 CF146NG	 1 	 4 	 720  	 960  	 7  	 3 
60	 CF52JR 	 1 	 9 	 600  	 840  	 7  	 3 
61	 CF141PG 	 1 	 8 	 600  	 840  	 9  	 4 
62	 CF52RN 	 1 	 4 	 600  	 840  	 6  	 3 
63	 CF146PE 	 1 	 8 	 600  	 840  	 9  	 4 
64	 CF141EJ 	 1 	 6 	 660  	 900  	 8  	 4 
65	 CF142BB 	 1 	 1 	 600  	 840  	 10  	 5 
66	 CF52HD 	 1 	 2 	 600  	 840  	 8  	 4 
67	 CF142JP 	 0 	 5 	 660  	 900  	 5  	 2 
68	 CF142RD 	 1 	 1 	 660  	 900  	 7  	 3 
69	 CF146RG 	 1 	 3 	 600  	 840  	 8  	 4 
70	 CF244AR 	 1 	 2 	 540  	 780  	 8  	 4 
71	 CF142BS 	 0 	 16 	 720  	 960  	 8  	 4 
72	 CF145FL 	 0 	 9 	 720  	 960  	 10  	 5 
73	 CF146AP 	 0 	 4 	 600  	 840  	 6  	 3 
74	 CF52DU 	 1 	 3 	 540  	 780  	 9  	 4 
75	 CF142BP 	 1 	 4 	 600  	 840  	 8  	 4 
76	 CF146NX	 1 	 6 	 600  	 840  	 10  	 5 
77	 CF144QL 	 1 	 5 	 660  	 900  	 7  	 3 
78	 CF141BT 	 1 	 4 	 660  	 900  	 6  	 3 
79	 CF143BA 	 1 	 8 	 600  	 840  	 10  	 5 
80	 CF52AZ 	 1 	 5 	 600  	 840  	 8  	 4 
81	 CF147DB 	 1 	 3 	 660  	 900  	 5  	 2 
82	 CF144QN	 1 	 9 	 720  	 960  	 10  	 5 
83	 CF149EA 	 0 	 16 	 720  	 960  	 5  	 2 
84	 CF142LB 	 1 	 4 	 600  	 840  	 6  	 3 
85	 CF141UP 	 1 	 10 	 660  	 900  	 5  	 2 
86	 CF141DS 	 1 	 7 	 720  	 960  	 10  	 5 
87	 CF244LA 	 1 	 3 	 660  	 900  	 7  	 3 
88	 CF144QR	 1 	 7 	 540  	 780  	 7  	 3 
89	 CF103DU	 1 	 5 	 660  	 900  	 10  	 5 
90	 CF146NN	 1 	 6 	 540  	 780  	 7  	 3 
91	 CF144HW 1 	 2 	 600  	 840  	 6  	 3 
92	 CF103EP 	 1 	 4 	 600  	 840  	 8  	 4 
93	 CF149EJ 	 1 	 5 	 720  	 960  	 9  	 4 
94	 CF142AB 	 1 	 7 	 720  	 960  	 8  	 4 
95	 CF142NT 	 1 	 5 	 720  	 960  	 7  	 3 
96	 CF103EX 	 1 	 3 	 540  	 780  	 7  	 3 
97	 CF145LQ 	 0 	 8 	 720  	 960  	 9  	 4 
98	 CF145DD	 1 	 5 	 540  	 780  	 6  	 3 
99	 CF144QE 	 1 	 4 	 540  	 780  	 10  	 5 
100	 CF145EY 	 0 	 8 	 660  	 900  	 7  	 3 
