100

1200
32
10
500

0	2022	1807	1313	3984	2005	2364	1294	4029	2414	3757	1782	4096	3473	2371	1143	2550	1572	2831	3222	1590	1191	1703	2875	2068	712	909	1745	2827	3621	1614	4586	702	990	3080	938	2430	2019	2774	1085	1500	744	790	2525	1289	1753	1143	583	572	762	2585	4779	1143	1544	1018	3349	2179	2987	1554	4682	889	637	2863	1143	2424	2015	2191	2667	936	2076	1067	616	1279	1493	3511	2575	1317	1400	340	214	4470	3411	383	1221	2516	1851	1895	1739	647	1437	3367	3057	1802	895	3706	3989	1396	4127	1248	1858	1479	
2022	0	748	3284	5665	3827	4253	818	5857	4396	5524	2816	5913	5483	3976	2287	4572	2573	4493	5235	1776	2554	2554	1326	622	1314	1223	3690	4585	5636	1088	6293	2392	2774	5096	2945	4421	3701	4377	3043	680	2629	1527	4528	3135	804	2287	1995	1510	2781	1198	6487	2287	3189	1938	5127	3941	4995	3154	6380	2807	1438	4771	2287	991	3347	4105	4682	2958	3923	1230	2636	3227	2706	5296	1068	2674	2819	1967	2237	6200	5221	2383	855	4529	3832	3834	489	2525	657	5118	4984	3647	2879	5705	5975	1464	5874	976	513	1906	
1807	748	0	2917	5072	3781	4164	560	5326	4216	4969	2153	5376	5247	3394	1708	4269	2807	4546	4992	1065	1995	2835	1073	296	1209	898	3552	4586	5384	375	5703	2358	2331	4844	2635	4227	3731	4457	2892	371	2521	1101	4313	2692	74	1708	1572	1235	2506	801	5895	1708	3221	1374	4583	3420	4766	3205	5786	2683	1171	4668	1708	621	3514	3996	4343	2694	3862	1428	2373	3085	2879	4751	770	2099	2247	1633	2010	5620	4690	2190	1016	4289	3456	3416	298	2153	492	4562	4864	3177	2546	5491	5784	1823	5305	1238	235	2241	
1313	3284	2917	0	2795	1690	1797	2495	2748	1558	2515	1692	2820	2403	1399	1442	1371	2368	2582	2146	2264	1205	2544	3917	3207	2007	2079	1211	2428	2517	2624	3364	1455	649	1988	403	1532	1950	2620	941	2684	1160	1819	1556	410	2850	1442	1345	1774	604	3607	3553	1442	1733	1646	2112	1047	1949	1801	3463	1068	1846	2161	1442	3488	2376	1605	1427	529	1687	2370	736	1003	2166	2265	3640	1217	1147	1319	1116	3236	2151	1058	2525	1482	548	590	2931	767	2653	2149	2286	626	417	2671	2992	2640	2889	2560	3029	2596	
3984	5665	5072	2795	0	4051	3858	4853	720	3340	427	2958	679	3138	1689	3381	2577	5149	4736	3027	4063	3110	5328	5800	5360	4575	4474	3599	4454	3069	4702	631	4249	3006	2929	3190	3258	4421	4860	3673	4988	3952	4155	3129	2697	4998	3381	3725	4268	3387	5504	823	3381	4394	3728	721	1806	3075	4473	716	3846	4331	3864	3381	5475	5021	3735	2335	3322	3984	5036	3504	3660	4933	620	5604	2992	2845	3841	3828	562	765	3822	5076	2975	2426	2248	5212	3339	5011	655	3811	2200	3165	3375	3660	5376	349	5176	5262	5380	
2005	3827	3781	1690	4051	0	467	3236	3738	889	3674	3297	3824	1953	3018	2857	1576	1649	905	1766	3534	2717	1807	4854	4018	2586	2894	492	828	2138	3616	4502	1441	2162	1695	1560	965	390	930	968	3442	1265	2791	1127	2081	3733	2857	2464	2564	1533	4574	4666	2857	706	2903	3332	2602	1524	775	4602	1118	2621	974	2857	4402	1099	413	1820	1384	115	2615	1597	790	1398	3440	4550	2778	2754	2277	1834	4352	3297	1638	2974	1242	1722	1952	3662	2003	3355	3410	1202	2225	1684	2084	2277	2586	4024	2871	3792	2275	
2364	4253	4164	1797	3858	467	0	3629	3477	536	3461	3474	3564	1503	3010	3104	1297	2114	885	1333	3832	2929	2270	5236	4412	2987	3269	644	650	1690	3976	4263	1862	2356	1281	1770	620	799	1002	1284	3836	1646	3137	774	2206	4112	3104	2770	2934	1791	4948	4417	3104	1173	3192	3149	2575	1102	1242	4362	1481	2995	519	3104	4784	1519	194	1547	1618	354	3054	1883	1090	1864	3239	4934	2972	2926	2606	2176	4109	3094	1985	3399	916	1682	1919	4063	2258	3756	3237	741	2243	1895	1620	1810	3045	3794	3308	4191	2741	
1294	818	560	2495	4853	3236	3629	0	5039	3708	4708	2053	5095	4764	3164	1485	3815	2261	3990	4511	1119	1743	2300	1624	783	653	416	3028	4035	4908	578	5480	1805	1962	4367	2177	3725	3175	3899	2368	207	1983	710	3819	2324	528	1485	1182	736	2028	1360	5675	1485	2664	1136	4310	3123	4278	2647	5569	2150	665	4138	1485	1174	2957	3465	3909	2213	3320	906	1888	2560	2324	4478	1319	1866	2010	1178	1505	5386	4403	1674	530	3805	3042	3031	445	1730	162	4302	4339	2833	2100	4999	5284	1340	5058	761	564	1733	
4029	5857	5326	2748	720	3738	3477	5039	0	2943	432	3305	87	2552	1965	3618	2181	5011	4327	2480	4374	3331	5192	6141	5620	4677	4639	3327	4027	2459	4968	807	4176	3103	2406	3150	2858	4123	4471	3527	5195	3863	4330	2712	2756	5252	3618	3869	4394	3351	5836	944	3618	4177	3954	749	1916	2570	4260	900	3731	4461	3400	3618	5783	4775	3381	1931	3249	3657	5096	3484	3478	4778	585	5921	3228	3080	3944	3848	651	637	3805	5193	2564	2281	2161	5430	3403	5200	794	3314	2235	3154	2765	3027	5387	423	5264	5496	5332	
2414	4396	4216	1558	3340	889	536	3708	2943	0	2937	3246	3030	1126	2610	2967	767	2490	1396	907	3751	2754	2658	5274	4482	3093	3320	725	1119	1301	3986	3732	2045	2182	815	1650	85	1273	1529	1353	3914	1772	3142	243	1961	4158	2967	2725	2983	1731	4975	3884	2967	1533	3112	2637	2170	657	1613	3830	1592	3050	630	2967	4826	1989	480	1015	1542	783	3246	1852	1172	2234	2720	4979	2774	2704	2599	2207	3577	2575	2033	3550	380	1301	1531	4151	2164	3847	2729	728	1886	1767	1316	1579	3309	3265	3491	4272	3056	
3757	5524	4969	2515	427	3674	3461	4708	432	2937	0	2912	443	2711	1582	3262	2171	4839	4333	2601	3995	2980	5019	5756	5261	4381	4315	3233	4047	2645	4606	855	3965	2802	2504	2916	2854	4049	4462	3354	4855	3660	4001	2721	2469	4895	3262	3551	4086	3117	5453	1040	3262	4050	3603	407	1595	2652	4131	955	3542	4152	3449	3262	5408	4668	3344	1926	3033	3602	4820	3241	3327	4615	251	5543	2871	2722	3644	3587	722	380	3563	4891	2568	2099	1944	5087	3119	4868	407	3390	1955	2905	2950	3237	5135	375	4975	5146	5111	
1782	2816	2153	1692	2958	3297	3474	2053	3305	3246	2912	0	3342	3977	1343	664	2921	3350	4201	3730	1110	617	3485	2847	2430	2029	1760	2855	4085	4058	1778	3585	2421	1135	3568	1736	3214	3475	4207	2371	2141	2297	1458	3221	1285	2080	664	1234	1702	1791	2548	3775	664	3110	957	2557	1533	3567	3151	3664	2337	1739	3853	664	2517	3690	3280	2881	1916	3318	2558	1775	2520	3247	2720	2646	524	548	1465	1779	3515	2688	1922	2425	3127	2033	1867	2336	1355	2195	2514	3974	1504	1614	4261	4594	3005	3219	2597	2362	3208	
4096	5913	5376	2820	679	3824	3564	5095	87	3030	443	3342	0	2635	2005	3668	2268	5091	4414	2564	4417	3381	5272	6182	5670	4741	4697	3412	4114	2540	5016	722	4252	3165	2491	3222	2945	4208	4558	3606	5249	3939	4386	2799	2820	5302	3668	3928	4455	3423	5877	857	3668	4260	4005	793	1972	2656	4342	814	3809	4522	3487	3668	5827	4859	3468	2018	3323	3743	5163	3555	3558	4858	626	5964	3277	3129	4006	3917	565	693	3877	5255	2651	2358	2234	5484	3468	5256	828	3400	2299	3224	2845	3105	5458	361	5329	5548	5407	
3473	5483	5247	2403	3138	1953	1503	4764	2552	1126	2711	3977	2635	0	3015	3841	1057	3594	2096	257	4666	3588	3757	6284	5524	4171	4362	1850	1772	188	4987	3353	3162	3050	415	2617	1081	2301	2281	2452	4966	2878	4152	957	2752	5185	3841	3704	4030	2741	5979	3464	3841	2638	4044	2549	2606	488	2715	3440	2698	4099	1124	3841	5844	3020	1550	1123	2554	1838	4358	2877	2281	3340	2562	5997	3575	3474	3615	3260	3198	2428	3102	4646	959	1950	2112	5209	3120	4910	2659	936	2483	2717	289	626	4434	2952	4600	5323	4179	
2371	3976	3394	1399	1689	3018	3010	3164	1965	2610	1582	1343	2005	3015	0	1694	2033	3716	3868	2797	2414	1421	3885	4177	3685	2911	2789	2526	3660	3049	3028	2318	2761	1382	2643	1727	2550	3319	3936	2339	3300	2504	2468	2492	1141	3320	1694	2050	2596	1901	3873	2511	1694	3132	2040	1216	440	2701	3199	2405	2444	2656	3237	1694	3826	3775	2835	1898	1899	2992	3394	1987	2397	3534	1380	3961	1303	1157	2186	2244	2228	1345	2280	3402	2357	1328	1091	3525	1730	3322	1179	3287	796	1662	3303	3639	3765	1911	3515	3578	3826	
1143	2287	1708	1442	3381	2857	3104	1485	3618	2967	3262	664	3668	3841	1694	0	2797	2716	3751	3585	839	293	2843	2580	2002	1373	1141	2463	3674	3949	1351	4010	1815	794	3426	1336	2951	2982	3733	1895	1609	1738	825	2990	1101	1634	0	575	1044	1326	2268	4204	0	2570	349	2875	1718	3391	2601	4096	1810	1085	3535	0	2187	3114	2912	2814	1488	2897	1900	1267	2067	2630	3043	2332	391	540	813	1174	3921	2983	1341	1796	2923	1914	1815	1831	854	1639	2855	3686	1519	1213	4112	4434	2342	3602	1954	1885	2545	
2550	4572	4269	1371	2577	1576	1297	3815	2181	767	2171	2921	2268	1057	2033	2797	0	3029	2162	808	3628	2538	3207	5284	4553	3262	3404	1226	1877	1152	3988	2966	2382	2012	647	1639	683	1966	2296	1651	4012	2069	3168	552	1701	4203	2797	2704	3080	1792	4975	3120	2797	2108	3017	1882	1603	671	2192	3064	1897	3152	1306	2797	4851	2652	1202	250	1615	1486	3524	1936	1525	2778	1958	5004	2520	2417	2643	2336	2812	1812	2203	3761	398	894	1060	4258	2118	3968	1978	1297	1434	1723	1339	1673	3679	2498	3749	4364	3501	
1572	2573	2807	2368	5149	1649	2114	2261	5011	2490	4839	3350	5091	3594	3716	2716	3029	0	2032	3393	3039	2747	181	3813	2959	1680	2091	1815	2206	3777	2799	5694	967	2406	3304	1996	2553	1357	1881	1486	2436	1215	2183	2706	2576	2786	2716	2148	1872	1815	3588	5877	2716	958	2557	4448	3410	3145	880	5794	1304	1888	2600	2716	3386	798	2045	3241	1840	1764	1389	1736	1541	255	4589	3514	2866	2927	1905	1581	5557	4463	1475	1809	2786	2741	2901	2588	2074	2317	4496	2832	2989	2055	3733	3919	1127	5212	1619	2725	711	
2831	4493	4546	2582	4736	905	885	3990	4327	1396	4333	4201	4414	2096	3868	3751	2162	2032	0	2006	4398	3619	2136	5613	4761	3337	3683	1371	324	2277	4420	5122	2192	3067	2007	2465	1479	817	197	1856	4191	2090	3620	1617	2980	4505	3751	3331	3367	2430	5347	5271	3751	1326	3776	4030	3439	1824	1347	5220	1969	3417	984	3751	5164	1251	1040	2409	2288	895	3263	2484	1688	1830	4116	5308	3683	3659	3128	2682	4967	3971	2486	3658	1768	2546	2782	4394	2898	4092	4120	1161	3086	2588	2104	2167	3125	4659	3517	4529	2738	
3222	5235	4992	2146	3027	1766	1333	4511	2480	907	2601	3730	2564	257	2797	3585	808	3393	2006	0	4410	3334	3559	6028	5269	3922	4109	1623	1683	403	4731	3286	2927	2794	161	2361	853	2129	2183	2210	4713	2638	3897	718	2498	4929	3585	3447	3776	2487	5722	3409	3585	2436	3787	2406	2380	250	2514	3377	2457	3846	1022	3585	5588	2851	1355	899	2300	1653	4118	2624	2043	3138	2435	5741	3322	3223	3360	3009	3130	2296	2852	4400	706	1700	1867	4956	2864	4658	2515	873	2240	2460	531	865	4205	2865	4358	5070	3962	
1590	1776	1065	2264	4063	3534	3832	1119	4374	3751	3995	1110	4417	4666	2414	839	3628	3039	4398	4410	0	1122	3128	1771	1329	1403	1006	3189	4361	4779	694	4692	2286	1617	4252	2101	3743	3595	4353	2569	1137	2313	856	3794	1939	995	839	1070	1167	2044	1463	4882	839	3132	642	3625	2513	4208	3144	4771	2429	1155	4292	839	1414	3590	3645	3652	2225	3589	1883	1950	2756	3021	3792	1548	1185	1326	1272	1718	4618	3746	1912	1607	3736	2751	2654	1287	1589	1224	3592	4457	2351	1985	4934	5251	2352	4315	1824	1288	2674	
1191	2554	1995	1205	3110	2717	2929	1743	3331	2754	2980	617	3381	3588	1421	293	2538	2747	3619	3334	1122	0	2887	2872	2290	1553	1376	2296	3521	3690	1642	3739	1808	575	3174	1163	2732	2875	3615	1773	1880	1681	1055	2761	837	1922	293	694	1225	1193	2560	3933	293	2498	624	2590	1426	3147	2536	3826	1725	1277	3339	293	2480	3074	2735	2543	1333	2747	2069	1165	1931	2636	2758	2625	135	268	898	1168	3646	2695	1306	2012	2685	1648	1536	2108	742	1901	2573	3478	1230	1038	3863	4188	2491	3323	2151	2167	2651	
1703	2554	2835	2544	5328	1807	2270	2300	5192	2658	5019	3485	5272	3757	3885	2843	3207	181	2136	3559	3128	2887	0	3819	2971	1748	2160	1990	2328	3941	2851	5874	1128	2564	3473	2168	2722	1499	1977	1667	2466	1388	2275	2877	2744	2819	2843	2271	1963	1985	3606	6057	2843	1125	2669	4627	3584	3312	1045	5974	1482	1973	2748	2843	3400	887	2208	3420	2015	1922	1408	1901	1722	429	4769	3524	3008	3074	2030	1727	5738	4643	1631	1826	2959	2922	3080	2604	2228	2343	4675	2979	3164	2224	3890	4069	1092	5392	1622	2740	654	
2875	1326	1073	3917	5800	4854	5236	1624	6141	5274	5756	2847	6182	6284	4177	2580	5284	3813	5613	6028	1771	2872	3819	0	858	2277	1967	4620	5658	6415	1297	6424	3429	3298	5877	3667	5282	4799	5519	3960	1422	3594	2135	5361	3647	1123	2580	2583	2303	3552	312	6611	2580	4287	2293	5392	4282	5807	4268	6499	3755	2241	5738	2580	453	4551	5066	5340	3741	4935	2424	3424	4154	3909	5557	305	2949	3093	2677	3073	6359	5514	3257	2004	5330	4441	4375	1230	3168	1524	5355	5932	4098	3569	6535	6834	2750	6066	2197	1093	3189	
2068	622	296	3207	5360	4018	4412	783	5620	4482	5261	2430	5670	5524	3685	2002	4553	2959	4761	5269	1329	2290	2971	858	0	1433	1163	3808	4814	5663	658	5991	2584	2625	5122	2917	4496	3949	4664	3148	576	2766	1388	4585	2987	369	2002	1863	1499	2782	639	6183	2002	3436	1670	4877	3715	5041	3415	6073	2933	1432	4920	2002	430	3692	4247	4632	2970	4103	1570	2647	3340	3051	5045	556	2392	2541	1913	2275	5909	4985	2450	1149	4565	3747	3711	372	2441	669	4855	5120	3473	2831	5765	6054	1918	5596	1350	235	2352	
712	1314	1209	2007	4575	2586	2987	653	4677	3093	4381	2029	4741	4171	2911	1373	3262	1680	3337	3922	1403	1553	1748	2277	1433	0	413	2398	3383	4323	1128	5191	1152	1579	3783	1646	3115	2522	3249	1743	857	1343	595	3218	1921	1170	1373	868	330	1474	2010	5385	1373	2012	1082	3975	2786	3684	1996	5284	1515	291	3499	1373	1827	2331	2827	3379	1647	2672	530	1328	1931	1710	4140	1972	1688	1811	736	926	5083	4050	1070	519	3216	2551	2578	1077	1278	769	3982	3704	2442	1592	4397	4672	988	4745	604	1206	1273	
909	1223	898	2079	4474	2894	3269	416	4639	3320	4315	1760	4697	4362	2789	1141	3404	2091	3683	4109	1006	1376	2160	1967	1163	413	0	2654	3706	4504	741	5099	1492	1551	3963	1765	3333	2866	3606	1994	608	1630	321	3422	1912	844	1141	773	337	1622	1681	5294	1141	2364	806	3915	2726	3879	2356	5189	1789	274	3771	1141	1515	2723	3099	3495	1809	2972	880	1485	2187	2112	4083	1666	1505	1643	763	1113	5001	4005	1292	666	3404	2626	2616	855	1314	575	3911	3966	2425	1686	4602	4891	1350	4670	853	962	1672	
1745	3690	3552	1211	3599	492	644	3028	3327	725	3233	2855	3412	1850	2526	2463	1226	1815	1371	1623	3189	2296	1990	4620	3808	2398	2654	0	1230	2022	3349	4073	1322	1728	1514	1133	770	826	1416	661	3235	1060	2507	910	1611	3498	2463	2129	2317	1148	4328	4242	2463	882	2549	2878	2110	1372	966	4173	884	2381	1120	2463	4169	1448	456	1453	976	476	2525	1241	468	1561	2993	4320	2346	2309	1971	1549	3925	2854	1363	2839	974	1235	1463	3468	1615	3161	2951	1312	1733	1259	2039	2290	2584	3591	2772	3592	2343	
2827	4585	4586	2428	4454	828	650	4035	4027	1119	4047	4085	4114	1772	3660	3674	1877	2206	324	1683	4361	3521	2328	5658	4814	3383	3706	1230	0	1954	4435	4825	2231	2956	1688	2358	1199	887	511	1794	4240	2084	3615	1326	2834	4541	3674	3292	3381	2349	5383	4971	3674	1397	3729	3755	3225	1505	1436	4922	1943	3435	661	3674	5207	1460	831	2121	2191	778	3359	2420	1611	1984	3835	5353	3574	3538	3104	2660	4670	3689	2464	3739	1480	2333	2569	4453	2821	4147	3848	838	2892	2483	1786	1864	3262	4366	3615	4586	2898	
3621	5636	5384	2517	3069	2138	1690	4908	2459	1301	2645	4058	2540	188	3049	3949	1152	3777	2277	403	4779	3690	3941	6415	5663	4323	4504	2022	1954	0	5118	3253	3329	3162	541	2750	1252	2488	2464	2613	5110	3041	4287	1120	2853	5321	3949	3833	4173	2882	6108	3357	3949	2820	4162	2508	2652	651	2897	3338	2860	4243	1309	3949	5977	3208	1733	1182	2695	2024	4521	3020	2446	3523	2510	6130	3671	3565	3752	3407	3099	2380	3252	4802	1106	2044	2192	5353	3248	5056	2620	1116	2557	2846	306	610	4606	2867	4761	5465	4357	
1614	1088	375	2624	4702	3616	3976	578	4968	3986	4606	1778	5016	4987	3028	1351	3988	2799	4420	4731	694	1642	2851	1297	658	1128	741	3349	4435	5118	0	5333	2231	2015	4579	2370	3992	3603	4345	2693	501	2352	845	4068	2371	303	1351	1286	1054	2259	992	5525	1351	3103	1029	4223	3068	4511	3096	5415	2503	1003	4468	1351	865	3457	3800	4049	2448	3690	1476	2135	2887	2838	4391	1017	1739	1888	1387	1800	5251	4333	1991	1107	4034	3153	3099	601	1871	616	4199	4656	2843	2272	5239	5541	1917	4938	1339	594	2304	
4586	6293	5703	3364	631	4502	4263	5480	807	3732	855	3585	722	3353	2318	4010	2966	5694	5122	3286	4692	3739	5874	6424	5991	5191	5099	4073	4825	3253	5333	0	4817	3617	3213	3764	3647	4882	5261	4209	5617	4513	4781	3505	3297	5628	4010	4346	4887	3964	6130	194	4010	4900	4357	1252	2410	3376	4981	101	4396	4951	4204	4010	6103	5513	4158	2717	3885	4426	5644	4086	4180	5470	1105	6232	3621	3474	4455	4423	157	1233	4406	5695	3355	2954	2798	5841	3943	5639	1221	4121	2790	3748	3557	3807	5973	484	5790	5892	5959	
702	2392	2358	1455	4249	1441	1862	1805	4176	2045	3965	2421	4252	3162	2761	1815	2382	967	2192	2927	2286	1808	1128	3429	2584	1152	1492	1322	2231	3329	2231	4817	0	1439	2804	1062	2082	1375	2115	733	2010	320	1458	2209	1620	2315	1815	1277	1183	869	3157	5004	1815	872	1719	3565	2476	2678	870	4916	485	1229	2380	1815	2977	1313	1717	2554	932	1533	1204	775	884	829	3715	3124	1920	1971	1039	643	4687	3597	511	1537	2241	1898	2023	2224	1110	1918	3603	2594	2060	1104	3360	3610	1297	4340	1453	2356	1158	
990	2774	2331	649	3006	2162	2356	1962	3103	2182	2802	1135	3165	3050	1382	794	2012	2406	3067	2794	1617	575	2564	3298	2625	1579	1551	1728	2956	3162	2015	3617	1439	0	2636	602	2163	2347	3073	1245	2135	1239	1257	2197	363	2260	794	780	1290	673	2986	3811	794	2010	1009	2396	1208	2597	2059	3711	1242	1359	2764	794	2878	2619	2163	2047	783	2185	2030	692	1386	2256	2562	3029	618	598	842	868	3506	2473	933	2091	2129	1145	1086	2379	350	2123	2404	2905	875	479	3320	3640	2386	3167	2175	2464	2450	
3080	5096	4844	1988	2929	1695	1281	4367	2406	815	2504	3568	2491	415	2643	3426	647	3304	2007	161	4252	3174	3473	5877	5122	3783	3963	1514	1688	541	4579	3213	2804	2636	0	2210	752	2068	2177	2082	4568	2510	3747	604	2337	4780	3426	3295	3631	2340	5570	3342	3426	2348	3631	2292	2224	184	2428	3306	2331	3701	1030	3426	5437	2789	1282	746	2154	1584	3991	2478	1921	3048	2329	5591	3161	3061	3211	2866	3056	2188	2713	4265	568	1538	1706	4812	2710	4514	2399	913	2079	2308	693	1026	4089	2781	4228	4924	3857	
938	2945	2635	403	3190	1560	1770	2177	3150	1650	2916	1736	3222	2617	1727	1336	1639	1996	2465	2361	2101	1163	2168	3667	2917	1646	1765	1133	2358	2750	2370	3764	1062	602	2210	0	1644	1754	2473	662	2374	781	1537	1705	603	2571	1336	1088	1444	201	3362	3953	1336	1453	1461	2512	1417	2142	1510	3863	720	1515	2201	1336	3227	2083	1577	1737	189	1585	1981	338	788	1807	2666	3380	1219	1197	1005	732	3637	2553	657	2159	1664	916	990	2620	514	2331	2547	2358	999	125	2870	3175	2239	3290	2180	2726	2195	
2430	4421	4227	1532	3258	965	620	3725	2858	85	2854	3214	2945	1081	2550	2951	683	2553	1479	853	3743	2732	2722	5282	4496	3115	3333	770	1199	1252	3992	3647	2082	2163	752	1644	0	1351	1614	1380	3930	1803	3148	162	1931	4168	2951	2724	2997	1733	4982	3800	2951	1597	3104	2556	2109	603	1678	3745	1623	3064	687	2951	4835	2065	559	931	1544	861	3281	1858	1204	2297	2638	4988	2748	2675	2606	2221	3493	2492	2051	3578	295	1249	1475	4169	2158	3866	2649	764	1835	1758	1284	1559	3354	3181	3524	4288	3109	
2019	3701	3731	1950	4421	390	799	3175	4123	1273	4049	3475	4208	2301	3319	2982	1966	1357	817	2129	3595	2875	1499	4799	3949	2522	2866	826	887	2488	3603	4882	1375	2347	2068	1754	1351	0	758	1104	3378	1283	2806	1513	2318	3689	2982	2534	2550	1684	4531	5048	2982	514	2982	3700	2916	1893	549	4983	1176	2600	1251	2982	4349	722	793	2210	1567	490	2473	1717	967	1119	3812	4494	2951	2945	2324	1878	4733	3671	1684	2858	1631	2056	2279	3584	2139	3280	3775	1482	2524	1871	2408	2573	2379	4402	2729	3718	2028	
2774	4377	4457	2620	4860	930	1002	3899	4471	1529	4462	4207	4558	2281	3936	3733	2296	1881	197	2183	4353	3615	1977	5519	4664	3249	3606	1416	511	2464	4345	5261	2115	3073	2177	2473	1614	758	0	1842	4098	2040	3559	1758	3009	4419	3733	3291	3297	2422	5259	5413	3733	1243	3739	4150	3512	1993	1253	5359	1932	3344	1163	3733	5072	1090	1135	2545	2291	944	3148	2465	1687	1691	4241	5214	3685	3669	3081	2635	5107	4096	2442	3549	1907	2623	2857	4295	2885	3996	4237	1349	3147	2594	2297	2364	2988	4794	3400	4431	2591	
1085	3043	2892	941	3673	968	1284	2368	3527	1353	3354	2371	3606	2452	2339	1895	1651	1486	1856	2210	2569	1773	1667	3960	3148	1743	1994	661	1794	2613	2693	4209	733	1245	2082	662	1380	1104	1842	0	2575	428	1854	1495	1254	2837	1895	1500	1657	581	3669	4392	1895	798	1935	2966	1982	1965	862	4310	249	1720	1778	1895	3509	1437	1107	1829	473	1020	1908	630	194	1261	3105	3660	1848	1843	1324	892	4072	2978	703	2198	1516	1256	1425	2809	1043	2503	3018	1973	1563	773	2664	2932	2030	3727	2148	2932	1861	
1500	680	371	2684	4988	3442	3836	207	5195	3914	4855	2141	5249	4966	3300	1609	4012	2436	4191	4713	1137	1880	2466	1422	576	857	608	3235	4240	5110	501	5617	2010	2135	4568	2374	3930	3378	4098	2575	0	2190	878	4023	2498	355	1609	1357	937	2229	1165	5811	1609	2866	1260	4461	3279	4482	2847	5704	2358	867	4345	1609	974	3146	3672	4102	2414	3527	1059	2090	2767	2509	4629	1116	1997	2143	1371	1709	5526	4558	1881	653	4008	3230	3211	247	1917	127	4449	4546	3002	2294	5203	5489	1467	5202	881	358	1878	
744	2629	2521	1160	3952	1265	1646	1983	3863	1772	3660	2297	3939	2878	2504	1738	2069	1215	2090	2638	2313	1681	1388	3594	2766	1343	1630	1060	2084	3041	2352	4513	320	1239	2510	781	1803	1283	2040	428	2190	0	1533	1921	1367	2471	1738	1255	1299	604	3311	4699	1738	834	1705	3261	2196	2392	863	4612	180	1357	2157	1738	3141	1394	1485	2236	631	1342	1481	547	600	1032	3409	3291	1779	1809	1041	596	4381	3289	405	1779	1944	1583	1716	2417	945	2110	3303	2362	1777	844	3086	3348	1612	4034	1722	2544	1477	
790	1527	1101	1819	4155	2791	3137	710	4330	3142	4001	1458	4386	4152	2468	825	3168	2183	3620	3897	856	1055	2275	2135	1388	595	321	2507	3615	4287	845	4781	1458	1257	3747	1537	3148	2806	3559	1854	878	1533	0	3226	1620	1035	825	480	312	1417	1834	4975	825	2322	501	3602	2414	3673	2326	4870	1674	313	3626	825	1692	2746	2959	3244	1606	2860	1119	1290	2048	2166	3770	1845	1184	1322	543	962	4683	3694	1156	972	3196	2362	2335	1122	1054	871	3595	3812	2126	1445	4401	4699	1582	4354	1139	1212	1854	
2525	4528	4313	1556	3129	1127	774	3819	2712	243	2721	3221	2799	957	2492	2990	552	2706	1617	718	3794	2761	2877	5361	4585	3218	3422	910	1326	1120	4068	3505	2209	2197	604	1705	162	1513	1758	1495	4023	1921	3226	0	1944	4252	2990	2792	3087	1810	5059	3655	2990	1753	3159	2434	2053	470	1834	3603	1741	3156	764	2990	4917	2227	721	795	1620	1023	3402	1940	1326	2451	2510	5070	2769	2688	2685	2314	3350	2364	2150	3689	154	1220	1436	4264	2217	3962	2529	795	1805	1814	1180	1473	3489	3042	3643	4380	3253	
1289	3135	2692	410	2697	2081	2206	2324	2756	1961	2469	1285	2820	2752	1141	1101	1701	2576	2980	2498	1939	837	2744	3647	2987	1921	1912	1611	2834	2853	2371	3297	1620	363	2337	603	1931	2318	3009	1254	2498	1367	1620	1944	0	2621	1101	1142	1644	763	3335	3490	1101	2051	1355	2062	891	2315	2111	3393	1322	1713	2569	1101	3233	2685	2014	1713	788	2085	2351	845	1354	2400	2226	3383	828	744	1189	1133	3181	2131	1146	2437	1859	813	728	2743	649	2485	2078	2689	521	523	3028	3354	2679	2838	2509	2828	2703	
1753	804	74	2850	4998	3733	4112	528	5252	4158	4895	2080	5302	5185	3320	1634	4203	2786	4505	4929	995	1922	2819	1123	369	1170	844	3498	4541	5321	303	5628	2315	2260	4780	2571	4168	3689	4419	2837	355	2471	1035	4252	2621	0	1634	1505	1180	2444	843	5821	1634	3180	1301	4509	3346	4704	3166	5712	2632	1118	4615	1634	671	3485	3943	4276	2633	3813	1414	2312	3031	2852	4677	823	2025	2173	1570	1953	5545	4616	2135	1008	4227	3387	3346	335	2087	481	4488	4810	3105	2480	5430	5724	1820	5230	1234	296	2233	
1143	2287	1708	1442	3381	2857	3104	1485	3618	2967	3262	664	3668	3841	1694	0	2797	2716	3751	3585	839	293	2843	2580	2002	1373	1141	2463	3674	3949	1351	4010	1815	794	3426	1336	2951	2982	3733	1895	1609	1738	825	2990	1101	1634	0	575	1044	1326	2268	4204	0	2570	349	2875	1718	3391	2601	4096	1810	1085	3535	0	2187	3114	2912	2814	1488	2897	1900	1267	2067	2630	3043	2332	391	540	813	1174	3921	2983	1341	1796	2923	1914	1815	1831	854	1639	2855	3686	1519	1213	4112	4434	2342	3602	1954	1885	2545	
583	1995	1572	1345	3725	2464	2770	1182	3869	2725	3551	1234	3928	3704	2050	575	2704	2148	3331	3447	1070	694	2271	2583	1863	868	773	2129	3292	3833	1286	4346	1277	780	3295	1088	2724	2534	3291	1500	1357	1255	480	2792	1142	1505	575	0	546	996	2276	4540	575	2085	450	3149	1958	3230	2105	4437	1362	607	3241	575	2147	2589	2585	2772	1183	2520	1376	889	1688	2075	3316	2300	829	946	243	661	4243	3235	850	1352	2752	1884	1855	1602	586	1343	3148	3415	1652	987	3958	4263	1797	3909	1471	1692	1975	
572	1510	1235	1774	4268	2564	2934	736	4394	2983	4086	1702	4455	4030	2596	1044	3080	1872	3367	3776	1167	1225	1963	2303	1499	330	337	2317	3381	4173	1054	4887	1183	1290	3631	1444	2997	2550	3297	1657	937	1299	312	3087	1644	1180	1044	546	0	1293	2014	5082	1044	2055	765	3682	2490	3545	2053	4979	1455	72	3435	1044	1852	2451	2763	3179	1478	2640	856	1153	1851	1861	3848	2003	1360	1485	459	776	4782	3762	955	808	3071	2322	2328	1181	1018	887	3684	3629	2163	1372	4267	4555	1305	4447	927	1294	1552	
762	2781	2506	604	3387	1533	1791	2028	3351	1731	3117	1791	3423	2741	1901	1326	1792	1815	2430	2487	2044	1193	1985	3552	2782	1474	1622	1148	2349	2882	2259	3964	869	673	2340	201	1733	1684	2422	581	2229	604	1417	1810	763	2444	1326	996	1293	0	3250	4153	1326	1337	1403	2713	1607	2260	1388	4062	574	1363	2249	1326	3107	1952	1602	1906	189	1571	1789	146	743	1637	2867	3260	1267	1268	875	550	3837	2754	458	1981	1783	1110	1191	2473	472	2179	2746	2420	1192	240	2986	3283	2039	3491	1993	2584	1995	
2585	1198	801	3607	5504	4574	4948	1360	5836	4975	5453	2548	5877	5979	3873	2268	4975	3588	5347	5722	1463	2560	3606	312	639	2010	1681	4328	5383	6108	992	6130	3157	2986	5570	3362	4982	4531	5259	3669	1165	3311	1834	5059	3335	843	2268	2276	2014	3250	0	6318	2268	4022	1980	5087	3972	5503	4006	6206	3469	1955	5447	2268	211	4310	4776	5029	3439	4653	2200	3124	3863	3672	5252	164	2638	2782	2376	2779	6062	5208	2966	1781	5025	4130	4062	1002	2860	1277	5051	5638	3785	3262	6231	6532	2556	5766	1987	866	2990	
4779	6487	5895	3553	823	4666	4417	5675	944	3884	1040	3775	857	3464	2511	4204	3120	5877	5271	3409	4882	3933	6057	6611	6183	5385	5294	4242	4971	3357	5525	194	5004	3811	3342	3953	3800	5048	5413	4392	5811	4699	4975	3655	3490	5821	4204	4540	5082	4153	6318	0	4204	5076	4551	1441	2603	3509	5157	113	4581	5146	4343	4204	6292	5686	4317	2871	4073	4588	5838	4276	4359	5651	1290	6421	3814	3668	4649	4615	320	1414	4597	5889	3506	3136	2984	6035	4136	5833	1413	4253	2982	3939	3658	3898	6165	665	5984	6085	6148	
1143	2287	1708	1442	3381	2857	3104	1485	3618	2967	3262	664	3668	3841	1694	0	2797	2716	3751	3585	839	293	2843	2580	2002	1373	1141	2463	3674	3949	1351	4010	1815	794	3426	1336	2951	2982	3733	1895	1609	1738	825	2990	1101	1634	0	575	1044	1326	2268	4204	0	2570	349	2875	1718	3391	2601	4096	1810	1085	3535	0	2187	3114	2912	2814	1488	2897	1900	1267	2067	2630	3043	2332	391	540	813	1174	3921	2983	1341	1796	2923	1914	1815	1831	854	1639	2855	3686	1519	1213	4112	4434	2342	3602	1954	1885	2545	
1544	3189	3221	1733	4394	706	1173	2664	4177	1533	4050	3110	4260	2638	3132	2570	2108	958	1326	2436	3132	2498	1125	4287	3436	2012	2364	882	1397	2820	3103	4900	872	2010	2348	1453	1597	514	1243	798	2866	834	2322	1753	2051	3180	2570	2085	2055	1337	4022	5076	2570	0	2535	3677	2762	2188	84	5001	773	2101	1677	2570	3838	644	1090	2333	1265	819	1962	1335	745	703	3805	3982	2588	2601	1863	1424	4756	3670	1238	2344	1839	1972	2169	3070	1755	2767	3739	1906	2348	1555	2783	2983	1891	4416	2218	3205	1570	
1018	1938	1374	1646	3728	2903	3192	1136	3954	3112	3603	957	4005	4044	2040	349	3017	2557	3776	3787	642	624	2669	2293	1670	1082	806	2549	3729	4162	1029	4357	1719	1009	3631	1461	3104	2982	3739	1935	1260	1705	501	3159	1355	1301	349	450	765	1403	1980	4551	349	2535	0	3214	2045	3581	2554	4444	1808	792	3650	349	1883	3032	3004	3056	1583	2955	1611	1312	2120	2502	3382	2031	737	884	680	1111	4267	3318	1300	1469	3106	2155	2082	1485	948	1290	3197	3816	1815	1347	4308	4622	2067	3946	1640	1543	2309	
3349	5127	4583	2112	721	3332	3149	4310	749	2637	407	2557	793	2549	1216	2875	1882	4448	4030	2406	3625	2590	4627	5392	4877	3975	3915	2878	3755	2508	4223	1252	3565	2396	2292	2512	2556	3700	4150	2966	4461	3261	3602	2434	2062	4509	2875	3149	3682	2713	5087	1441	2875	3677	3214	0	1192	2423	3757	1351	3147	3748	3182	2875	5035	4301	3021	1647	2633	3266	4413	2836	2947	4227	168	5172	2484	2336	3239	3180	1125	162	3157	4486	2280	1713	1547	4694	2712	4471	113	3146	1547	2499	2807	3115	4729	779	4569	4757	4708	
2179	3941	3420	1047	1806	2602	2575	3123	1916	2170	1595	1533	1972	2606	440	1718	1603	3410	3439	2380	2513	1426	3584	4282	3715	2786	2726	2110	3225	2652	3068	2410	2476	1208	2224	1417	2109	2916	3512	1982	3279	2196	2414	2053	891	3346	1718	1958	2490	1607	3972	2603	1718	2762	2045	1192	0	2273	2834	2505	2114	2556	2796	1718	3902	3406	2403	1483	1571	2570	3235	1713	2019	3212	1359	4045	1335	1190	2050	2023	2298	1280	2026	3296	1919	894	657	3515	1534	3284	1196	2848	421	1375	2894	3232	3570	1958	3383	3584	3586	
2987	4995	4766	1949	3075	1524	1102	4278	2570	657	2652	3567	2656	488	2701	3391	671	3145	1824	250	4208	3147	3312	5807	5041	3684	3879	1372	1505	651	4511	3376	2678	2597	184	2142	603	1893	1993	1965	4482	2392	3673	470	2315	4704	3391	3230	3545	2260	5503	3509	3391	2188	3581	2423	2273	0	2267	3470	2211	3614	850	3391	5365	2615	1112	823	2071	1412	3872	2394	1796	2890	2468	5518	3142	3049	3134	2774	3220	2325	2614	4158	478	1534	1720	4724	2649	4424	2528	745	2096	2245	729	1043	3956	2938	4113	4839	3711	
1554	3154	3205	1801	4473	775	1242	2647	4260	1613	4131	3151	4342	2715	3199	2601	2192	880	1347	2514	3144	2536	1045	4268	3415	1996	2356	966	1436	2897	3096	4981	870	2059	2428	1510	1678	549	1253	862	2847	863	2326	1834	2111	3166	2601	2105	2053	1388	4006	5157	2601	84	2554	3757	2834	2267	0	5082	818	2097	1741	2601	3820	576	1165	2417	1323	889	1925	1378	820	626	3885	3963	2629	2647	1879	1445	4838	3751	1263	2313	1922	2050	2246	3048	1795	2746	3818	1971	2418	1610	2856	3052	1837	4497	2180	3183	1505	
4682	6380	5786	3463	716	4602	4362	5569	900	3830	955	3664	814	3440	2405	4096	3064	5794	5220	3377	4771	3826	5974	6499	6073	5284	5189	4173	4922	3338	5415	101	4916	3711	3306	3863	3745	4983	5359	4310	5704	4612	4870	3603	3393	5712	4096	4437	4979	4062	6206	113	4096	5001	4444	1351	2505	3470	5082	0	4496	5043	4299	4096	6181	5614	4258	2815	3985	4526	5739	4184	4281	5570	1205	6309	3707	3561	4548	4520	253	1333	4504	5787	3453	3054	2898	5927	4038	5727	1318	4214	2887	3846	3641	3888	6069	585	5884	5977	6058	
889	2807	2683	1068	3846	1118	1481	2150	3731	1592	3542	2337	3809	2698	2444	1810	1897	1304	1969	2457	2429	1725	1482	3755	2933	1515	1789	884	1943	2860	2503	4396	485	1242	2331	720	1623	1176	1932	249	2358	180	1674	1741	1322	2632	1810	1362	1455	574	3469	4581	1810	773	1808	3147	2114	2211	818	4496	0	1515	1987	1810	3303	1378	1315	2070	546	1187	1661	562	420	1098	3291	3453	1814	1830	1163	717	4262	3168	521	1958	1764	1451	1600	2588	983	2280	3193	2190	1693	805	2906	3169	1782	3915	1902	2713	1627	
637	1438	1171	1846	4331	2621	2995	665	4461	3050	4152	1739	4522	4099	2656	1085	3152	1888	3417	3846	1155	1277	1973	2241	1432	291	274	2381	3435	4243	1003	4951	1229	1359	3701	1515	3064	2600	3344	1720	867	1357	313	3156	1713	1118	1085	607	72	1363	1955	5146	1085	2101	792	3748	2556	3614	2097	5043	1515	0	3497	1085	1789	2484	2825	3250	1548	2698	820	1223	1914	1887	3915	1940	1411	1539	531	843	4847	3830	1020	745	3140	2394	2399	1110	1089	816	3750	3693	2232	1444	4336	4623	1276	4512	875	1225	1541	
2863	4771	4668	2161	3864	974	519	4138	3400	630	3449	3853	3487	1124	3237	3535	1306	2600	984	1022	4292	3339	2748	5738	4920	3499	3771	1120	661	1309	4468	4204	2380	2764	1030	2201	687	1251	1163	1778	4345	2157	3626	764	2569	4615	3535	3241	3435	2249	5447	4343	3535	1677	3650	3182	2796	850	1741	4299	1987	3497	0	3535	5286	1946	673	1535	2067	866	3573	2353	1584	2355	3248	5437	3368	3307	3090	2669	4048	3103	2481	3917	915	1931	2160	4574	2706	4267	3280	231	2515	2323	1176	1322	3560	3754	3827	4700	3246	
1143	2287	1708	1442	3381	2857	3104	1485	3618	2967	3262	664	3668	3841	1694	0	2797	2716	3751	3585	839	293	2843	2580	2002	1373	1141	2463	3674	3949	1351	4010	1815	794	3426	1336	2951	2982	3733	1895	1609	1738	825	2990	1101	1634	0	575	1044	1326	2268	4204	0	2570	349	2875	1718	3391	2601	4096	1810	1085	3535	0	2187	3114	2912	2814	1488	2897	1900	1267	2067	2630	3043	2332	391	540	813	1174	3921	2983	1341	1796	2923	1914	1815	1831	854	1639	2855	3686	1519	1213	4112	4434	2342	3602	1954	1885	2545	
2424	991	621	3488	5475	4402	4784	1174	5783	4826	5408	2517	5827	5844	3826	2187	4851	3386	5164	5588	1414	2480	3400	453	430	1827	1515	4169	5207	5977	865	6103	2977	2878	5437	3227	4835	4349	5072	3509	974	3141	1692	4917	3233	671	2187	2147	1852	3107	211	6292	2187	3838	1883	5035	3902	5365	3820	6181	3303	1789	5286	2187	0	4113	4614	4914	3296	4483	1997	2978	3702	3473	5201	153	2566	2713	2232	2623	6031	5152	2806	1577	4888	4018	3961	797	2733	1081	5004	5481	3697	3132	6092	6389	2347	5728	1780	661	2781	
2015	3347	3514	2376	5021	1099	1519	2957	4775	1989	4668	3690	4859	3020	3775	3114	2652	798	1251	2851	3590	3074	887	4551	3692	2331	2723	1448	1460	3208	3457	5513	1313	2619	2789	2083	2065	722	1090	1437	3146	1394	2746	2227	2685	3485	3114	2589	2451	1952	4310	5686	3114	644	3032	4301	3406	2615	576	5614	1378	2484	1946	3114	4113	0	1511	2890	1897	1207	2135	1930	1387	643	4425	4248	3173	3200	2353	1941	5367	4288	1775	2550	2337	2605	2808	3320	2339	3033	4367	2174	2992	2179	3117	3263	1921	5030	2378	3458	1509	
2191	4105	3996	1605	3735	413	194	3465	3381	480	3344	3280	3468	1550	2835	2912	1202	2045	1040	1355	3645	2735	2208	5066	4247	2827	3099	456	831	1733	3800	4158	1717	2163	1282	1577	559	793	1135	1107	3672	1485	2959	721	2014	3943	2912	2585	2763	1602	4776	4317	2912	1090	3004	3021	2403	1112	1165	4258	1315	2825	673	2912	4614	1511	0	1451	1427	304	2916	1697	913	1791	3117	4765	2778	2732	2425	1999	4006	2973	1810	3251	844	1509	1746	3902	2068	3594	3106	879	2061	1702	1696	1913	2931	3685	3168	4028	2646	
2667	4682	4343	1427	2335	1820	1547	3909	1931	1015	1926	2881	2018	1123	1898	2814	250	3241	2409	899	3652	2543	3420	5340	4632	3379	3495	1453	2121	1182	4049	2717	2554	2047	746	1737	931	2210	2545	1829	4102	2236	3244	795	1713	4276	2814	2772	3179	1906	5029	2871	2814	2333	3056	1647	1483	823	2417	2815	2070	3250	1535	2814	4914	2890	1451	0	1738	1733	3669	2052	1718	2992	1716	5066	2513	2399	2731	2455	2563	1571	2336	3886	642	902	1019	4349	2191	4064	1746	1508	1377	1809	1412	1750	3847	2250	3887	4450	3688	
936	2958	2694	529	3322	1384	1618	2213	3249	1542	3033	1916	3323	2554	1899	1488	1615	1840	2288	2300	2225	1333	2015	3741	2970	1647	1809	976	2191	2695	2448	3885	932	783	2154	189	1544	1567	2291	473	2414	631	1606	1620	788	2633	1488	1183	1478	189	3439	4073	1488	1265	1583	2633	1571	2071	1323	3985	546	1548	2067	1488	3296	1897	1427	1738	0	1415	1938	324	604	1642	2783	3450	1395	1380	1064	722	3755	2665	600	2149	1595	981	1092	2658	641	2362	2673	2235	1150	304	2797	3093	2160	3408	2150	2770	2084	
2076	3923	3862	1687	3984	115	354	3320	3657	783	3602	3318	3743	1838	2992	2897	1486	1764	895	1653	3589	2747	1922	4935	4103	2672	2972	476	778	2024	3690	4426	1533	2185	1584	1585	861	490	944	1020	3527	1342	2860	1023	2085	3813	2897	2520	2640	1571	4653	4588	2897	819	2955	3266	2570	1412	889	4526	1187	2698	866	2897	4483	1207	304	1733	1415	0	2715	1644	835	1512	3370	4632	2803	2773	2340	1899	4275	3227	1705	3068	1142	1683	1916	3749	2043	3441	3347	1092	2203	1710	1969	2164	2694	3949	2970	3878	2387	
1067	1230	1428	2370	5036	2615	3054	906	5096	3246	4820	2558	5163	4358	3394	1900	3524	1389	3263	4118	1883	2069	1408	2424	1570	530	880	2525	3359	4521	1476	5644	1204	2030	3991	1981	3281	2473	3148	1908	1059	1481	1119	3402	2351	1414	1900	1376	856	1789	2200	5838	1900	1962	1611	4413	3235	3872	1925	5739	1661	820	3573	1900	1997	2135	2916	3669	1938	2715	0	1645	2077	1492	4576	2125	2205	2322	1208	1255	5531	4477	1338	420	3423	2897	2957	1199	1702	936	4428	3792	2867	1954	4562	4814	470	5189	256	1336	828	
616	2636	2373	736	3504	1597	1883	1888	3484	1852	3241	1775	3555	2877	1987	1267	1936	1736	2484	2624	1950	1165	1901	3424	2647	1328	1485	1241	2420	3020	2135	4086	775	692	2478	338	1858	1717	2465	630	2090	547	1290	1940	845	2312	1267	889	1153	146	3124	4276	1267	1335	1312	2836	1713	2394	1378	4184	562	1223	2353	1267	2978	1930	1697	2052	324	1644	1645	0	809	1571	2992	3131	1252	1270	748	403	3962	2882	322	1835	1918	1253	1326	2334	423	2038	2866	2530	1304	339	3118	3412	1904	3615	1847	2446	1876	
1279	3227	3085	1003	3660	790	1090	2560	3478	1172	3327	2520	3558	2281	2397	2067	1525	1541	1688	2043	2756	1931	1722	4154	3340	1931	2187	468	1611	2446	2887	4180	884	1386	1921	788	1204	967	1687	194	2767	600	2048	1326	1354	3031	2067	1688	1851	743	3863	4359	2067	745	2120	2947	2019	1796	820	4281	420	1914	1584	2067	3702	1387	913	1718	604	835	2077	809	0	1302	3080	3854	1998	1984	1517	1087	4039	2948	897	2378	1358	1235	1426	2999	1213	2693	3005	1780	1608	908	2486	2748	2173	3696	2321	3123	1976	
1493	2706	2879	2166	4933	1398	1864	2324	4778	2234	4615	3247	4858	3340	3534	2630	2778	255	1830	3138	3021	2636	429	3909	3051	1710	2112	1561	1984	3523	2838	5470	829	2256	3048	1807	2297	1119	1691	1261	2509	1032	2166	2451	2400	2852	2630	2075	1861	1637	3672	5651	2630	703	2502	4227	3212	2890	626	5570	1098	1887	2355	2630	3473	643	1791	2992	1642	1512	1492	1571	1302	0	4366	3607	2749	2799	1832	1468	5331	4238	1338	1907	2531	2516	2684	2679	1936	2395	4278	2586	2791	1876	3481	3671	1297	4987	1736	2817	914	
3511	5296	4751	2265	620	3440	3239	4478	585	2720	251	2720	626	2562	1380	3043	1958	4589	4116	2435	3792	2758	4769	5557	5045	4140	4083	2993	3835	2510	4391	1105	3715	2562	2329	2666	2638	3812	4241	3105	4629	3409	3770	2510	2226	4677	3043	3316	3848	2867	5252	1290	3043	3805	3382	168	1359	2468	3885	1205	3291	3915	3248	3043	5201	4425	3117	1716	2783	3370	4576	2992	3080	4366	0	5339	2652	2504	3404	3340	972	146	3314	4652	2355	1850	1694	4862	2875	4639	216	3200	1709	2656	2812	3112	4888	625	4733	4925	4861	
2575	1068	770	3640	5604	4550	4934	1319	5921	4979	5543	2646	5964	5997	3961	2332	5004	3514	5308	5741	1548	2625	3524	305	556	1972	1666	4320	5353	6130	1017	6232	3124	3029	5591	3380	4988	4494	5214	3660	1116	3291	1845	5070	3383	823	2332	2300	2003	3260	164	6421	2332	3982	2031	5172	4045	5518	3963	6309	3453	1940	5437	2332	153	4248	4765	5066	3450	4632	2125	3131	3854	3607	5339	0	2709	2855	2385	2775	6161	5291	2958	1705	5041	4169	4111	928	2886	1219	5140	5632	3844	3285	6245	6542	2462	5861	1902	791	2899	
1317	2674	2099	1217	2992	2778	2972	1866	3228	2774	2871	524	3277	3575	1303	391	2520	2866	3683	3322	1185	135	3008	2949	2392	1688	1505	2346	3574	3671	1739	3621	1920	618	3161	1219	2748	2951	3685	1848	1997	1779	1184	2769	828	2025	391	829	1360	1267	2638	3814	391	2588	737	2484	1335	3142	2629	3707	1814	1411	3368	391	2566	3173	2778	2513	1395	2803	2205	1252	1998	2749	2652	2709	0	149	1031	1285	3531	2593	1415	2145	2686	1627	1497	2221	835	2022	2464	3501	1173	1095	3853	4181	2626	3210	2285	2277	2782	
1400	2819	2247	1147	2845	2754	2926	2010	3080	2704	2722	548	3129	3474	1157	540	2417	2927	3659	3223	1326	268	3074	3093	2541	1811	1643	2309	3538	3565	1888	3474	1971	598	3061	1197	2675	2945	3669	1843	2143	1809	1322	2688	744	2173	540	946	1485	1268	2782	3668	540	2601	884	2336	1190	3049	2647	3561	1830	1539	3307	540	2713	3200	2732	2399	1380	2773	2322	1270	1984	2799	2504	2855	149	0	1133	1347	3383	2445	1462	2277	2599	1523	1381	2369	867	2167	2315	3432	1045	1076	3754	4084	2735	3062	2412	2425	2875	
340	1967	1633	1319	3841	2277	2606	1178	3944	2599	3644	1465	4006	3615	2186	813	2643	1905	3128	3360	1272	898	2030	2677	1913	736	763	1971	3104	3752	1387	4455	1039	842	3211	1005	2606	2324	3081	1324	1371	1041	543	2685	1189	1570	813	243	459	875	2376	4649	813	1863	680	3239	2050	3134	1879	4548	1163	531	3090	813	2232	2353	2425	2731	1064	2340	1208	748	1517	1832	3404	2385	1031	1133	0	447	4347	3315	643	1249	2657	1866	1868	1618	559	1335	3245	3272	1710	923	3861	4158	1604	4008	1335	1721	1753	
214	2237	2010	1116	3828	1834	2176	1505	3848	2207	3587	1779	3917	3260	2244	1174	2336	1581	2682	3009	1718	1168	1727	3073	2275	926	1113	1549	2660	3407	1800	4423	643	868	2866	732	2221	1878	2635	892	1709	596	962	2314	1133	1953	1174	661	776	550	2779	4615	1174	1424	1111	3180	2023	2774	1445	4520	717	843	2669	1174	2623	1941	1999	2455	722	1899	1255	403	1087	1468	3340	2775	1285	1347	447	0	4304	3236	196	1432	2302	1648	1703	1950	519	1649	3203	2859	1634	700	3494	3780	1549	3959	1448	2067	1583	
4470	6200	5620	3236	562	4352	4109	5386	651	3577	722	3515	565	3198	2228	3921	2812	5557	4967	3130	4618	3646	5738	6359	5909	5083	5001	3925	4670	3099	5251	157	4687	3506	3056	3637	3493	4733	5107	4072	5526	4381	4683	3350	3181	5545	3921	4243	4782	3837	6062	320	3921	4756	4267	1125	2298	3220	4838	253	4262	4847	4048	3921	6031	5367	4006	2563	3755	4275	5531	3962	4039	5331	972	6161	3531	3383	4347	4304	0	1094	4282	5589	3200	2816	2665	5752	3829	5545	1103	3964	2670	3624	3403	3656	5853	347	5681	5806	5832	
3411	5221	4690	2151	765	3297	3094	4403	637	2575	380	2688	693	2428	1345	2983	1812	4463	3971	2296	3746	2695	4643	5514	4985	4050	4005	2854	3689	2380	4333	1233	3597	2473	2188	2553	2492	3671	4096	2978	4558	3289	3694	2364	2131	4616	2983	3235	3762	2754	5208	1414	2983	3670	3318	162	1280	2325	3751	1333	3168	3830	3103	2983	5152	4288	2973	1571	2665	3227	4477	2882	2948	4238	146	5291	2593	2445	3315	3236	1094	0	3204	4564	2210	1722	1574	4793	2779	4564	266	3056	1611	2547	2681	2984	4781	749	4640	4859	4746	
383	2383	2190	1058	3822	1638	1985	1674	3805	2033	3563	1922	3877	3102	2280	1341	2203	1475	2486	2852	1912	1306	1631	3257	2450	1070	1292	1363	2464	3252	1991	4406	511	933	2713	657	2051	1684	2442	703	1881	405	1156	2150	1146	2135	1341	850	955	458	2966	4597	1341	1238	1300	3157	2026	2614	1263	4504	521	1020	2481	1341	2806	1775	1810	2336	600	1705	1338	322	897	1338	3314	2958	1415	1462	643	196	4282	3204	0	1559	2146	1566	1647	2118	600	1814	3186	2674	1621	658	3330	3610	1582	3936	1551	2238	1561	
1221	855	1016	2525	5076	2974	3399	530	5193	3550	4891	2425	5255	4646	3402	1796	3761	1809	3658	4400	1607	2012	1826	2004	1149	519	666	2839	3739	4802	1107	5695	1537	2091	4265	2159	3578	2858	3549	2198	653	1779	972	3689	2437	1008	1796	1352	808	1981	1781	5889	1796	2344	1469	4486	3296	4158	2313	5787	1958	745	3917	1796	1577	2550	3251	3886	2149	3068	420	1835	2378	1907	4652	1705	2145	2277	1249	1432	5589	4564	1559	0	3697	3068	3098	779	1796	527	4490	4130	2959	2110	4862	5127	815	5253	232	916	1225	
2516	4529	4289	1482	2975	1242	916	3805	2564	380	2568	3127	2651	959	2357	2923	398	2786	1768	706	3736	2685	2959	5330	4565	3216	3404	974	1480	1106	4034	3355	2241	2129	568	1664	295	1631	1907	1516	4008	1944	3196	154	1859	4227	2923	2752	3071	1783	5025	3506	2923	1839	3106	2280	1919	478	1922	3453	1764	3140	915	2923	4888	2337	844	642	1595	1142	3423	1918	1358	2531	2355	5041	2686	2599	2657	2302	3200	2210	2146	3697	0	1108	1316	4250	2172	3951	2375	932	1688	1768	1206	1516	3530	2891	3660	4364	3311	
1851	3832	3456	548	2426	1722	1682	3042	2281	1301	2099	2033	2358	1950	1328	1914	894	2741	2546	1700	2751	1648	2922	4441	3747	2551	2626	1235	2333	2044	3153	2954	1898	1145	1538	916	1249	2056	2623	1256	3230	1583	2362	1220	813	3387	1914	1884	2322	1110	4130	3136	1914	1972	2155	1713	894	1534	2050	3054	1451	2394	1931	1914	4018	2605	1509	902	981	1683	2897	1253	1235	2516	1850	4169	1627	1523	1866	1648	2816	1722	1566	3068	1108	0	237	3477	1313	3200	1770	2008	587	959	2231	2563	3140	2471	3095	3573	3056	
1895	3834	3416	590	2248	1952	1919	3031	2161	1531	1944	1867	2234	2112	1091	1815	1060	2901	2782	1867	2654	1536	3080	4375	3711	2578	2616	1463	2569	2192	3099	2798	2023	1086	1706	990	1475	2279	2857	1425	3211	1716	2335	1436	728	3346	1815	1855	2328	1191	4062	2984	1815	2169	2082	1547	657	1720	2246	2898	1600	2399	2160	1815	3961	2808	1746	1019	1092	1916	2957	1326	1426	2684	1694	4111	1497	1381	1868	1703	2665	1574	1647	3098	1316	237	0	3457	1310	3191	1595	2229	376	1003	2397	2732	3229	2318	3142	3546	3174	
1739	489	298	2931	5212	3662	4063	445	5430	4151	5087	2336	5484	5209	3525	1831	4258	2588	4394	4956	1287	2108	2604	1230	372	1077	855	3468	4453	5353	601	5841	2224	2379	4812	2620	4169	3584	4295	2809	247	2417	1122	4264	2743	335	1831	1602	1181	2473	1002	6035	1831	3070	1485	4694	3515	4724	3048	5927	2588	1110	4574	1831	797	3320	3902	4349	2658	3749	1199	2334	2999	2679	4862	928	2221	2369	1618	1950	5752	4793	2118	779	4250	3477	3457	0	2164	308	4680	4777	3244	2541	5444	5728	1562	5431	987	137	1991	
647	2525	2153	767	3339	2003	2258	1730	3403	2164	3119	1355	3468	3120	1730	854	2118	2074	2898	2864	1589	742	2228	3168	2441	1278	1314	1615	2821	3248	1871	3943	1110	350	2710	514	2158	2139	2885	1043	1917	945	1054	2217	649	2087	854	586	1018	472	2860	4136	854	1755	948	2712	1534	2649	1795	4038	983	1089	2706	854	2733	2339	2068	2191	641	2043	1702	423	1213	1936	2875	2886	835	867	559	519	3829	2779	600	1796	2172	1313	1310	2164	0	1888	2726	2868	1169	404	3377	3686	2042	3487	1861	2261	2100	
1437	657	492	2653	5011	3355	3756	162	5200	3847	4868	2195	5256	4910	3322	1639	3968	2317	4092	4658	1224	1901	2343	1524	669	769	575	3161	4147	5056	616	5639	1918	2123	4514	2331	3866	3280	3996	2503	127	2110	871	3962	2485	481	1639	1343	887	2179	1277	5833	1639	2767	1290	4471	3284	4424	2746	5727	2280	816	4267	1639	1081	3033	3594	4064	2362	3441	936	2038	2693	2395	4639	1219	2022	2167	1335	1649	5545	4564	1814	527	3951	3200	3191	308	1888	0	4462	4470	2995	2256	5143	5425	1340	5218	754	438	1752	
3367	5118	4562	2149	655	3410	3237	4302	794	2729	407	2514	828	2659	1179	2855	1978	4496	4120	2515	3592	2573	4675	5355	4855	3982	3911	2951	3848	2620	4199	1221	3603	2404	2399	2547	2649	3775	4237	3018	4449	3303	3595	2529	2078	4488	2855	3148	3684	2746	5051	1413	2855	3739	3197	113	1196	2528	3818	1318	3193	3750	3280	2855	5004	4367	3106	1746	2673	3347	4428	2866	3005	4278	216	5140	2464	2315	3245	3203	1103	266	3186	4490	2375	1770	1595	4680	2726	4462	0	3247	1569	2528	2919	3227	4752	763	4579	4740	4741	
3057	4984	4864	2286	3811	1202	741	4339	3314	728	3390	3974	3400	936	3287	3686	1297	2832	1161	873	4457	3478	2979	5932	5120	3704	3966	1312	838	1116	4656	4121	2594	2905	913	2358	764	1482	1349	1973	4546	2362	3812	795	2689	4810	3686	3415	3629	2420	5638	4253	3686	1906	3816	3146	2848	745	1971	4214	2190	3693	231	3686	5481	2174	879	1508	2235	1092	3792	2530	1780	2586	3200	5632	3501	3432	3272	2859	3964	3056	2674	4130	932	2008	2229	4777	2868	4470	3247	0	2594	2478	959	1091	3786	3682	4045	4902	3476	
1802	3647	3177	626	2200	2225	2243	2833	2235	1886	1955	1504	2299	2483	796	1519	1434	2989	3086	2240	2351	1230	3164	4098	3473	2442	2425	1733	2892	2557	2843	2790	2060	875	2079	999	1835	2524	3147	1563	3002	1777	2126	1805	521	3105	1519	1652	2163	1192	3785	2982	1519	2348	1815	1547	421	2096	2418	2887	1693	2232	2515	1519	3697	2992	2061	1377	1150	2203	2867	1304	1608	2791	1709	3844	1173	1045	1710	1634	2670	1611	1621	2959	1688	587	376	3244	1169	2995	1569	2594	0	965	2769	3105	3183	2326	3030	3324	3180	
895	2879	2546	417	3165	1684	1895	2100	3154	1767	2905	1614	3224	2717	1662	1213	1723	2055	2588	2460	1985	1038	2224	3569	2831	1592	1686	1259	2483	2846	2272	3748	1104	479	2308	125	1758	1871	2594	773	2294	844	1445	1814	523	2480	1213	987	1372	240	3262	3939	1213	1555	1347	2499	1375	2245	1610	3846	805	1444	2323	1213	3132	2179	1702	1809	304	1710	1954	339	908	1876	2656	3285	1095	1076	923	700	3624	2547	658	2110	1768	959	1003	2541	404	2256	2528	2478	965	0	2973	3282	2235	3278	2143	2644	2216	
3706	5705	5491	2671	3375	2084	1620	4999	2765	1316	2950	4261	2845	289	3303	4112	1339	3733	2104	531	4934	3863	3890	6535	5765	4397	4602	2039	1786	306	5239	3557	3360	3320	693	2870	1284	2408	2297	2664	5203	3086	4401	1180	3028	5430	4112	3958	4267	2986	6231	3658	4112	2783	4308	2807	2894	729	2856	3641	2906	4336	1176	4112	6092	3117	1696	1412	2797	1969	4562	3118	2486	3481	2812	6245	3853	3754	3861	3494	3403	2681	3330	4862	1206	2231	2397	5444	3377	5143	2919	959	2769	2973	0	338	4615	3173	4807	5560	4342	
3989	5975	5784	2992	3660	2277	1810	5284	3027	1579	3237	4594	3105	626	3639	4434	1673	3919	2167	865	5251	4188	4069	6834	6054	4672	4891	2290	1864	610	5541	3807	3610	3640	1026	3175	1559	2573	2364	2932	5489	3348	4699	1473	3354	5724	4434	4263	4555	3283	6532	3898	4434	2983	4622	3115	3232	1043	3052	3888	3169	4623	1322	4434	6389	3263	1913	1750	3093	2164	4814	3412	2748	3671	3112	6542	4181	4084	4158	3780	3656	2984	3610	5127	1516	2563	2732	5728	3686	5425	3227	1091	3105	3282	338	0	4844	3442	5062	5847	4551	
1396	1464	1823	2640	5376	2586	3045	1340	5387	3309	5135	3005	5458	4434	3765	2342	3679	1127	3125	4205	2352	2491	1092	2750	1918	988	1350	2584	3262	4606	1917	5973	1297	2386	4089	2239	3354	2379	2988	2030	1467	1612	1582	3489	2679	1820	2342	1797	1305	2039	2556	6165	2342	1891	2067	4729	3570	3956	1837	6069	1782	1276	3560	2342	2347	1921	2931	3847	2160	2694	470	1904	2173	1297	4888	2462	2626	2735	1604	1549	5853	4781	1582	815	3530	3140	3229	1562	2042	1340	4752	3786	3183	2235	4615	4844	0	5508	586	1693	443	
4127	5874	5305	2889	349	4024	3794	5058	423	3265	375	3219	361	2952	1911	3602	2498	5212	4659	2865	4315	3323	5392	6066	5596	4745	4670	3591	4366	2867	4938	484	4340	3167	2781	3290	3181	4402	4794	3727	5202	4034	4354	3042	2838	5230	3602	3909	4447	3491	5766	665	3602	4416	3946	779	1958	2938	4497	585	3915	4512	3754	3602	5728	5030	3685	2250	3408	3949	5189	3615	3696	4987	625	5861	3210	3062	4008	3959	347	749	3936	5253	2891	2471	2318	5431	3487	5218	763	3682	2326	3278	3173	3442	5508	0	5341	5487	5485	
1248	976	1238	2560	5176	2871	3308	761	5264	3491	4975	2597	5329	4600	3515	1954	3749	1619	3517	4358	1824	2151	1622	2197	1350	604	853	2772	3615	4761	1339	5790	1453	2175	4228	2180	3524	2729	3400	2148	881	1722	1139	3643	2509	1234	1954	1471	927	1993	1987	5984	1954	2218	1640	4569	3383	4113	2180	5884	1902	875	3827	1954	1780	2378	3168	3887	2150	2970	256	1847	2321	1736	4733	1902	2285	2412	1335	1448	5681	4640	1551	232	3660	3095	3142	987	1861	754	4579	4045	3030	2143	4807	5062	586	5341	0	1121	1005	
1858	513	235	3029	5262	3792	4191	564	5496	4272	5146	2362	5548	5323	3578	1885	4364	2725	4529	5070	1288	2167	2740	1093	235	1206	962	3592	4586	5465	594	5892	2356	2464	4924	2726	4288	3718	4431	2932	358	2544	1212	4380	2828	296	1885	1692	1294	2584	866	6085	1885	3205	1543	4757	3584	4839	3183	5977	2713	1225	4700	1885	661	3458	4028	4450	2770	3878	1336	2446	3123	2817	4925	791	2277	2425	1721	2067	5806	4859	2238	916	4364	3573	3546	137	2261	438	4740	4902	3324	2644	5560	5847	1693	5487	1121	0	2125	
1479	1906	2241	2596	5380	2275	2741	1733	5332	3056	5111	3208	5407	4179	3826	2545	3501	711	2738	3962	2674	2651	654	3189	2352	1273	1672	2343	2898	4357	2304	5959	1158	2450	3857	2195	3109	2028	2591	1861	1878	1477	1854	3253	2703	2233	2545	1975	1552	1995	2990	6148	2545	1570	2309	4708	3586	3711	1505	6058	1627	1541	3246	2545	2781	1509	2646	3688	2084	2387	828	1876	1976	914	4861	2899	2782	2875	1753	1583	5832	4746	1561	1225	3311	3056	3174	1991	2100	1752	4741	3476	3180	2216	4342	4551	443	5485	1005	2125	0	


0	 CF146LT 	 0 	 0 	 540  	 1080  	 0  	 0 

1	 CF149UG	 1 	 4 	 720  	 960  	 9  	 4 
2	 CF149HQ	 1 	 5 	 660  	 900  	 8  	 4 
3	 CF141RD 	 1 	 9 	 720  	 960  	 9  	 4 
4	 CF244EE 	 1 	 7 	 660  	 900  	 10  	 5 
5	 CF142EE 	 1 	 4 	 660  	 900  	 6  	 3 
6	 CF142HE 	 1 	 5 	 660  	 900  	 10  	 5 
7	 CF145HP 	 1 	 7 	 600  	 840  	 10  	 5 
8	 CF103ED 	 1 	 1 	 720  	 960  	 5  	 2 
9	 CF142JD 	 1 	 1 	 660  	 900  	 8  	 4 
10	 CF244JN 	 1 	 9 	 540  	 780  	 5  	 2 
11	 CF145QL 	 0 	 3 	 720  	 960  	 8  	 4 
12	 CF103EN 	 1 	 9 	 540  	 780  	 6  	 3 
13	 CF52HT 	 1 	 10 	 600  	 840  	 8  	 4 
14	 CF144YU 	 0 	 17 	 600  	 840  	 6  	 3 
15	 CF144ZP 	 1 	 4 	 600  	 840  	 7  	 3 
16	 CF142QW 1 	 8 	 540  	 780  	 10  	 5 
17	 CF147EP 	 0 	 13 	 660  	 900  	 8  	 4 
18	 CF52DJ 	 1 	 10 	 660  	 900  	 10  	 5 
19	 CF52DP 	 1 	 9 	 600  	 840  	 8  	 4 
20	 CF145DT 	 1 	 1 	 660  	 900  	 9  	 4 
21	 CF144HE 	 0 	 2 	 540  	 780  	 5  	 2 
22	 CF147EQ 	 1 	 4 	 540  	 780  	 9  	 4 
23	 CF140FL 	 1 	 4 	 540  	 780  	 8  	 4 
24	 CF149HS 	 1 	 1 	 540  	 780  	 9  	 4 
25	 CF146LF 	 1 	 4 	 660  	 900  	 8  	 4 
26	 CF146QS 	 1 	 10 	 600  	 840  	 6  	 3 
27	 CF141PG 	 1 	 6 	 600  	 840  	 5  	 2 
28	 CF52SF 	 1 	 10 	 720  	 960  	 6  	 3 
29	 CF52BB 	 1 	 5 	 720  	 960  	 5  	 2 
30	 CF145JT 	 0 	 11 	 600  	 840  	 5  	 2 
31	 CF244AP 	 1 	 9 	 540  	 780  	 7  	 3 
32	 CF141BN	 1 	 8 	 720  	 960  	 10  	 5 
33	 CF144QE 	 1 	 7 	 660  	 900  	 7  	 3 
34	 CF52YF 	 1 	 1 	 600  	 840  	 6  	 3 
35	 CF141TB 	 1 	 10 	 540  	 780  	 8  	 4 
36	 CF142JA 	 1 	 9 	 720  	 960  	 8  	 4 
37	 CF142BW	 1 	 5 	 660  	 900  	 5  	 2 
38	 CF52PE 	 1 	 1 	 720  	 960  	 8  	 4 
39	 CF141BS 	 1 	 10 	 660  	 900  	 10  	 5 
40	 CF149AJ 	 1 	 10 	 660  	 900  	 10  	 5 
41	 CF141BE 	 1 	 7 	 660  	 900  	 6  	 3 
42	 CF146PF 	 1 	 8 	 720  	 960  	 7  	 3 
43	 CF142QL 	 1 	 10 	 540  	 780  	 10  	 5 
44	 CF144QB	 1 	 3 	 600  	 840  	 5  	 2 
45	 CF149HP 	 1 	 2 	 600  	 840  	 6  	 3 
46	 CF148HR 	 0 	 19 	 660  	 900  	 5  	 2 
47	 CF144SL 	 0 	 12 	 660  	 900  	 10  	 5 
48	 CF146NJ 	 1 	 1 	 720  	 960  	 9  	 4 
49	 CF141TA 	 1 	 8 	 660  	 900  	 10  	 5 
50	 CF149FE 	 1 	 4 	 600  	 840  	 10  	 5 
51	 CF244BF 	 1 	 7 	 660  	 900  	 6  	 3 
52	 CF148JD 	 1 	 10 	 720  	 960  	 7  	 3 
53	 CF142TD 	 1 	 5 	 540  	 780  	 7  	 3 
54	 CF145ZB 	 1 	 9 	 660  	 900  	 6  	 3 
55	 CF244LN 	 1 	 1 	 600  	 840  	 9  	 4 
56	 CF144XT 	 1 	 10 	 540  	 780  	 7  	 3 
57	 CF52ER 	 1 	 1 	 720  	 960  	 7  	 3 
58	 CF142TQ 	 1 	 3 	 600  	 840  	 6  	 3 
59	 CF244AL 	 1 	 1 	 720  	 960  	 7  	 3 
60	 CF141AL 	 1 	 10 	 540  	 780  	 7  	 3 
61	 CF146NL 	 1 	 4 	 720  	 960  	 7  	 3 
62	 CF52QB 	 1 	 3 	 720  	 960  	 6  	 3 
63	 CF148DQ	 1 	 10 	 600  	 840  	 6  	 3 
64	 CF149EN 	 1 	 2 	 720  	 960  	 5  	 2 
65	 CF147JR 	 0 	 13 	 720  	 960  	 8  	 4 
66	 CF142LS 	 0 	 21 	 600  	 840  	 8  	 4 
67	 CF142SF 	 1 	 5 	 600  	 840  	 5  	 2 
68	 CF141RF 	 1 	 8 	 540  	 780  	 5  	 2 
69	 CF142FR 	 1 	 1 	 660  	 900  	 5  	 2 
70	 CF146SE 	 1 	 8 	 600  	 840  	 10  	 5 
71	 CF141SS 	 1 	 5 	 540  	 780  	 10  	 5 
72	 CF141DG	 1 	 4 	 660  	 900  	 6  	 3 
73	 CF147TF 	 1 	 4 	 720  	 960  	 7  	 3 
74	 CF244LP 	 1 	 10 	 720  	 960  	 6  	 3 
75	 CF149LA 	 1 	 2 	 660  	 900  	 7  	 3 
76	 CF144HJ 	 1 	 9 	 540  	 780  	 10  	 5 
77	 CF144LS 	 1 	 7 	 660  	 900  	 8  	 4 
78	 CF144SS 	 1 	 9 	 540  	 780  	 9  	 4 
79	 CF146AE 	 1 	 10 	 540  	 780  	 10  	 5 
80	 CF244AT 	 1 	 6 	 720  	 960  	 10  	 5 
81	 CF244LT 	 1 	 5 	 720  	 960  	 10  	 5 
82	 CF146BW	 1 	 1 	 600  	 840  	 5  	 2 
83	 CF146QG	 1 	 8 	 540  	 780  	 9  	 4 
84	 CF142QR	 1 	 1 	 660  	 900  	 9  	 4 
85	 CF141HY 	 0 	 20 	 600  	 840  	 5  	 2 
86	 CF141EG 	 1 	 3 	 540  	 780  	 10  	 5 
87	 CF149AG	 0 	 5 	 720  	 960  	 9  	 4 
88	 CF144SA 	 1 	 3 	 540  	 780  	 5  	 2 
89	 CF149AL 	 1 	 4 	 540  	 780  	 10  	 5 
90	 CF244JZ 	 0 	 9 	 600  	 840  	 9  	 4 
91	 CF52PX 	 1 	 7 	 600  	 840  	 8  	 4 
92	 CF144AN	 1 	 9 	 720  	 960  	 5  	 2 
93	 CF141TG 	 1 	 2 	 600  	 840  	 7  	 3 
94	 CF52HR 	 1 	 10 	 600  	 840  	 6  	 3 
95	 CF52JL 	 1 	 7 	 540  	 780  	 6  	 3 
96	 CF146UR 	 1 	 10 	 540  	 780  	 6  	 3 
97	 CF244EA 	 1 	 2 	 540  	 780  	 10  	 5 
98	 CF146SJ 	 0 	 13 	 660  	 900  	 10  	 5 
99	 CF149AU	 1 	 9 	 540  	 780  	 6  	 3 
100	 CF147TL 	 1 	 6 	 720  	 960  	 9  	 4 
