100

1200
32
10
500

0	4193	3534	1421	426	2721	4221	3002	3061	1837	952	1513	446	4548	1227	2761	386	2789	2911	2213	2696	2901	4555	1624	2631	3996	712	3620	3921	1980	2637	4738	763	3070	3189	2594	4721	2462	2258	272	3372	1845	2624	2844	4388	3845	3511	2195	2101	3296	763	2233	1268	2227	3969	763	4528	4136	3564	2614	172	3477	3036	500	3099	163	1210	654	1660	3216	3554	879	2581	3960	2897	4286	3002	1456	2886	2498	2998	1691	4642	4180	3128	3671	2799	2744	2737	856	2032	3341	2716	4541	3704	3187	1563	3249	3004	1826	4740	
4193	0	3547	3794	3892	2407	2125	2014	2528	2779	3757	5365	4624	1180	3557	2590	4379	1953	4427	2893	2116	2780	961	3035	1692	285	4880	2183	458	2944	5609	974	3847	3165	1060	2660	778	6228	2569	4024	2911	4080	2971	1998	1812	2619	2507	5935	5818	911	3847	2655	4903	1978	637	3847	533	242	2313	1793	4180	1108	1331	4497	1702	4313	3674	4744	4719	3655	4013	4890	3932	558	1532	1184	2018	2769	2378	2688	2496	2804	2632	35	3269	2933	2746	3966	5984	3703	4451	3012	2470	1091	2778	1586	2634	2364	1859	4957	820	
3534	3547	0	2151	3608	1397	1782	1631	4700	1979	2584	3615	3714	2864	2309	1198	3374	1833	1316	1472	1719	4770	3060	2049	2392	3267	3833	4844	3090	1691	2933	3260	2774	550	2782	1272	3434	4066	1670	3262	637	1905	4704	1741	2186	1079	1053	3833	3731	2973	2774	1621	3174	2698	2926	2774	3425	3323	4900	2233	3388	2463	2466	3403	1930	3517	2327	3609	2613	379	489	3569	1150	2996	2299	2633	4238	2686	4446	1333	4628	2154	1771	3513	450	5397	4667	1027	3394	2680	2038	5239	4379	2934	851	2022	2807	1193	1800	2743	3417	
1421	3794	2151	0	1597	1679	3161	2068	3610	1015	492	1696	1563	3778	353	1631	1224	1958	1536	1074	1812	3553	3856	763	2104	3538	1690	4013	3412	910	1896	4062	667	1742	2738	1466	4117	2458	1300	1159	2101	504	3362	1967	3421	2648	2344	2170	2052	2906	667	1230	1208	1953	3379	667	3978	3661	4007	2003	1261	2819	2472	1254	2283	1380	268	1469	927	1812	2135	1463	1162	3401	2279	3501	3336	1314	3375	1380	3536	1010	3483	3771	1778	4312	3442	1325	2217	625	839	4044	3240	3799	2467	2398	1511	2139	2142	1167	4124	
426	3892	3608	1597	0	2647	4110	2879	2638	1765	1106	1938	847	4335	1327	2718	798	2643	3130	2205	2571	2475	4322	1597	2406	3711	1110	3204	3650	1968	3016	4496	942	3111	2921	2557	4460	2888	2184	517	3372	2070	2198	2710	4240	3798	3458	2620	2526	3011	942	2176	1674	1961	3717	942	4256	3853	3145	2412	547	3255	2803	920	2935	589	1348	1077	2008	3317	3684	1304	2748	3701	2684	4082	2596	1244	2468	2463	2576	1599	4565	3881	3181	3246	2374	2909	3141	976	2310	2916	2296	4320	3680	3012	1306	3180	2857	2194	4483	
2721	2407	1397	1679	2647	0	1514	421	3308	887	1891	3375	3035	2131	1606	207	2706	477	2022	607	333	3389	2240	1104	1002	2125	3231	3451	1965	788	3281	2451	2059	875	1474	258	2545	4099	464	2462	867	1796	3344	412	1745	1158	818	3819	3702	1671	2059	491	2887	1315	1866	2059	2451	2219	3504	841	2618	1310	1150	2783	712	2764	1691	3031	2525	1352	1766	3084	1525	1912	957	1854	2842	1493	3055	314	3237	1048	1923	2376	989	4002	3289	1561	3693	1921	2133	3851	2995	2163	1075	832	1557	534	552	2741	2545	
4221	2125	1782	3161	4110	1514	0	1231	4085	2385	3405	4847	4548	1150	3118	1531	4220	1481	3006	2095	1539	4254	1380	2616	1901	1888	4745	3992	1722	2299	4530	1555	3573	1674	1841	1697	1767	5502	1968	3968	1268	3179	4311	1405	413	703	866	5234	5121	1966	3573	2004	4362	2400	1504	3573	1829	1884	4090	1813	4125	1329	1660	4298	1241	4272	3198	4545	3936	2049	2267	4593	2652	1591	1636	984	3548	2890	3857	1787	4027	2531	567	2090	1730	4683	4176	2602	4976	3434	3456	4639	3862	1235	937	1214	2894	1022	1274	4129	1741	
3002	2014	1631	2068	2879	421	1231	0	3179	1179	2233	3760	3346	1718	1958	580	3027	279	2416	1010	309	3293	1820	1427	831	1730	3557	3248	1564	1161	3702	2031	2388	1173	1152	678	2124	4506	784	2755	1018	2213	3288	184	1393	1074	768	4223	4106	1345	2388	842	3273	1268	1453	2388	2033	1816	3316	692	2915	908	836	3114	315	3062	2052	3366	2934	1666	2055	3436	1932	1503	677	1441	2680	1661	2931	733	3112	1312	1715	1982	1283	3849	3201	1956	4113	2244	2554	3733	2894	1747	1080	428	1678	486	170	3154	2124	
3061	2528	4700	3610	2638	3308	4085	3179	0	2908	3261	4563	3481	3571	3259	3502	3410	2921	4935	3360	3002	286	3410	3012	2350	2550	3737	641	2627	3223	5436	3478	3219	4161	2246	3438	3304	5516	3072	3058	4158	4090	587	3021	3951	4226	3945	5240	5140	2141	3219	3140	4236	2005	2827	3219	3058	2662	538	2499	3154	2763	2448	3539	2969	3223	3362	3714	4391	4595	5022	3938	4420	2755	2533	3445	544	2315	255	3390	75	2782	4653	2543	4272	715	321	4539	5657	3134	4448	557	370	3502	4259	2939	2124	3664	3033	4620	3345	
1837	2779	1979	1015	1765	887	2385	1179	2908	0	1066	2645	2168	2828	811	955	1848	1002	2034	508	881	2919	2882	266	1090	2524	2378	3205	2399	319	2868	3083	1213	1438	1723	799	3122	3462	423	1583	1632	1347	2801	1037	2572	2033	1694	3171	3053	1894	1213	412	2165	1013	2376	1213	2973	2648	3224	989	1741	1823	1458	1937	1329	1888	920	2189	1941	1773	2192	2271	1514	2394	1268	2553	2537	708	2657	708	2833	178	2810	2755	1530	3623	2810	1631	3218	1067	1729	3408	2553	2838	1919	1435	845	1419	1207	2179	3132	
952	3757	2584	492	1106	1891	3405	2233	3261	1066	0	1610	1167	3892	293	1893	828	2068	2026	1326	1943	3178	3940	807	2078	3520	1343	3713	3412	1108	2175	4139	191	2132	2700	1723	4164	2487	1451	682	2455	975	2964	2100	3622	2961	2637	2194	2078	2848	191	1404	1149	1815	3412	191	4002	3652	3693	2010	804	2870	2474	894	2394	937	258	1140	1134	2263	2607	1205	1648	3422	2299	3619	3042	1066	3039	1629	3190	978	3780	3737	2184	3948	3067	1811	2425	142	1258	3662	2892	3901	2802	2500	1253	2398	2272	1368	4177	
1513	5365	3615	1696	1938	3375	4847	3760	4563	2645	1610	0	1147	5461	1834	3321	1152	3633	2521	2769	3494	4411	5525	2379	3687	5129	953	5101	5020	2599	1447	5728	1525	3325	4310	3159	5764	953	2983	1512	3721	1726	4136	3650	5116	4298	4012	683	593	4456	1525	2919	487	3410	5014	1525	5608	5261	5054	3614	1409	4466	4081	1024	3960	1350	1726	878	1008	3240	3429	640	2469	5027	3902	5184	4461	2632	4377	3075	4498	2580	5137	5346	3332	5183	4308	2609	1360	1666	1597	4854	4210	5477	4099	4071	2801	3826	3825	937	5775	
446	4624	3714	1563	847	3035	4548	3346	3481	2168	1167	1147	0	4938	1460	3052	342	3150	2942	2489	3045	3308	4955	1932	3035	4421	266	4051	4341	2265	2416	5142	984	3288	3609	2882	5134	2076	2580	610	3620	1903	3021	3197	4739	4126	3800	1824	1739	3722	984	2544	1018	2651	4380	984	4946	4560	3991	3007	449	3876	3441	324	3468	311	1409	275	1536	3373	3677	512	2681	4375	3294	4671	3441	1869	3315	2787	3420	2039	4941	4610	3333	4072	3209	2844	2450	1116	2008	3735	3142	4935	3969	3562	1990	3553	3362	1652	5152	
4548	1180	2864	3778	4335	2131	1150	1718	3571	2828	3892	5461	4938	0	3635	2247	4642	1829	3982	2728	1968	3795	247	3091	1929	1045	5170	3315	945	2869	5393	405	4029	2632	1499	2379	626	6224	2480	4329	2275	3927	3932	1812	751	1804	1835	5940	5823	1507	4029	2548	4976	2396	750	4029	740	967	3436	1934	4491	1080	1537	4742	1502	4636	3739	4996	4653	3076	3353	5094	3557	817	1653	278	3033	3100	3384	2445	3527	2922	1549	1151	2714	4056	3741	3543	5815	3881	4258	4093	3439	96	2018	1393	3031	1832	1637	4871	595	
1227	3557	2309	353	1327	1606	3118	1958	3259	811	293	1834	1460	3635	0	1601	1121	1807	1850	1034	1675	3200	3693	545	1867	3311	1635	3671	3195	819	2221	3894	479	1846	2497	1431	3930	2671	1174	954	2163	852	3010	1832	3342	2667	2344	2378	2261	2655	479	1122	1357	1659	3182	479	3777	3439	3661	1784	1087	2632	2253	1186	2134	1224	120	1429	1212	2000	2358	1480	1429	3196	2070	3360	2994	975	3026	1338	3185	753	3488	3535	1901	3960	3088	1588	2516	371	1192	3691	2889	3648	2509	2243	1171	2108	2006	1454	3941	
2761	2590	1198	1631	2718	207	1531	580	3502	955	1893	3321	3052	2247	1601	0	2717	681	1837	569	540	3577	2372	1138	1207	2307	3236	3655	2143	788	3147	2584	2069	670	1676	170	2692	4011	550	2497	705	1692	3523	608	1801	1084	750	3735	3620	1872	2069	543	2835	1503	2033	2069	2610	2396	3707	1047	2648	1486	1351	2787	889	2793	1675	3030	2436	1146	1560	3067	1352	2083	1161	1973	3041	1610	3248	265	3431	1128	1889	2559	784	4199	3476	1377	3568	1937	2012	4043	3184	2286	964	1006	1693	510	731	2644	2688	
386	4379	3374	1224	798	2706	4220	3027	3410	1848	828	1152	342	4642	1121	2717	0	2840	2635	2152	2729	3261	4668	1605	2758	4165	530	3952	4077	1930	2255	4859	648	2946	3348	2547	4861	2106	2255	373	3279	1583	2992	2883	4420	3788	3464	1831	1733	3471	648	2216	882	2401	4105	648	4680	4303	3903	2719	257	3589	3163	131	3161	239	1068	366	1300	3036	3346	543	2354	4105	3008	4373	3319	1610	3226	2453	3346	1728	4606	4363	2991	4035	3157	2517	2351	786	1720	3710	3058	4642	3629	3258	1750	3221	3050	1452	4877	
2789	1953	1833	1958	2643	477	1481	279	2921	1002	2068	3633	3150	1829	1807	681	2840	0	2490	954	163	3027	1898	1264	572	1675	3370	3016	1522	1053	3680	2104	2212	1336	997	715	2166	4414	660	2550	1246	2164	3015	101	1601	1351	1040	4127	4010	1193	2212	737	3148	990	1449	2212	2045	1778	3078	423	2712	883	672	2933	328	2858	1910	3187	2855	1822	2229	3272	1984	1484	481	1553	2430	1411	2670	736	2852	1112	1983	1924	1450	3599	2932	2030	4074	2065	2522	3472	2628	1844	1347	440	1414	748	215	3083	2171	
2911	4427	1316	1536	3130	2022	3006	2416	4935	2034	2026	2521	2942	3982	1850	1837	2635	2490	0	1645	2331	4928	4143	1929	2922	4143	2982	5234	3980	1727	1625	4353	2189	1352	3479	1775	4489	2813	1981	2665	1740	1066	4779	2434	3384	2316	2167	2608	2516	3673	2189	1895	2153	3020	3864	2189	4428	4232	5256	2771	2741	3323	3157	2618	2725	2837	1797	2762	1534	972	968	2651	527	3917	2957	3723	4570	2645	4686	1762	4860	2153	3076	4396	1280	5650	4817	461	2087	2161	957	5420	4575	4037	2080	2843	2824	2156	2568	1588	4480	
2213	2893	1472	1074	2205	607	2095	1010	3360	508	1326	2769	2489	2728	1034	569	2152	954	1645	0	793	3390	2825	608	1289	2619	2669	3609	2472	237	2726	3034	1505	934	1881	400	3113	3496	340	1945	1168	1212	3288	937	2347	1637	1311	3214	3098	2070	1505	252	2282	1388	2403	1505	2999	2727	3640	1145	2093	1837	1572	2219	1260	2236	1106	2461	1924	1270	1693	2499	1119	2438	1368	2451	2955	1216	3106	308	3285	682	2454	2865	1023	4073	3282	1208	3122	1376	1568	3874	3014	2756	1491	1380	1348	1078	1107	2145	3115	
2696	2116	1719	1812	2571	333	1539	309	3002	881	1943	3494	3045	1968	1675	540	2729	163	2331	793	0	3095	2046	1137	673	1838	3259	3125	1685	903	3518	2253	2094	1206	1150	557	2322	4265	512	2451	1156	2004	3067	157	1695	1331	1004	3979	3861	1346	2094	584	3008	1032	1610	2094	2205	1941	3182	514	2611	1044	827	2818	472	2758	1775	3071	2702	1686	2098	3149	1823	1647	630	1691	2525	1356	2750	574	2932	1007	2015	2087	1320	3689	2998	1872	3915	1949	2361	3550	2699	1987	1299	590	1382	704	331	2928	2326	
2901	2780	4770	3553	2475	3389	4254	3293	286	2919	3178	4411	3308	3795	3200	3577	3261	3027	4928	3390	3095	0	3643	2999	2462	2786	3559	913	2853	3237	5344	3719	3120	4225	2424	3500	3553	5363	3119	2920	4249	4044	321	3128	4140	4354	4062	5092	4994	2335	3120	3182	4106	2075	3046	3120	3306	2903	797	2604	3004	2943	2600	3388	3102	3064	3298	3551	4298	4643	5070	3779	4421	2977	2667	3656	766	2287	411	3446	291	2781	4819	2793	4334	778	112	4547	5545	3045	4392	493	399	3728	4373	3083	2104	3774	3155	4521	3593	
4555	961	3060	3856	4322	2240	1380	1820	3410	2882	3940	5525	4955	247	3693	2372	4668	1898	4143	2825	2046	3643	0	3148	1924	862	5193	3124	794	2949	5518	212	4069	2800	1431	2494	388	6311	2557	4345	2457	4033	3795	1893	990	2013	2018	6024	5907	1408	4069	2630	5043	2366	635	4069	495	765	3249	1950	4507	1080	1521	4773	1574	4650	3800	5027	4746	3255	3548	5135	3702	684	1661	427	2878	3100	3233	2553	3370	2964	1795	934	2886	3870	3594	3697	5932	3920	4373	3921	3298	152	2220	1458	3016	1987	1720	4969	363	
1624	3035	2049	763	1597	1104	2616	1427	3012	266	807	2379	1932	3091	545	1138	1605	1264	1929	608	1137	2999	3148	0	1343	2783	2133	3351	2661	371	2640	3349	962	1528	1977	971	3387	3200	650	1361	1775	1139	2855	1293	2819	2222	1887	2908	2791	2143	962	613	1899	1209	2641	962	3237	2908	3360	1249	1515	2088	1719	1688	1591	1661	654	1939	1690	1801	2206	2012	1428	2658	1531	2816	2677	719	2766	876	2937	256	3020	3012	1608	3726	2888	1562	2977	820	1520	3491	2650	3103	2089	1698	895	1627	1466	1930	3397	
2631	1692	2392	2104	2406	1002	1901	831	2350	1090	2078	3687	3035	1929	1867	1207	2758	572	2922	1289	673	2462	1924	1343	0	1445	3278	2452	1334	1287	3946	2107	2184	1877	634	1191	2103	4537	949	2425	1817	2417	2465	672	1918	1895	1599	4244	4127	806	2184	1037	3218	505	1348	2184	1928	1574	2510	160	2587	850	406	2867	668	2728	1983	3120	3030	2350	2767	3244	2399	1349	286	1678	1858	1176	2100	1177	2281	1113	2444	1670	1991	3026	2370	2471	4306	2037	2795	2902	2063	1915	1911	689	1103	1315	695	3269	2120	
3996	285	3267	3538	3711	2125	1888	1730	2550	2524	3520	5129	4421	1045	3311	2307	4165	1675	4143	2619	1838	2786	862	2783	1445	0	4674	2271	177	2678	5340	936	3618	2880	821	2378	801	5981	2298	3816	2630	3812	2950	1717	1601	2352	2229	5688	5571	701	3618	2384	4662	1770	384	3618	566	143	2392	1535	3974	824	1068	4281	1418	4110	3427	4531	4462	3371	3730	4669	3650	298	1265	990	2020	2556	2377	2409	2510	2558	2413	252	2985	3012	2741	3683	5719	3472	4181	3059	2450	965	2505	1302	2433	2081	1576	4698	835	
712	4880	3833	1690	1110	3231	4745	3557	3737	2378	1343	953	266	5170	1635	3236	530	3370	2982	2669	3259	3559	5193	2133	3278	4674	0	4312	4590	2451	2306	5383	1172	3430	3859	3066	5380	1851	2782	857	3778	1975	3269	3413	4950	4300	3979	1613	1538	3976	1172	2741	932	2904	4625	1172	5195	4813	4250	3244	700	4114	3684	449	3691	572	1570	225	1511	3482	3764	375	2765	4622	3532	4901	3706	2118	3574	2972	3677	2258	5123	4865	3468	4320	3462	2924	2295	1313	2031	3980	3402	5169	4134	3788	2246	3741	3580	1590	5397	
3620	2183	4844	4013	3204	3451	3992	3248	641	3205	3713	5101	4051	3315	3671	3655	3952	3016	5234	3609	3125	913	3124	3351	2452	2271	4312	0	2384	3507	5882	3157	3695	4325	2180	3618	2955	6053	3293	3590	4260	4471	1227	3112	3797	4237	3990	5772	5667	2031	3695	3371	4748	2221	2601	3695	2715	2359	142	2611	3698	2668	2444	4083	2993	3780	3782	4273	4846	4787	5209	4489	4710	2520	2573	3234	677	2699	741	3586	676	3104	4555	2205	4438	750	962	4813	6134	3595	4842	894	916	3236	4305	2940	2503	3731	3087	5081	2999	
3921	458	3090	3412	3650	1965	1722	1564	2627	2399	3412	5020	4341	945	3195	2143	4077	1522	3980	2472	1685	2853	794	2661	1334	177	4590	2384	0	2540	5196	905	3516	2709	733	2220	816	5861	2156	3733	2454	3672	3001	1559	1449	2175	2052	5569	5452	650	3516	2241	4550	1695	224	3516	607	256	2501	1412	3893	657	942	4190	1255	4031	3310	4442	4332	3198	3555	4573	3490	139	1133	854	2090	2472	2443	2253	2584	2443	2254	424	2813	3118	2802	3519	5581	3369	4037	3148	2504	875	2328	1137	2359	1907	1414	4567	843	
1980	2944	1691	910	1968	788	2299	1161	3223	319	1108	2599	2265	2869	819	788	1930	1053	1727	237	903	3237	2949	371	1287	2678	2451	3507	2540	0	2666	3156	1282	1162	1906	618	3218	3362	393	1713	1405	1136	3120	1058	2531	1866	1536	3075	2958	2088	1282	321	2112	1297	2490	1282	3089	2794	3530	1160	1862	1926	1614	2002	1375	2006	902	2247	1803	1465	1880	2296	1203	2518	1413	2591	2844	1014	2972	523	3149	476	2676	2918	1246	3938	3128	1316	3042	1149	1510	3726	2871	2890	1725	1492	1161	1291	1232	2033	3224	
2637	5609	2933	1896	3016	3281	4530	3702	5436	2868	2175	1447	2416	5393	2221	3147	2255	3680	1625	2726	3518	5344	5518	2640	3946	5340	2306	5882	5196	2666	0	5729	2224	2859	4571	3025	5826	1283	3041	2504	3273	1530	5114	3657	4879	3870	3666	1164	1115	4751	2224	2956	1398	3845	5128	2224	5722	5451	5866	3825	2480	4562	4279	2161	3978	2494	2106	2150	1046	2571	2586	1934	1879	5164	4077	5120	5208	3195	5214	2971	5364	2895	4667	5582	2816	6118	5233	1945	462	2302	1159	5823	5067	5433	3640	4099	3391	3580	3821	828	5826	
4738	974	3260	4062	4496	2451	1555	2031	3478	3083	4139	5728	5142	405	3894	2584	4859	2104	4353	3034	2253	3719	212	3349	2107	936	5383	3157	905	3156	5729	0	4264	3008	1588	2705	250	6517	2763	4532	2662	4243	3887	2101	1153	2205	2222	6231	6113	1545	4264	2837	5246	2536	784	4264	450	817	3286	2141	4694	1271	1702	4965	1781	4836	4002	5219	4954	3461	3748	5331	3914	815	1851	631	2953	3282	3312	2764	3441	3161	1936	952	3093	3906	3676	3907	6143	4116	4584	3976	3386	326	2416	1664	3191	2197	1928	5178	210	
763	3847	2774	667	942	2059	3573	2388	3219	1213	191	1525	984	4029	479	2069	648	2212	2189	1505	2094	3120	4069	962	2184	3618	1172	3695	3516	1282	2224	4264	0	2322	2797	1899	4281	2433	1611	495	2641	1128	2892	2250	3781	3142	2816	2141	2028	2937	0	1569	1090	1885	3526	0	4112	3752	3668	2127	613	2994	2585	726	2537	746	448	977	1179	2453	2793	1066	1828	3532	2417	3757	3031	1109	3005	1804	3149	1107	3958	3829	2375	3895	3010	1991	2441	148	1381	3599	2852	4035	2986	2639	1285	2572	2420	1401	4295	
3070	3165	550	1742	3111	875	1674	1173	4161	1438	2132	3325	3288	2632	1846	670	2946	1336	1352	934	1206	4225	2800	1528	1877	2880	3430	4325	2709	1162	2859	3008	2322	0	2318	725	3154	3884	1120	2798	416	1601	4155	1253	2039	1016	818	3630	3520	2513	2322	1072	2859	2157	2568	2322	3110	2954	4376	1717	2933	2059	1995	2989	1486	3068	1881	3210	2352	494	892	3198	980	2630	1814	2377	3708	2143	3907	784	4089	1614	1838	3132	114	4862	4122	929	3309	2214	1823	4697	3836	2689	793	1592	2260	820	1341	2519	3143	
3189	1060	2782	2738	2921	1474	1841	1152	2246	1723	2700	4310	3609	1499	2497	1676	3348	997	3479	1881	1150	2424	1431	1977	634	821	3859	2180	733	1906	4571	1588	2797	2318	0	1707	1539	5168	1545	3001	2160	3041	2509	1069	1719	2063	1837	4875	4758	196	2797	1633	3845	963	804	2797	1339	957	2268	746	3161	520	325	3462	855	3298	2615	3713	3664	2809	3205	3849	2965	780	522	1297	1707	1741	2022	1716	2189	1745	2408	1038	2430	2849	2352	3020	4937	2651	3416	2798	2039	1461	2148	778	1627	1606	983	3902	1562	
2594	2660	1272	1466	2557	258	1697	678	3438	799	1723	3159	2882	2379	1431	170	2547	715	1775	400	557	3500	2494	971	1191	2378	3066	3618	2220	618	3025	2705	1899	725	1707	0	2802	3862	414	2328	838	1550	3433	662	1959	1251	919	3584	3468	1903	1899	390	2672	1433	2123	1899	2709	2475	3664	1032	2479	1567	1384	2617	969	2624	1506	2860	2287	1168	1592	2898	1272	2169	1186	2103	2991	1472	3183	96	3365	975	2059	2629	835	4141	3397	1315	3439	1767	1880	3972	3111	2414	1122	1090	1567	678	809	2498	2801	
4721	778	3434	4117	4460	2545	1767	2124	3304	3122	4164	5764	5134	626	3930	2692	4861	2166	4489	3113	2322	3553	388	3387	2103	801	5380	2955	816	3218	5826	250	4281	3154	1539	2802	0	6575	2826	4524	2824	4325	3734	2175	1376	2396	2387	6286	6168	1466	4281	2904	5286	2501	756	4281	247	666	3087	2155	4686	1300	1698	4971	1853	4825	4041	5224	5021	3618	3921	5345	4035	760	1865	805	2789	3267	3149	2855	3271	3187	2173	762	3244	3705	3515	4038	6232	4133	4674	3790	3232	535	2599	1733	3163	2336	2007	5249	45	
2462	6228	4066	2458	2888	4099	5502	4506	5516	3462	2487	953	2076	6224	2671	4011	2106	4414	2813	3496	4265	5363	6311	3200	4537	5981	1851	6053	5861	3362	1283	6517	2433	3884	5168	3862	6575	0	3754	2464	4297	2325	5085	4418	5808	4894	4642	294	410	5325	2433	3681	1343	4303	5836	2433	6434	6108	6007	4449	2362	5276	4919	1977	4737	2299	2554	1817	1575	3689	3780	1585	2934	5856	4730	5946	5410	3541	5330	3787	5451	3424	5722	6206	3866	6134	5260	3040	910	2565	2061	5802	5163	6248	4676	4853	3718	4497	4592	1373	6582	
2258	2569	1670	1300	2184	464	1968	784	3072	423	1451	2983	2580	2480	1174	550	2255	660	1981	340	512	3119	2557	650	949	2298	2782	3293	2156	393	3041	2763	1611	1120	1545	414	2826	3754	0	2001	1249	1515	3038	668	2171	1615	1275	3468	3350	1734	1611	88	2497	1077	2100	1611	2699	2411	3329	806	2158	1535	1242	2337	983	2304	1269	2587	2195	1525	1952	2653	1455	2131	1038	2202	2648	1061	2817	338	2998	586	2387	2542	1224	3781	3014	1537	3425	1469	1883	3597	2735	2499	1512	1099	1154	997	843	2424	2831	
272	4024	3262	1159	517	2462	3968	2755	3058	1583	682	1512	610	4329	954	2497	373	2550	2665	1945	2451	2920	4345	1361	2425	3816	857	3590	3733	1713	2504	4532	495	2798	3001	2328	4524	2464	2001	0	3102	1599	2660	2601	4145	3579	3247	2184	2082	3119	495	1973	1188	2047	3770	495	4338	3955	3544	2397	163	3265	2831	502	2865	308	940	730	1491	2946	3288	915	2320	3766	2683	4063	2951	1261	2867	2233	2992	1443	4381	4009	2856	3697	2814	2483	2646	584	1811	3378	2702	4325	3436	2957	1390	2988	2764	1679	4543	
3372	2911	637	2101	3372	867	1268	1018	4158	1632	2455	3721	3620	2275	2163	705	3279	1246	1740	1168	1156	4249	2457	1775	1817	2630	3778	4260	2454	1405	3273	2662	2641	416	2160	838	2824	4297	1249	3102	0	2003	4211	1149	1645	600	440	4041	3931	2348	2641	1228	3249	2178	2292	2641	2802	2688	4323	1663	3244	1826	1850	3332	1305	3384	2212	3561	2758	802	1107	3564	1395	2361	1694	2031	3675	2310	3906	925	4088	1809	1426	2877	462	4842	4151	1335	3724	2523	2237	4706	3853	2338	380	1392	2398	559	1184	2930	2810	
1845	4080	1905	504	2070	1796	3179	2213	4090	1347	975	1726	1903	3927	852	1692	1583	2164	1066	1212	2004	4044	4033	1139	2417	3812	1975	4471	3672	1136	1530	4243	1128	1601	3041	1550	4325	2325	1515	1599	2003	0	3860	2149	3484	2590	2323	2055	1942	3221	1128	1432	1270	2346	3612	1128	4209	3926	4471	2295	1677	3046	2750	1579	2472	1776	772	1751	759	1537	1790	1679	791	3645	2549	3651	3794	1779	3852	1482	4016	1395	3427	4054	1606	4797	3932	950	1911	1114	382	4535	3722	3959	2382	2592	1974	2172	2318	953	4327	
2624	2971	4704	3362	2198	3344	4311	3288	587	2801	2964	4136	3021	3932	3010	3523	2992	3015	4779	3288	3067	321	3795	2855	2465	2950	3269	1227	3001	3120	5114	3887	2892	4155	2509	3433	3734	5085	3038	2660	4211	3860	0	3116	4227	4359	4054	4819	4723	2443	2892	3095	3848	2036	3183	2892	3488	3074	1115	2597	2735	3025	2650	3117	3123	2787	3102	3270	4070	4554	4979	3501	4283	3119	2694	3775	963	2136	611	3372	567	2652	4872	2981	4262	1051	269	4415	5299	2827	4197	719	502	3871	4361	3117	1965	3761	3160	4288	3773	
2844	1998	1741	1967	2710	412	1405	184	3021	1037	2100	3650	3197	1812	1832	608	2883	101	2434	937	157	3128	1893	1293	672	1717	3413	3112	1559	1058	3657	2101	2250	1253	1069	662	2175	4418	668	2601	1149	2149	3116	0	1544	1252	939	4133	4015	1265	2250	738	3164	1090	1472	2250	2065	1814	3175	524	2762	910	745	2973	322	2909	1932	3226	2853	1742	2144	3305	1934	1513	562	1535	2530	1485	2771	695	2953	1159	1897	1967	1366	3698	3034	1973	4058	2104	2502	3573	2729	1832	1246	443	1496	647	175	3078	2178	
4388	1812	2186	3421	4240	1745	413	1393	3951	2572	3622	5116	4739	751	3342	1801	4420	1601	3384	2347	1695	4140	990	2819	1918	1601	4950	3797	1449	2531	4879	1153	3781	2039	1719	1959	1376	5808	2171	4145	1645	3484	4227	1544	0	1107	1220	5535	5420	1809	3781	2221	4629	2422	1225	3781	1461	1573	3904	1861	4306	1202	1607	4506	1307	4452	3432	4758	4235	2439	2673	4823	3006	1311	1635	631	3408	3001	3735	2042	3897	2702	823	1778	2104	4511	4070	2967	5318	3637	3781	4496	3758	841	1336	1243	2978	1313	1386	4438	1346	
3845	2619	1079	2648	3798	1158	703	1074	4226	2033	2961	4298	4126	1804	2667	1084	3788	1351	2316	1637	1331	4354	2013	2222	1895	2352	4300	4237	2175	1866	3870	2205	3142	1016	2063	1251	2396	4894	1615	3579	600	2590	4359	1252	1107	0	341	4635	4525	2229	3142	1622	3821	2341	1982	3142	2416	2382	4318	1763	3729	1624	1796	3851	1258	3872	2731	4088	3348	1352	1566	4108	1994	2061	1693	1592	3711	2648	3982	1347	4160	2201	839	2583	1054	4877	4264	1928	4323	3014	2835	4782	3955	1879	237	1299	2699	634	1200	3525	2375	
3511	2507	1053	2344	3458	818	866	768	3945	1694	2637	4012	3800	1835	2344	750	3464	1040	2167	1311	1004	4062	2018	1887	1599	2229	3979	3990	2052	1536	3666	2222	2816	818	1837	919	2387	4642	1275	3247	440	2323	4054	939	1220	341	0	4377	4264	2016	2816	1284	3531	2026	1879	2816	2372	2278	4064	1459	3398	1449	1548	3530	996	3542	2412	3770	3081	1241	1536	3797	1789	1952	1421	1592	3440	2308	3698	1014	3878	1861	1144	2472	887	4609	3969	1747	4111	2685	2592	4499	3663	1899	316	1059	2362	300	912	3269	2372	
2195	5935	3833	2170	2620	3819	5234	4223	5240	3171	2194	683	1824	5940	2378	3735	1831	4127	2608	3214	3979	5092	6024	2908	4244	5688	1613	5772	5569	3075	1164	6231	2141	3630	4875	3584	6286	294	3468	2184	4041	2055	4819	4133	5535	4635	4377	0	118	5032	2141	3395	1050	4009	5546	2141	6144	5816	5728	4157	2088	4987	4627	1704	4451	2032	2261	1559	1300	3456	3568	1322	2692	5565	4439	5662	5126	3248	5051	3508	5175	3131	5467	5913	3616	5865	4988	2806	879	2272	1810	5537	4886	5964	4421	4567	3425	4225	4307	1111	6294	
2101	5818	3731	2052	2526	3702	5121	4106	5140	3053	2078	593	1739	5823	2261	3620	1733	4010	2516	3098	3861	4994	5907	2791	4127	5571	1538	5667	5452	2958	1115	6113	2028	3520	4758	3468	6168	410	3350	2082	3931	1942	4723	4015	5420	4525	4264	118	0	4915	2028	3278	938	3893	5428	2028	6026	5698	5624	4040	1990	4869	4509	1607	4333	1938	2144	1471	1186	3353	3473	1233	2588	5448	4321	5545	5019	3134	4949	3392	5074	3014	5357	5796	3508	5768	4890	2704	873	2158	1703	5442	4784	5847	4311	4449	3312	4111	4190	1001	6176	
3296	911	2973	2906	3011	1671	1966	1345	2141	1894	2848	4456	3722	1507	2655	1872	3471	1193	3673	2070	1346	2335	1408	2143	806	701	3976	2031	650	2088	4751	1545	2937	2513	196	1903	1466	5325	1734	3119	2348	3221	2443	1265	1809	2229	2016	5032	4915	0	2937	1822	3996	1072	773	2937	1250	843	2126	930	3276	637	521	3588	1044	3411	2774	3837	3832	3004	3399	3980	3159	730	717	1333	1598	1861	1928	1911	2088	1905	2532	893	2625	2718	2270	3215	5111	2793	3598	2688	1960	1457	2325	960	1733	1792	1176	4072	1494	
763	3847	2774	667	942	2059	3573	2388	3219	1213	191	1525	984	4029	479	2069	648	2212	2189	1505	2094	3120	4069	962	2184	3618	1172	3695	3516	1282	2224	4264	0	2322	2797	1899	4281	2433	1611	495	2641	1128	2892	2250	3781	3142	2816	2141	2028	2937	0	1569	1090	1885	3526	0	4112	3752	3668	2127	613	2994	2585	726	2537	746	448	977	1179	2453	2793	1066	1828	3532	2417	3757	3031	1109	3005	1804	3149	1107	3958	3829	2375	3895	3010	1991	2441	148	1381	3599	2852	4035	2986	2639	1285	2572	2420	1401	4295	
2233	2655	1621	1230	2176	491	2004	842	3140	412	1404	2919	2544	2548	1122	543	2216	737	1895	252	584	3182	2630	613	1037	2384	2741	3371	2241	321	2956	2837	1569	1072	1633	390	2904	3681	88	1973	1228	1432	3095	738	2221	1622	1284	3395	3278	1822	1569	0	2432	1152	2182	1569	2780	2496	3405	895	2128	1616	1329	2294	1056	2274	1213	2543	2118	1461	1888	2602	1369	2213	1125	2270	2723	1085	2886	303	3067	585	2409	2628	1173	3851	3076	1454	3342	1430	1797	3663	2801	2569	1508	1174	1190	1016	912	2346	2908	
1268	4903	3174	1208	1674	2887	4362	3273	4236	2165	1149	487	1018	4976	1357	2835	882	3148	2153	2282	3008	4106	5043	1899	3218	4662	932	4748	4550	2112	1398	5246	1090	2859	3845	2672	5286	1343	2497	1188	3249	1270	3848	3164	4629	3821	3531	1050	938	3996	1090	2432	0	2963	4538	1090	5133	4792	4710	3140	1127	3987	3608	775	3475	1115	1245	756	622	2802	3020	558	2039	4553	3426	4699	4093	2198	4037	2588	4169	2107	4660	4882	2871	4884	4000	2186	1469	1222	1201	4567	3876	4992	3625	3587	2375	3341	3339	661	5296	
2227	1978	2698	1953	1961	1315	2400	1268	2005	1013	1815	3410	2651	2396	1659	1503	2401	990	3020	1388	1032	2075	2366	1209	505	1770	2904	2221	1695	1297	3845	2536	1885	2157	963	1433	2501	4303	1077	2047	2178	2346	2036	1090	2422	2341	2026	4009	3893	1072	1885	1152	2963	0	1756	1885	2302	1910	2253	592	2205	1319	861	2519	1161	2340	1779	2766	2867	2593	3020	2915	2494	1741	788	2157	1571	791	1750	1387	1932	953	2936	1962	2268	2709	1975	2593	4168	1745	2728	2541	1682	2373	2328	1192	664	1730	1159	3109	2523	
3969	637	2926	3379	3717	1866	1504	1453	2827	2376	3412	5014	4380	750	3182	2033	4105	1449	3864	2403	1610	3046	635	2641	1348	384	4625	2601	224	2490	5128	784	3526	2568	804	2123	756	5836	2100	3770	2292	3612	3183	1472	1225	1982	1879	5546	5428	773	3526	2182	4538	1756	0	3526	599	401	2717	1402	3931	566	942	4215	1155	4072	3294	4468	4292	3053	3398	4590	3385	87	1113	633	2287	2514	2635	2165	2781	2435	2031	602	2669	3333	2991	3405	5523	3378	3971	3354	2689	690	2144	1034	2415	1756	1314	4523	773	
763	3847	2774	667	942	2059	3573	2388	3219	1213	191	1525	984	4029	479	2069	648	2212	2189	1505	2094	3120	4069	962	2184	3618	1172	3695	3516	1282	2224	4264	0	2322	2797	1899	4281	2433	1611	495	2641	1128	2892	2250	3781	3142	2816	2141	2028	2937	0	1569	1090	1885	3526	0	4112	3752	3668	2127	613	2994	2585	726	2537	746	448	977	1179	2453	2793	1066	1828	3532	2417	3757	3031	1109	3005	1804	3149	1107	3958	3829	2375	3895	3010	1991	2441	148	1381	3599	2852	4035	2986	2639	1285	2572	2420	1401	4295	
4528	533	3425	3978	4256	2451	1829	2033	3058	2973	4002	5608	4946	740	3777	2610	4680	2045	4428	2999	2205	3306	495	3237	1928	566	5195	2715	607	3089	5722	450	4112	3110	1339	2709	247	6434	2699	4338	2802	4209	3488	2065	1461	2416	2372	6144	6026	1250	4112	2780	5133	2302	599	4112	0	426	2845	1993	4498	1164	1528	4792	1745	4636	3890	5044	4891	3585	3907	5172	3961	581	1707	844	2542	3078	2902	2755	3024	3028	2277	516	3206	3465	3269	3973	6120	3965	4566	3545	2986	644	2606	1623	2966	2291	1903	5122	288	
4136	242	3323	3661	3853	2219	1884	1816	2662	2648	3652	5261	4560	967	3439	2396	4303	1778	4232	2727	1941	2903	765	2908	1574	143	4813	2359	256	2794	5451	817	3752	2954	957	2475	666	6108	2411	3955	2688	3926	3074	1814	1573	2382	2278	5816	5698	843	3752	2496	4792	1910	401	3752	426	0	2484	1659	4114	910	1190	4418	1509	4250	3555	4669	4583	3441	3792	4805	3744	327	1384	948	2137	2695	2496	2509	2625	2686	2393	207	3056	3105	2861	3772	5835	3606	4292	3163	2573	882	2545	1390	2573	2146	1668	4818	702	
3564	2313	4900	4007	3145	3504	4090	3316	538	3224	3693	5054	3991	3436	3661	3707	3903	3078	5256	3640	3182	797	3249	3360	2510	2392	4250	142	2501	3530	5866	3286	3668	4376	2268	3664	3087	6007	3329	3544	4323	4471	1115	3175	3904	4318	4064	5728	5624	2126	3668	3405	4710	2253	2717	3668	2845	2484	0	2668	3648	2763	2522	4033	3069	3725	3770	4218	4826	4833	5257	4437	4733	2637	2644	3349	686	2695	678	3629	584	3117	4655	2334	4489	621	856	4840	6109	3571	4839	751	849	3358	4379	3019	2499	3800	3157	5059	3130	
2614	1793	2233	2003	2412	841	1813	692	2499	989	2010	3614	3007	1934	1784	1047	2719	423	2771	1145	514	2604	1950	1249	160	1535	3244	2611	1412	1160	3825	2141	2127	1717	746	1032	2155	4449	806	2397	1663	2295	2597	524	1861	1763	1459	4157	4040	930	2127	895	3140	592	1402	2127	1993	1659	2668	0	2559	870	469	2824	572	2703	1899	3078	2927	2189	2606	3192	2249	1413	290	1674	2013	1170	2248	1020	2430	1034	2345	1769	1830	3180	2510	2318	4193	1979	2670	3050	2206	1928	1769	618	1123	1170	569	3164	2168	
172	4180	3388	1261	547	2618	4125	2915	3154	1741	804	1409	449	4491	1087	2648	257	2712	2741	2093	2611	3004	4507	1515	2587	3974	700	3698	3893	1862	2480	4694	613	2933	3161	2479	4686	2362	2158	163	3244	1677	2735	2762	4306	3729	3398	2088	1990	3276	613	2128	1127	2205	3931	613	4498	4114	3648	2559	0	3428	2993	385	3027	147	1061	589	1494	3064	3396	791	2418	3926	2846	4226	3068	1421	2970	2384	3089	1604	4534	4165	2987	3779	2900	2582	2595	721	1860	3454	2802	4488	3582	3119	1546	3142	2925	1665	4704	
3477	1108	2463	2819	3255	1310	1329	908	2763	1823	2870	4466	3876	1080	2632	1486	3589	883	3323	1837	1044	2943	1080	2088	850	824	4114	2668	657	1926	4562	1271	2994	2059	520	1567	1300	5276	1535	3265	1826	3046	3025	910	1202	1624	1449	4987	4869	637	2994	1616	3987	1319	566	2994	1164	910	2763	870	3428	0	458	3694	599	3571	2742	3948	3728	2551	2918	4060	2835	603	582	838	2223	2025	2541	1604	2707	1892	1896	1076	2165	3354	2871	2863	4957	2845	3405	3314	2558	1065	1744	480	1951	1271	758	3958	1309	
3036	1331	2466	2472	2803	1150	1660	836	2448	1458	2474	4081	3441	1537	2253	1351	3163	672	3157	1572	827	2600	1521	1719	406	1068	3684	2444	942	1614	4279	1702	2585	1995	325	1384	1698	4919	1242	2831	1850	2750	2650	745	1607	1796	1548	4627	4509	521	2585	1329	3608	861	942	2585	1528	1190	2522	469	2993	458	0	3273	553	3134	2367	3526	3394	2486	2884	3648	2646	948	204	1296	1922	1580	2211	1396	2386	1501	2223	1305	2108	3083	2519	2698	4654	2437	3122	3004	2206	1518	1862	498	1497	1301	667	3630	1714	
500	4497	3403	1254	920	2783	4298	3114	3539	1937	894	1024	324	4742	1186	2787	131	2933	2618	2219	2818	3388	4773	1688	2867	4281	449	4083	4190	2002	2161	4965	726	2989	3462	2617	4971	1977	2337	502	3332	1579	3117	2973	4506	3851	3530	1704	1607	3588	726	2294	775	2519	4215	726	4792	4418	4033	2824	385	3694	3273	0	3256	342	1121	255	1234	3058	3356	413	2360	4216	3114	4472	3449	1728	3355	2523	3475	1823	4673	4481	3030	4162	3285	2522	2241	870	1687	3835	3188	4744	3687	3355	1872	3293	3142	1370	4987	
3099	1702	1930	2283	2935	712	1241	315	2969	1329	2394	3960	3468	1502	2134	889	3161	328	2725	1260	472	3102	1574	1591	668	1418	3691	2993	1255	1375	3978	1781	2537	1486	855	969	1853	4737	983	2865	1305	2472	3123	322	1307	1258	996	4451	4333	1044	2537	1056	3475	1161	1155	2537	1745	1509	3069	572	3027	599	553	3256	0	3173	2237	3510	3174	1980	2364	3599	2236	1200	436	1226	2453	1694	2726	1010	2903	1433	1777	1670	1595	3620	3015	2265	4380	2390	2823	3525	2704	1517	1311	122	1673	751	159	3399	1856	
163	4313	3517	1380	589	2764	4272	3062	3223	1888	937	1350	311	4636	1224	2793	239	2858	2837	2236	2758	3064	4650	1661	2728	4110	572	3780	4031	2006	2494	4836	746	3068	3298	2624	4825	2299	2304	308	3384	1776	2787	2909	4452	3872	3542	2032	1938	3411	746	2274	1115	2340	4072	746	4636	4250	3725	2703	147	3571	3134	342	3173	0	1191	493	1536	3189	3514	715	2530	4066	2989	4371	3159	1559	3047	2528	3160	1751	4679	4299	3120	3835	2962	2694	2582	861	1937	3505	2877	4631	3724	3265	1679	3288	3072	1690	4844	
1210	3674	2327	268	1348	1691	3198	2052	3362	920	258	1726	1409	3739	120	1675	1068	1910	1797	1106	1775	3298	3800	654	1983	3427	1570	3782	3310	902	2106	4002	448	1881	2615	1506	4041	2554	1269	940	2212	772	3102	1932	3432	2731	2412	2261	2144	2774	448	1213	1245	1779	3294	448	3890	3555	3770	1899	1061	2742	2367	1121	2237	1191	0	1358	1093	2006	2351	1395	1400	3310	2183	3463	3106	1089	3131	1413	3289	870	3556	3652	1930	4061	3186	1561	2397	373	1096	3788	2992	3753	2565	2347	1285	2184	2106	1335	4051	
654	4744	3609	1469	1077	3031	4545	3366	3714	2189	1140	878	275	4996	1429	3030	366	3187	2762	2461	3071	3551	5027	1939	3120	4531	225	4273	4442	2247	2150	5219	977	3210	3713	2860	5224	1817	2587	730	3561	1751	3270	3226	4758	4088	3770	1559	1471	3837	977	2543	756	2766	4468	977	5044	4669	4218	3078	589	3948	3526	255	3510	493	1358	0	1307	3257	3539	239	2540	4468	3368	4726	3650	1976	3540	2766	3652	2077	4914	4729	3247	4319	3450	2700	2176	1122	1814	3986	3370	4999	3920	3610	2115	3537	3395	1403	5240	
1660	4719	2613	927	2008	2525	3936	2934	4391	1941	1134	1008	1536	4653	1212	2436	1300	2855	1534	1924	2702	4298	4746	1690	3030	4462	1511	4846	4332	1803	1046	4954	1179	2352	3664	2287	5021	1575	2195	1491	2758	759	4070	2853	4235	3348	3081	1300	1186	3832	1179	2118	622	2867	4292	1179	4891	4583	4826	2927	1494	3728	3394	1234	3174	1536	1093	1307	0	2236	2423	1152	1464	4317	3199	4375	4174	2174	4171	2213	4320	1934	4183	4695	2349	5072	4188	1601	1305	1258	591	4778	4022	4680	3138	3292	2368	2925	3026	242	5026	
3216	3655	379	1812	3317	1352	2049	1666	4595	1773	2263	3240	3373	3076	2000	1146	3036	1822	972	1270	1686	4643	3255	1801	2350	3371	3482	4787	3198	1465	2571	3461	2453	494	2809	1168	3618	3689	1525	2946	802	1537	4554	1742	2439	1352	1241	3456	3353	3004	2453	1461	2802	2593	3053	2453	3585	3441	4833	2189	3064	2551	2486	3058	1980	3189	2006	3257	2236	0	427	3209	772	3117	2302	2829	4158	2478	4340	1206	4522	1940	2106	3622	386	5302	4537	649	3031	2368	1659	5122	4260	3139	1115	2085	2617	1298	1834	2364	3605	
3554	4013	489	2135	3684	1766	2267	2055	5022	2192	2607	3429	3677	3353	2358	1560	3346	2229	968	1693	2098	5070	3548	2206	2767	3730	3764	5209	3555	1880	2586	3748	2793	892	3205	1592	3921	3780	1952	3288	1107	1790	4979	2144	2673	1566	1536	3568	3473	3399	2793	1888	3020	3020	3398	2793	3907	3792	5257	2606	3396	2918	2884	3356	2364	3514	2351	3539	2423	427	0	3468	1000	3466	2706	3121	4583	2894	4767	1633	4949	2356	2220	3979	779	5729	4965	841	3048	2720	1832	5549	4688	3422	1339	2464	3037	1649	2224	2516	3904	
879	4890	3569	1463	1304	3084	4593	3436	3938	2271	1205	640	512	5094	1480	3067	543	3272	2651	2499	3149	3779	5135	2012	3244	4669	375	4489	4573	2296	1934	5331	1066	3198	3849	2898	5345	1585	2653	915	3564	1679	3501	3305	4823	4108	3797	1322	1233	3980	1066	2602	558	2915	4590	1066	5172	4805	4437	3192	791	4060	3648	413	3599	715	1395	239	1152	3209	3468	0	2470	4594	3482	4821	3859	2124	3759	2807	3874	2173	4940	4873	3227	4549	3677	2627	1943	1215	1695	4218	3590	5100	3930	3702	2275	3577	3477	1218	5360	
2581	3932	1150	1162	2748	1525	2652	1932	4420	1514	1648	2469	2681	3557	1429	1352	2354	1984	527	1119	1823	4421	3702	1428	2399	3650	2765	4710	3490	1203	1879	3914	1828	980	2965	1272	4035	2934	1455	2320	1395	791	4283	1934	3006	1994	1789	2692	2588	3159	1828	1369	2039	2494	3385	1828	3961	3744	4733	2249	2418	2835	2646	2360	2236	2530	1400	2540	1464	772	1000	2470	0	3434	2444	3290	4047	2147	4170	1250	4346	1641	2804	3901	943	5136	4311	164	2329	1773	888	4913	4063	3605	1766	2355	2321	1726	2077	1595	4030	
3960	558	2996	3401	3701	1912	1591	1503	2755	2394	3422	5027	4375	817	3196	2083	4105	1484	3917	2438	1647	2977	684	2658	1349	298	4622	2520	139	2518	5164	815	3532	2630	780	2169	760	5856	2131	3766	2361	3645	3119	1513	1311	2061	1952	5565	5448	730	3532	2213	4553	1741	87	3532	581	327	2637	1413	3926	603	948	4216	1200	4066	3310	4468	4317	3117	3466	4594	3434	0	1127	715	2216	2507	2567	2208	2710	2447	2118	523	2732	3254	2924	3458	5555	3385	4006	3279	2624	752	2221	1079	2402	1821	1359	4550	782	
2897	1532	2299	2279	2684	957	1636	677	2533	1268	2299	3902	3294	1653	2070	1161	3008	481	2957	1368	630	2667	1661	1531	286	1265	3532	2573	1133	1413	4077	1851	2417	1814	522	1186	1865	4730	1038	2683	1694	2549	2694	562	1635	1693	1421	4439	4321	717	2417	1125	3426	788	1113	2417	1707	1384	2644	290	2846	582	204	3114	436	2989	2183	3368	3199	2302	2706	3482	2444	1127	0	1398	2020	1447	2290	1195	2468	1322	2188	1505	1928	3188	2581	2498	4454	2269	2920	3089	2269	1644	1737	425	1384	1157	514	3434	1879	
4286	1184	2633	3501	4082	1854	984	1441	3445	2553	3619	5184	4671	278	3360	1973	4373	1553	3723	2451	1691	3656	427	2816	1678	990	4901	3234	854	2591	5120	631	3757	2377	1297	2103	805	5946	2202	4063	2031	3651	3775	1535	631	1592	1592	5662	5545	1333	3757	2270	4699	2157	633	3757	844	948	3349	1674	4226	838	1296	4472	1226	4371	3463	4726	4375	2829	3121	4821	3290	715	1398	0	2903	2843	3245	2169	3397	2651	1454	1150	2462	3964	3595	3280	5541	3609	3983	3978	3289	315	1795	1119	2781	1569	1360	4594	785	
3002	2018	4238	3336	2596	2842	3548	2680	544	2537	3042	4461	3441	3033	2994	3041	3319	2430	4570	2955	2525	766	2878	2677	1858	2020	3706	677	2090	2844	5208	2953	3031	3708	1707	2991	2789	5410	2648	2951	3675	3794	963	2530	3408	3711	3440	5126	5019	1598	3031	2723	4093	1571	2287	3031	2542	2137	686	2013	3068	2223	1922	3449	2453	3159	3106	3650	4174	4158	4583	3859	4047	2216	2020	2903	0	2022	360	2952	495	2432	4115	2030	3820	1169	728	4155	5466	2926	4165	1091	473	2965	3755	2417	1826	3166	2528	4410	2829	
1456	2769	2686	1314	1244	1493	2890	1661	2315	708	1066	2632	1869	3100	975	1610	1610	1411	2645	1216	1356	2287	3100	719	1176	2556	2118	2699	2472	1014	3195	3282	1109	2143	1741	1472	3267	3541	1061	1261	2310	1779	2136	1485	3001	2648	2308	3248	3134	1861	1109	1085	2198	791	2514	1109	3078	2695	2695	1170	1421	2025	1580	1728	1694	1559	1089	1976	2174	2478	2894	2124	2147	2507	1447	2843	2022	0	2074	1388	2240	538	3370	2753	2237	3025	2175	2281	3477	976	2145	2780	1948	3090	2565	1768	197	2015	1624	2414	3286	
2886	2378	4446	3375	2468	3055	3857	2931	255	2657	3039	4377	3315	3384	3026	3248	3226	2670	4686	3106	2750	411	3233	2766	2100	2377	3574	741	2443	2972	5214	3312	3005	3907	2022	3183	3149	5330	2817	2867	3906	3852	611	2771	3735	3982	3698	5051	4949	1928	3005	2886	4037	1750	2635	3005	2902	2496	678	2248	2970	2541	2211	3355	2726	3047	3131	3540	4171	4340	4767	3759	4170	2567	2290	3245	360	2074	0	3135	183	2533	4424	2390	4017	967	368	4287	5445	2914	4213	802	176	3318	4011	2700	1881	3415	2787	4402	3188	
2498	2688	1333	1380	2463	314	1787	733	3390	708	1629	3075	2787	2445	1338	265	2453	736	1762	308	574	3446	2553	876	1177	2409	2972	3586	2253	523	2971	2764	1804	784	1716	96	2855	3787	338	2233	925	1482	3372	695	2042	1347	1014	3508	3392	1911	1804	303	2588	1387	2165	1804	2755	2509	3629	1020	2384	1604	1396	2523	1010	2528	1413	2766	2213	1206	1633	2807	1250	2208	1195	2169	2952	1388	3135	0	3317	884	2154	2659	890	4096	3342	1305	3380	1672	1821	3921	3059	2477	1217	1132	1489	771	852	2427	2855	
2998	2496	4628	3536	2576	3237	4027	3112	75	2833	3190	4498	3420	3527	3185	3431	3346	2852	4860	3285	2932	291	3370	2937	2281	2510	3677	676	2584	3149	5364	3441	3149	4089	2189	3365	3271	5451	2998	2992	4088	4016	567	2953	3897	4160	3878	5175	5074	2088	3149	3067	4169	1932	2781	3149	3024	2625	584	2430	3089	2707	2386	3475	2903	3160	3289	3652	4320	4522	4949	3874	4346	2710	2468	3397	495	2240	183	3317	0	2707	4594	2510	4200	790	299	4464	5587	3062	4375	622	298	3459	4191	2876	2050	3596	2966	4549	3311	
1691	2804	2154	1010	1599	1048	2531	1312	2782	178	978	2580	2039	2922	753	1128	1728	1112	2153	682	1007	2781	2964	256	1113	2558	2258	3104	2443	476	2895	3161	1107	1614	1745	975	3187	3424	586	1443	1809	1395	2652	1159	2702	2201	1861	3131	3014	1905	1107	585	2107	953	2435	1107	3028	2686	3117	1034	1604	1892	1501	1823	1433	1751	870	2077	1934	1940	2356	2173	1641	2447	1322	2651	2432	538	2533	884	2707	0	2969	2782	1705	3497	2671	1766	3227	959	1776	3272	2423	2928	2093	1533	688	1582	1324	2175	3199	
4642	2632	1771	3483	4565	1923	567	1715	4653	2810	3780	5137	4941	1549	3488	1889	4606	1983	3076	2454	2015	4819	1795	3020	2444	2413	5123	4555	2254	2676	4667	1936	3958	1838	2408	2059	2173	5722	2387	4381	1426	3427	4872	1897	823	839	1144	5467	5357	2532	3958	2409	4660	2936	2031	3958	2277	2393	4655	2345	4534	1896	2223	4673	1777	4679	3556	4914	4183	2106	2220	4940	2804	2118	2188	1454	4115	3370	4424	2154	4594	2969	0	2598	1861	5250	4741	2723	5124	3826	3661	5206	4427	1644	1046	1763	3393	1393	1787	4357	2139	
4180	35	3513	3771	3881	2376	2090	1982	2543	2755	3737	5346	4610	1151	3535	2559	4363	1924	4396	2865	2087	2793	934	3012	1670	252	4865	2205	424	2918	5582	952	3829	3132	1038	2629	762	6206	2542	4009	2877	4054	2981	1967	1778	2583	2472	5913	5796	893	3829	2628	4882	1962	602	3829	516	207	2334	1769	4165	1076	1305	4481	1670	4299	3652	4729	4695	3622	3979	4873	3901	523	1505	1150	2030	2753	2390	2659	2510	2782	2598	0	3236	2954	2758	3935	5959	3684	4424	3030	2479	1061	2743	1554	2620	2330	1828	4933	803	
3128	3269	450	1778	3181	989	1730	1283	4272	1530	2184	3332	3333	2714	1901	784	2991	1450	1280	1023	1320	4334	2886	1608	1991	2985	3468	4438	2813	1246	2816	3093	2375	114	2430	835	3244	3866	1224	2856	462	1606	4262	1366	2104	1054	887	3616	3508	2625	2375	1173	2871	2268	2669	2375	3206	3056	4489	1830	2987	2165	2108	3030	1595	3120	1930	3247	2349	386	779	3227	943	2732	1928	2462	3820	2237	4017	890	4200	1705	1861	3236	0	4974	4231	875	3270	2272	1806	4807	3946	2773	823	1700	2358	916	1452	2508	3233	
3671	2933	5397	4312	3246	4002	4683	3849	715	3623	3948	5183	4072	4056	3960	4199	4035	3599	5650	4073	3689	778	3870	3726	3026	3012	4320	750	3118	3938	6118	3906	3895	4862	2849	4141	3705	6134	3781	3697	4842	4797	1051	3698	4511	4877	4609	5865	5768	2718	3895	3851	4884	2709	3333	3895	3465	3105	621	3180	3779	3354	3083	4162	3620	3835	4061	4319	5072	5302	5729	4549	5136	3254	3188	3964	1169	3025	967	4096	790	3497	5250	2954	4974	0	886	5254	6323	3817	5151	357	1077	3978	4924	3580	2836	4335	3697	5296	3749	
2799	2746	4667	3442	2374	3289	4176	3201	321	2810	3067	4308	3209	3741	3088	3476	3157	2932	4817	3282	2998	112	3594	2888	2370	2741	3462	962	2802	3128	5233	3676	3010	4122	2352	3397	3515	5260	3014	2814	4151	3932	269	3034	4070	4264	3969	4988	4890	2270	3010	3076	4000	1975	2991	3010	3269	2861	856	2510	2900	2871	2519	3285	3015	2962	3186	3450	4188	4537	4965	3677	4311	2924	2581	3595	728	2175	368	3342	299	2671	4741	2758	4231	886	0	4437	5437	2934	4280	605	314	3676	4279	2999	1993	3681	3064	4411	3555	
2744	3966	1027	1325	2909	1561	2602	1956	4539	1631	1811	2609	2844	3543	1588	1377	2517	2030	461	1208	1872	4547	3697	1562	2471	3683	2924	4813	3519	1316	1945	3907	1991	929	3020	1315	4038	3040	1537	2483	1335	950	4415	1973	2967	1928	1747	2806	2704	3215	1991	1454	2186	2593	3405	1991	3973	3772	4840	2318	2582	2863	2698	2522	2265	2694	1561	2700	1601	649	841	2627	164	3458	2498	3280	4155	2281	4287	1305	4464	1766	2723	3935	875	5254	4437	0	2401	1935	1017	5037	4184	3595	1696	2383	2451	1712	2107	1719	4031	
2737	5984	3394	2217	3141	3693	4976	4113	5657	3218	2425	1360	2450	5815	2516	3568	2351	4074	2087	3122	3915	5545	5932	2977	4306	5719	2295	6134	5581	3042	462	6143	2441	3309	4937	3439	6232	910	3425	2646	3724	1911	5299	4058	5318	4323	4111	879	873	5111	2441	3342	1469	4168	5523	2441	6120	5835	6109	4193	2595	4957	4654	2241	4380	2582	2397	2176	1305	3031	3048	1943	2329	5555	4454	5541	5466	3477	5445	3380	5587	3227	5124	5959	3270	6323	5437	2401	0	2540	1559	6014	5291	5852	4093	4501	3670	4014	4225	1063	6234	
856	3703	2680	625	976	1921	3434	2244	3134	1067	142	1666	1116	3881	371	1937	786	2065	2161	1376	1949	3045	3920	820	2037	3472	1313	3595	3369	1149	2302	4116	148	2214	2651	1767	4133	2565	1469	584	2523	1114	2827	2104	3637	3014	2685	2272	2158	2793	148	1430	1222	1745	3378	148	3965	3606	3571	1979	721	2845	2437	870	2390	861	373	1122	1258	2368	2720	1215	1773	3385	2269	3609	2926	976	2914	1672	3062	959	3826	3684	2272	3817	2934	1935	2540	0	1399	3528	2764	3886	2863	2491	1157	2437	2273	1488	4147	
2032	4451	2038	839	2310	2133	3456	2554	4448	1729	1258	1597	2008	4258	1192	2012	1720	2522	957	1568	2361	4392	4373	1520	2795	4181	2031	4842	4037	1510	1159	4584	1381	1823	3416	1880	4674	2061	1883	1811	2237	382	4197	2502	3781	2835	2592	1810	1703	3598	1381	1797	1201	2728	3971	1381	4566	4292	4839	2670	1860	3405	3122	1687	2823	1937	1096	1814	591	1659	1832	1695	888	4006	2920	3983	4165	2145	4213	1821	4375	1776	3661	4424	1806	5151	4280	1017	1559	1399	0	4882	4079	4294	2615	2945	2341	2470	2668	706	4675	
3341	3012	5239	4044	2916	3851	4639	3733	557	3408	3662	4854	3735	4093	3691	4043	3710	3472	5420	3874	3550	493	3921	3491	2902	3059	3980	894	3148	3726	5823	3976	3599	4697	2798	3972	3790	5802	3597	3378	4706	4535	719	3573	4496	4782	4499	5537	5442	2688	3599	3663	4567	2541	3354	3599	3545	3163	751	3050	3454	3314	3004	3835	3525	3505	3788	3986	4778	5122	5549	4218	4913	3279	3089	3978	1091	2780	802	3921	622	3272	5206	3030	4807	357	605	5037	6014	3528	4882	0	862	4020	4813	3496	2596	4217	3588	4998	3832	
2716	2470	4379	3240	2296	2995	3862	2894	370	2553	2892	4210	3142	3439	2889	3184	3058	2628	4575	3014	2699	399	3298	2650	2063	2450	3402	916	2504	2871	5067	3386	2852	3836	2039	3111	3232	5163	2735	2702	3853	3722	502	2729	3758	3955	3663	4886	4784	1960	2852	2801	3876	1682	2689	2852	2986	2573	849	2206	2802	2558	2206	3188	2704	2877	2992	3370	4022	4260	4688	3590	4063	2624	2269	3289	473	1948	176	3059	298	2423	4427	2479	3946	1077	314	4184	5291	2764	4079	862	0	3376	3974	2686	1759	3376	2756	4251	3271	
4541	1091	2934	3799	4320	2163	1235	1747	3502	2838	3901	5477	4935	96	3648	2286	4642	1844	4037	2756	1987	3728	152	3103	1915	965	5169	3236	875	2890	5433	326	4035	2689	1461	2414	535	6248	2499	4325	2338	3959	3871	1832	841	1879	1899	5964	5847	1457	4035	2569	4992	2373	690	4035	644	882	3358	1928	4488	1065	1518	4744	1517	4631	3753	4999	4680	3139	3422	5100	3605	752	1644	315	2965	3090	3318	2477	3459	2928	1644	1061	2773	3978	3676	3595	5852	3886	4294	4020	3376	0	2090	1405	3014	1883	1657	4900	506	
3704	2778	851	2467	3680	1075	937	1080	4259	1919	2802	4099	3969	2018	2509	964	3629	1347	2080	1491	1299	4373	2220	2089	1911	2505	4134	4305	2328	1725	3640	2416	2986	793	2148	1122	2599	4676	1512	3436	380	2382	4361	1246	1336	237	316	4421	4311	2325	2986	1508	3625	2328	2144	2986	2606	2545	4379	1769	3582	1744	1862	3687	1311	3724	2565	3920	3138	1115	1339	3930	1766	2221	1737	1795	3755	2565	4011	1217	4191	2093	1046	2743	823	4924	4279	1696	4093	2863	2615	4813	3974	2090	0	1371	2632	600	1227	3310	2580	
3187	1586	2022	2398	3012	832	1214	428	2939	1435	2500	4071	3562	1393	2243	1006	3258	440	2843	1380	590	3083	1458	1698	689	1302	3788	2940	1137	1492	4099	1664	2639	1592	778	1090	1733	4853	1099	2957	1392	2592	3117	443	1243	1299	1059	4567	4449	960	2639	1174	3587	1192	1034	2639	1623	1390	3019	618	3119	480	498	3355	122	3265	2347	3610	3292	2085	2464	3702	2355	1079	425	1119	2417	1768	2700	1132	2876	1533	1763	1554	1700	3580	2999	2383	4501	2491	2945	3496	2686	1405	1371	0	1736	834	280	3518	1736	
1563	2634	2807	1511	1306	1557	2894	1678	2124	845	1253	2801	1990	3031	1171	1693	1750	1414	2824	1348	1382	2104	3016	895	1103	2433	2246	2503	2359	1161	3391	3191	1285	2260	1627	1567	3163	3718	1154	1390	2398	1974	1965	1496	2978	2699	2362	3425	3312	1733	1285	1190	2375	664	2415	1285	2966	2573	2499	1123	1546	1951	1497	1872	1673	1679	1285	2115	2368	2617	3037	2275	2321	2402	1384	2781	1826	197	1881	1489	2050	688	3393	2620	2358	2836	1993	2451	3670	1157	2341	2596	1759	3014	2632	1736	0	2065	1621	2608	3184	
3249	2364	1193	2139	3180	534	1022	486	3664	1419	2398	3826	3553	1832	2108	510	3221	748	2156	1078	704	3774	1987	1627	1315	2081	3741	3731	1907	1291	3580	2197	2572	820	1606	678	2336	4497	997	2988	559	2172	3761	647	1313	634	300	4225	4111	1792	2572	1016	3341	1730	1756	2572	2291	2146	3800	1170	3142	1271	1301	3293	751	3288	2184	3537	2925	1298	1649	3577	1726	1821	1157	1569	3166	2015	3415	771	3596	1582	1393	2330	916	4335	3681	1712	4014	2437	2470	4217	3376	1883	600	834	2065	0	643	3125	2326	
3004	1859	1800	2142	2857	552	1274	170	3033	1207	2272	3825	3362	1637	2006	731	3050	215	2568	1107	331	3155	1720	1466	695	1576	3580	3087	1414	1232	3821	1928	2420	1341	983	809	2007	4592	843	2764	1184	2318	3160	175	1386	1200	912	4307	4190	1176	2420	912	3339	1159	1314	2420	1903	1668	3157	569	2925	758	667	3142	159	3072	2106	3395	3026	1834	2224	3477	2077	1359	514	1360	2528	1624	2787	852	2966	1324	1787	1828	1452	3697	3064	2107	4225	2273	2668	3588	2756	1657	1227	280	1621	643	0	3250	2009	
1826	4957	2743	1167	2194	2741	4129	3154	4620	2179	1368	937	1652	4871	1454	2644	1452	3083	1588	2145	2928	4521	4969	1930	3269	4698	1590	5081	4567	2033	828	5178	1401	2519	3902	2498	5249	1373	2424	1679	2930	953	4288	3078	4438	3525	3269	1111	1001	4072	1401	2346	661	3109	4523	1401	5122	4818	5059	3164	1665	3958	3630	1370	3399	1690	1335	1403	242	2364	2516	1218	1595	4550	3434	4594	4410	2414	4402	2427	4549	2175	4357	4933	2508	5296	4411	1719	1063	1488	706	4998	4251	4900	3310	3518	2608	3125	3250	0	5254	
4740	820	3417	4124	4483	2545	1741	2124	3345	3132	4177	5775	5152	595	3941	2688	4877	2171	4480	3115	2326	3593	363	3397	2120	835	5397	2999	843	3224	5826	210	4295	3143	1562	2801	45	6582	2831	4543	2810	4327	3773	2178	1346	2375	2372	6294	6176	1494	4295	2908	5296	2523	773	4295	288	702	3130	2168	4704	1309	1714	4987	1856	4844	4051	5240	5026	3605	3904	5360	4030	782	1879	785	2829	3286	3188	2855	3311	3199	2139	803	3233	3749	3555	4031	6234	4147	4675	3832	3271	506	2580	1736	3184	2326	2009	5254	0	


0	 CF145QN	 0 	 0 	 540  	 1080  	 0  	 0 

1	 CF52BR 	 1 	 6 	 540  	 780  	 5  	 2 
2	 CF147DT 	 1 	 7 	 600  	 840  	 6  	 3 
3	 CF144SR 	 1 	 1 	 660  	 900  	 5  	 2 
4	 CF144HR 	 1 	 1 	 660  	 900  	 9  	 4 
5	 CF141DH	 1 	 1 	 720  	 960  	 5  	 2 
6	 CF52RR 	 1 	 7 	 720  	 960  	 8  	 4 
7	 CF141NL 	 1 	 7 	 720  	 960  	 6  	 3 
8	 CF244HH	 1 	 4 	 600  	 840  	 9  	 4 
9	 CF141TG 	 1 	 1 	 540  	 780  	 10  	 5 
10	 CF145DJ 	 1 	 5 	 540  	 780  	 5  	 2 
11	 CF145AT 	 1 	 1 	 600  	 840  	 6  	 3 
12	 CF140LY 	 1 	 7 	 600  	 840  	 7  	 3 
13	 CF52NT 	 1 	 2 	 540  	 780  	 5  	 2 
14	 CF144NJ 	 1 	 9 	 720  	 960  	 5  	 2 
15	 CF142AA 	 1 	 3 	 660  	 900  	 10  	 5 
16	 CF145QA	 1 	 7 	 720  	 960  	 8  	 4 
17	 CF141NX	 1 	 1 	 540  	 780  	 8  	 4 
18	 CF146UQ	 1 	 10 	 720  	 960  	 8  	 4 
19	 CF141RQ	 1 	 6 	 540  	 780  	 9  	 4 
20	 CF141NT 	 1 	 7 	 720  	 960  	 6  	 3 
21	 CF244PA 	 1 	 4 	 540  	 780  	 7  	 3 
22	 CF52LE 	 1 	 4 	 720  	 960  	 6  	 3 
23	 CF141UT 	 0 	 8 	 720  	 960  	 5  	 2 
24	 CF141EP 	 1 	 9 	 660  	 900  	 6  	 3 
25	 CF52DQ 	 1 	 7 	 600  	 840  	 7  	 3 
26	 CF140NP	 1 	 1 	 660  	 900  	 6  	 3 
27	 CF103DY 	 1 	 3 	 720  	 960  	 6  	 3 
28	 CF52ES 	 1 	 4 	 600  	 840  	 7  	 3 
29	 CF141SR 	 1 	 4 	 600  	 840  	 7  	 3 
30	 CF149UE 	 1 	 9 	 660  	 900  	 10  	 5 
31	 CF52JP 	 1 	 9 	 720  	 960  	 5  	 2 
32	 CF148DQ	 1 	 1 	 660  	 900  	 8  	 4 
33	 CF147BD 	 1 	 1 	 600  	 840  	 5  	 2 
34	 CF142QW 1 	 2 	 720  	 960  	 9  	 4 
35	 CF141LG 	 1 	 9 	 720  	 960  	 10  	 5 
36	 CF52JU 	 1 	 9 	 600  	 840  	 6  	 3 
37	 CF149HH	 1 	 6 	 600  	 840  	 6  	 3 
38	 CF141QD	 0 	 2 	 540  	 780  	 10  	 5 
39	 CF145LL 	 1 	 6 	 540  	 780  	 7  	 3 
40	 CF142TZ 	 1 	 10 	 720  	 960  	 8  	 4 
41	 CF146LP 	 1 	 8 	 720  	 960  	 9  	 4 
42	 CF244QY	 1 	 6 	 600  	 840  	 7  	 3 
43	 CF141NS 	 1 	 1 	 720  	 960  	 9  	 4 
44	 CF52QR 	 1 	 3 	 660  	 900  	 5  	 2 
45	 CF142BH 	 1 	 3 	 540  	 780  	 10  	 5 
46	 CF142BS 	 1 	 8 	 660  	 900  	 6  	 3 
47	 CF149DU	 1 	 4 	 600  	 840  	 9  	 4 
48	 CF149BU 	 1 	 1 	 660  	 900  	 10  	 5 
49	 CF142QG	 1 	 3 	 540  	 780  	 7  	 3 
50	 CF148LS 	 1 	 9 	 600  	 840  	 7  	 3 
51	 CF141QE 	 1 	 4 	 720  	 960  	 5  	 2 
52	 CF145BU 	 1 	 2 	 540  	 780  	 6  	 3 
53	 CF141EQ 	 1 	 5 	 540  	 780  	 5  	 2 
54	 CF52DR 	 1 	 3 	 720  	 960  	 6  	 3 
55	 CF148FD 	 1 	 1 	 720  	 960  	 5  	 2 
56	 CF52HR 	 1 	 9 	 660  	 900  	 9  	 4 
57	 CF52JE 	 0 	 12 	 660  	 900  	 7  	 3 
58	 CF103EN 	 1 	 1 	 540  	 780  	 6  	 3 
59	 CF141LA 	 1 	 1 	 540  	 780  	 7  	 3 
60	 CF145PS 	 1 	 1 	 540  	 780  	 10  	 5 
61	 CF142QJ 	 1 	 7 	 720  	 960  	 8  	 4 
62	 CF142PN	 1 	 6 	 720  	 960  	 10  	 5 
63	 CF145PX 	 1 	 2 	 540  	 780  	 6  	 3 
64	 CF142LF 	 1 	 2 	 720  	 960  	 9  	 4 
65	 CF145PR 	 1 	 1 	 540  	 780  	 10  	 5 
66	 CF145ET 	 1 	 10 	 720  	 960  	 10  	 5 
67	 CF140NJ 	 1 	 5 	 600  	 840  	 9  	 4 
68	 CF145JN 	 0 	 21 	 600  	 840  	 6  	 3 
69	 CF147DE 	 1 	 7 	 540  	 780  	 8  	 4 
70	 CF147ES 	 1 	 10 	 720  	 960  	 7  	 3 
71	 CF145NG	 1 	 3 	 660  	 900  	 9  	 4 
72	 CF146HY 	 1 	 9 	 660  	 900  	 8  	 4 
73	 CF52FQ 	 1 	 10 	 720  	 960  	 5  	 2 
74	 CF142PY 	 1 	 3 	 660  	 900  	 9  	 4 
75	 CF52SJ 	 1 	 9 	 660  	 900  	 5  	 2 
76	 CF244HJ 	 1 	 1 	 720  	 960  	 10  	 5 
77	 CF144JL 	 1 	 6 	 540  	 780  	 7  	 3 
78	 CF244LL 	 1 	 7 	 660  	 900  	 5  	 2 
79	 CF141AQ	 1 	 8 	 600  	 840  	 8  	 4 
80	 CF244HU	 1 	 6 	 660  	 900  	 9  	 4 
81	 CF141TH 	 1 	 9 	 600  	 840  	 6  	 3 
82	 CF52DF 	 1 	 8 	 720  	 960  	 6  	 3 
83	 CF52BA 	 1 	 5 	 540  	 780  	 10  	 5 
84	 CF147AX 	 1 	 4 	 720  	 960  	 6  	 3 
85	 CF244AQ	 1 	 1 	 660  	 900  	 9  	 4 
86	 CF244QW 1 	 6 	 540  	 780  	 8  	 4 
87	 CF146JA 	 1 	 9 	 540  	 780  	 5  	 2 
88	 CF149HW 1 	 10 	 720  	 960  	 8  	 4 
89	 CF144XP 	 1 	 8 	 600  	 840  	 5  	 2 
90	 CF146SS 	 1 	 7 	 540  	 780  	 5  	 2 
91	 CF244DJ 	 0 	 2 	 660  	 900  	 6  	 3 
92	 CF143JS 	 1 	 2 	 540  	 780  	 6  	 3 
93	 CF52NG 	 1 	 1 	 660  	 900  	 8  	 4 
94	 CF142TH 	 1 	 8 	 600  	 840  	 5  	 2 
95	 CF142LA 	 1 	 1 	 720  	 960  	 6  	 3 
96	 CF144AU	 1 	 9 	 660  	 900  	 10  	 5 
97	 CF142BA 	 0 	 18 	 720  	 960  	 9  	 4 
98	 CF141LS 	 1 	 5 	 540  	 780  	 6  	 3 
99	 CF145HJ 	 1 	 1 	 540  	 780  	 6  	 3 
100	 CF52JS 	 1 	 6 	 660  	 900  	 10  	 5 
