100

1200
32
10
500

0	1756	1031	1188	2921	938	1416	2980	2792	1944	866	1794	2210	1521	2357	1233	3067	2511	2177	641	3038	2924	2501	1493	443	1336	391	3057	2363	511	1115	496	564	1479	1152	3103	1903	1663	2655	1336	1336	2083	2849	2539	1676	474	639	1991	1055	2954	3298	2081	1110	1632	1482	3392	1482	2395	381	2946	840	1351	513	1643	863	262	1623	2631	1453	811	713	187	549	944	605	389	1577	573	2371	987	2404	1666	3243	1918	473	3664	2664	1716	2702	1336	3291	2123	2839	2575	2465	2817	1812	620	2590	762	822	
1756	0	949	1974	1166	883	3043	4326	4049	2030	2601	495	3947	3276	3639	1252	4297	3932	1099	2370	4386	4310	837	735	1932	1183	1912	1588	4103	2026	2431	1895	1241	277	1993	2024	2217	2960	1755	1183	1183	2668	4175	4078	174	1460	1847	1801	835	4216	1544	1004	2474	2817	3161	4747	299	1900	2134	1277	2288	764	1288	2534	1044	1999	3237	1602	2317	2566	2285	1910	1223	1874	1865	2036	2421	1385	891	2020	3881	1878	1528	2929	1284	2043	4385	1840	4438	1183	1548	1176	1587	3940	3639	4340	1928	1154	1252	1961	1880	
1031	949	0	1798	2060	697	2444	3380	3107	2242	1774	1242	3218	2503	3291	426	3359	3497	1150	1670	3439	3362	1535	463	1054	448	1048	2028	3368	1141	1486	999	760	712	1056	2103	2327	2584	1677	448	448	2673	3229	3138	805	602	1419	2133	806	3275	2397	1051	2036	2501	2513	3801	790	1530	1364	1965	1789	322	524	2364	839	1293	2650	1626	2143	1809	1391	1128	683	926	1413	1196	1505	505	1357	1071	3405	1102	2283	2718	632	2654	3681	2006	3709	448	2361	1108	1811	2992	3358	3396	2110	461	2110	1560	934	
1188	1974	1798	0	2970	1190	1416	4038	3895	859	1729	1697	2451	2009	1675	2169	4172	2006	2842	1233	4093	3963	2810	2152	1627	2231	1575	3544	2604	1684	2282	1684	1046	1765	2321	3830	740	1033	3444	2231	2231	909	3922	3487	2002	1519	557	1037	1171	4049	3378	2734	711	860	1608	4431	1688	3326	1343	3242	731	2030	1388	577	1010	1146	1550	3359	353	1484	1831	1327	1131	2111	598	1527	2762	1580	2829	2169	1988	2748	3458	961	1229	4011	2789	687	2891	2231	3432	2843	3461	3640	1665	3764	750	1369	2173	472	1998	
2921	1166	2060	2970	0	2022	4170	5375	5074	2750	3766	1274	5102	4439	4640	2258	5306	4973	1545	3528	5434	5373	686	1701	3086	2155	3070	1236	5258	3179	3538	3044	2395	1443	3042	2009	2996	3997	2010	2155	2155	3485	5220	5192	1268	2614	2956	2448	1946	5239	408	1522	3558	3830	4301	5790	1444	2410	3300	652	3401	1796	2451	3480	2164	3161	4357	1802	3283	3730	3436	3075	2383	2959	2980	3198	3417	2534	1039	3107	4943	2755	604	3878	2449	1246	5532	2630	5590	2155	489	1686	1550	5004	4600	5445	2689	2319	1200	3055	2987	
938	883	697	1190	2022	0	2161	3787	3554	1545	1805	856	3080	2430	2805	1120	3821	3073	1652	1511	3847	3749	1701	970	1230	1143	1196	2382	3237	1325	1852	1223	380	624	1591	2641	1641	2111	2263	1143	1143	2015	3645	3425	857	811	970	1441	138	3722	2414	1544	1604	1986	2282	4208	586	2198	1317	2148	1407	860	597	1767	181	1155	2354	2171	1544	1725	1578	1114	392	1408	985	1281	2068	789	1665	1530	3012	1785	2411	2147	504	2905	3510	1310	3568	1143	2428	1658	2274	3386	2831	3699	1415	469	1676	1090	1355	
1416	3043	2444	1416	4170	2161	0	3137	3104	2211	1064	2925	1035	761	1193	2634	3365	1181	3592	806	3183	3032	3847	2901	1597	2744	1565	4457	1187	1572	1938	1684	1812	2779	2324	4516	2002	761	4063	2744	2744	1826	3060	2454	3002	1882	1217	2441	2225	3229	4569	3495	706	928	211	3471	2747	3764	1155	4296	777	2759	1920	1324	2008	1158	208	4046	1325	806	1500	1363	1849	2157	1191	1411	2594	1984	3757	2118	1036	2953	4569	1266	1837	5038	1390	2086	1481	2744	4588	3539	4254	2786	1402	2707	2130	2006	3545	1135	2025	
2980	4326	3380	4038	5375	3787	3137	0	354	4875	2317	4580	2725	2398	4281	3118	354	4104	3986	2821	60	134	4746	3676	2579	3220	2623	4869	2737	2491	1936	2571	3481	4088	2339	4392	4777	3878	3968	3220	3220	4799	157	748	4174	2978	3505	4961	3924	263	5652	3957	3552	4003	2964	422	4153	3429	2710	5092	3368	3593	3191	4280	3783	2917	3224	4104	4173	2590	2267	2798	3426	2454	3460	2591	1969	3016	4448	2310	3913	2694	5437	4356	3294	5574	3032	4662	2904	3220	5572	3851	4460	405	4516	626	4750	3325	5444	3567	2464	
2792	4049	3107	3895	5074	3554	3104	354	0	4716	2203	4325	2810	2396	4276	2823	277	4134	3662	2704	401	435	4436	3381	2373	2920	2419	4533	2840	2289	1707	2354	3266	3818	2055	4044	4635	3824	3624	2920	2920	4691	217	896	3892	2743	3350	4782	3692	168	5341	3637	3457	3933	2946	726	3889	3083	2553	4772	3254	3304	2958	4179	3563	2756	3212	3764	4056	2489	2084	2615	3206	2187	3306	2407	1658	2772	4130	2047	3946	2367	5117	4286	3071	5238	3157	4496	3041	2920	5257	3524	4121	345	4501	874	4588	3087	5193	3423	2210	
1944	2030	2242	859	2750	1545	2211	4875	4716	0	2580	1596	3239	2855	2098	2660	4993	2509	3077	2088	4931	4805	2795	2467	2384	2688	2333	3594	3386	2455	3059	2426	1607	1921	2998	4043	275	1643	3725	2688	2688	756	4755	4341	2126	2161	1370	321	1451	4874	3144	2971	1520	1428	2414	5274	1812	3728	2166	3175	1587	2379	1980	973	1411	1961	2310	3599	893	2341	2634	2109	1691	2792	1415	2317	3465	2193	2919	2877	2548	3310	3315	1300	1822	3929	3530	240	3648	2688	3238	3117	3616	4474	1981	4620	136	1909	1702	1317	2697	
866	2601	1774	1729	3766	1805	1064	2317	2203	2580	0	2660	1490	754	2242	1819	2478	2240	2851	504	2371	2237	3302	2227	732	1941	729	3776	1630	661	878	804	1429	2324	1325	3687	2464	1674	3217	1941	1941	2489	2209	1764	2505	1175	1221	2701	1920	2349	4133	2768	1257	1753	999	2704	2337	2845	492	3737	1053	2091	1317	1976	1723	684	1241	3239	1857	294	484	695	1414	1195	1176	578	1540	1269	3128	1121	2083	1982	4050	2102	1325	4423	1966	2380	1969	1941	4114	2769	3500	1925	2428	2042	2461	1447	3447	1263	1075	
1794	495	1242	1697	1274	856	2925	4580	4325	1596	2660	0	3892	3268	3370	1620	4584	3699	1593	2345	4640	4552	1199	1171	2068	1576	2037	1999	4049	2164	2650	2050	1232	560	2290	2503	1808	2723	2249	1576	1576	2281	4433	4261	647	1617	1708	1341	743	4493	1682	1499	2292	2557	3069	5002	458	2387	2171	1593	2149	1160	1413	2220	953	2002	3105	2092	2016	2570	2421	1970	1248	2140	1736	2133	2747	1568	1343	2278	3670	2283	1773	2619	1352	2358	4304	1430	4374	1576	1736	1671	2053	4184	3339	4531	1507	1274	870	1796	2117	
2210	3947	3218	2451	5102	3080	1035	2725	2810	3239	1490	3892	0	737	1747	3305	3026	1453	4329	1579	2756	2599	4711	3680	2213	3426	2202	5242	158	2149	2252	2289	2708	3673	2785	5178	3020	1675	4707	3426	3426	2789	2697	1978	3881	2618	2199	3476	3164	2891	5490	4242	1741	1880	847	2967	3659	4324	1855	5156	1780	3540	2718	2318	2947	1955	934	4728	2348	1409	1965	2090	2725	2677	2165	2041	2897	2719	4573	2587	1262	3447	5452	2169	2678	5869	477	3121	492	3426	5493	4252	4983	2465	2007	2166	3162	2831	4559	2139	2561	
1521	3276	2503	2009	4439	2430	761	2398	2396	2855	754	3268	737	0	1884	2571	2646	1748	3600	924	2441	2288	4014	2962	1480	2693	1472	4519	876	1414	1538	1555	2051	2999	2054	4441	2677	1522	3970	2693	2693	2560	2332	1699	3196	1901	1637	3045	2528	2509	4818	3515	1347	1681	570	2718	2996	3589	1149	4456	1281	2824	2017	2044	2316	1278	826	3993	2005	710	1228	1383	2057	1941	1597	1314	2196	2000	3860	1854	1566	2715	4760	2024	1993	5156	1214	2697	1216	2693	4811	3520	4251	2065	2118	1948	2757	2137	3993	1613	1824	
2357	3639	3291	1675	4640	2805	1193	4281	4276	2098	2242	3370	1747	1884	0	3575	4529	440	4417	1880	4322	4168	4476	3710	2660	3668	2618	5187	1835	2658	3101	2744	2551	3414	3420	5391	1825	707	4967	3668	3668	1401	4216	3567	3651	2823	1876	2410	2815	4393	5048	4311	1259	822	1331	4587	3346	4748	2216	4912	1520	3575	2788	1175	2626	2140	1064	4914	1358	1963	2641	2374	2617	3233	1879	2482	3741	2916	4470	3221	559	4007	5133	800	2660	5681	1796	2104	1955	3668	5105	4393	5062	3948	261	3799	2088	2830	3751	1738	3100	
1233	1252	426	2169	2258	1120	2634	3118	2823	2660	1819	1620	3305	2571	3575	0	3063	3744	1041	1832	3177	3115	1651	558	1093	125	1107	1978	3447	1158	1322	1016	1123	1064	786	1889	2735	2873	1430	125	125	3060	2964	2961	1085	759	1735	2559	1232	2989	2551	967	2317	2813	2672	3535	1162	1177	1493	2039	2056	489	800	2721	1251	1480	2841	1427	2504	1920	1370	1271	1038	735	1721	1269	1176	662	1394	878	3636	679	2377	3056	948	2653	3778	2423	3787	125	2488	951	1682	2746	3664	3204	2528	800	2474	1878	803	
3067	4297	3359	4172	5306	3821	3365	354	277	4993	2478	4584	3026	2646	4529	3063	0	4376	3870	2979	363	485	4660	3619	2647	3156	2693	4725	3048	2564	1978	2627	3538	4072	2305	4204	4912	4090	3797	3156	3156	4967	330	1067	4138	3011	3627	5058	3959	137	5564	3850	3731	4203	3202	562	4145	3254	2831	4984	3530	3547	3225	4453	3833	3033	3467	3946	4332	2762	2361	2891	3476	2444	3583	2683	1890	3037	4347	2307	4187	2578	5329	4556	3341	5428	3353	4773	3231	3156	5474	3731	4306	581	4758	977	4865	3353	5453	3701	2473	
2511	3932	3497	2006	4973	3073	1181	4104	4134	2509	2240	3699	1453	1748	440	3744	4376	0	4641	1960	4142	3985	4766	3935	2757	3845	2721	5449	1515	2740	3117	2843	2784	3693	3498	5598	2238	977	5160	3845	3845	1832	4054	3371	3929	2985	2113	2814	3099	4239	5381	4537	1475	1149	1254	4383	3635	4901	2309	5209	1709	3796	2979	1558	2898	2272	999	5122	1718	1986	2681	2497	2842	3326	2107	2573	3775	3083	4734	3294	193	4117	5445	1210	2867	5973	1419	2496	1583	3845	5430	4605	5295	3797	667	3585	2489	3039	4133	1984	3193	
2177	1099	1150	2842	1545	1652	3592	3986	3662	3077	2851	1593	4329	3600	4417	1041	3870	4641	0	2811	4043	4004	860	707	2120	916	2128	941	4475	2192	2335	2048	1866	1155	1760	989	3231	3712	657	916	916	3646	3830	3931	965	1724	2541	2876	1689	3820	1723	108	3171	3611	3656	4387	1266	885	2489	1116	2932	844	1674	3419	1832	2438	3799	524	3195	2929	2411	2257	1802	1759	2541	2288	2025	1621	508	1893	4553	1295	1460	3795	1775	1630	4799	2866	4816	916	1615	144	661	3646	4465	4157	2962	1603	2245	2679	1840	
641	2370	1670	1233	3528	1511	806	2821	2704	2088	504	2345	1579	924	1880	1832	2979	1960	2811	0	2875	2740	3136	2132	797	1944	763	3697	1734	783	1246	884	1134	2095	1545	3718	1963	1246	3262	1944	1944	1988	2712	2254	2303	1089	755	2226	1605	2852	3913	2716	772	1292	845	3207	2084	2959	350	3582	551	1991	1154	1478	1392	380	1012	3251	1354	258	772	561	1147	1366	711	613	1866	1191	3012	1343	1831	2157	3874	1632	1101	4305	2026	1896	2070	1944	3914	2750	3471	2429	2036	2532	1972	1258	3077	774	1233	
3038	4386	3439	4093	5434	3847	3183	60	401	4931	2371	4640	2756	2441	4322	3177	363	4142	4043	2875	0	157	4805	3735	2638	3279	2682	4924	2765	2549	1996	2630	3540	4148	2399	4443	4831	3925	4021	3279	3279	4851	215	778	4233	3038	3561	5019	3984	291	5711	4015	3604	4052	3008	362	4213	3481	2766	5150	3421	3652	3251	4332	3842	2973	3267	4158	4226	2642	2325	2856	3485	2514	3516	2649	2027	3076	4505	2370	3951	2750	5494	4405	3353	5629	3057	4719	2927	3279	5630	3907	4514	464	4559	636	4807	3384	5504	3622	2524	
2924	4310	3362	3963	5373	3749	3032	134	435	4805	2237	4552	2599	2288	4168	3115	485	3985	4004	2740	157	0	4752	3672	2532	3219	2574	4896	2608	2442	1902	2528	3435	4068	2332	4437	4700	3777	4007	3219	3219	4712	218	621	4161	2943	3435	4898	3885	381	5657	3972	3463	3906	2855	469	4130	3471	2643	5105	3285	3585	3155	4192	3738	2851	3114	4139	4089	2505	2212	2740	3382	2436	3390	2535	1981	2984	4459	2291	3794	2715	5449	4259	3252	5602	2901	4595	2772	3219	5581	3870	4492	370	4405	493	4681	3289	5412	3493	2439	
2501	837	1535	2810	686	1701	3847	4746	4436	2795	3302	1199	4711	4014	4476	1651	4660	4766	860	3136	4805	4752	0	1114	2588	1538	2580	810	4865	2676	2964	2534	2035	1076	2435	1447	3005	3795	1360	1538	1538	3472	4590	4610	846	2128	2670	2531	1667	4599	906	839	3303	3653	3953	5157	1131	1729	2866	449	3107	1232	1998	3365	1871	2757	4045	1158	3151	3309	2924	2632	2001	2377	2685	2724	2779	2036	355	2523	4711	2092	749	3762	2035	1207	5161	2626	5203	1538	838	1001	971	4386	4474	4854	2705	1881	1564	2789	2423	
1493	735	463	2152	1701	970	2901	3676	3381	2467	2227	1171	3680	2962	3710	558	3619	3935	707	2132	3735	3672	1114	0	1500	465	1498	1566	3829	1582	1852	1438	1159	621	1341	1686	2594	3005	1293	465	465	2984	3522	3502	561	1062	1834	2306	1030	3547	2005	603	2464	2906	2974	4093	736	1268	1826	1526	2227	142	982	2727	1145	1755	3106	1210	2504	2271	1823	1591	1095	1267	1834	1651	1729	962	902	1414	3849	1144	1855	3098	1072	2196	4143	2244	4170	465	1951	692	1361	3303	3761	3751	2344	900	1985	1972	1310	
443	1932	1054	1627	3086	1230	1597	2579	2373	2384	732	2068	2213	1480	2660	1093	2647	2757	2120	797	2638	2532	2588	1500	0	1214	52	3044	2356	96	678	86	902	1660	765	2974	2346	1993	2508	1214	1214	2514	2443	2196	1818	472	1073	2419	1363	2537	3440	2036	1459	1995	1606	2997	1692	2173	448	3018	1191	1366	657	2057	1206	541	1801	2518	1877	836	355	312	852	574	1036	187	1152	555	2401	576	2628	1360	3337	2303	726	3694	2685	2154	2696	1214	3411	2040	2771	2175	2796	2469	2251	797	2906	1186	441	
1336	1183	448	2231	2155	1143	2744	3220	2920	2688	1941	1576	3426	2693	3668	125	3156	3845	916	1944	3279	3219	1538	465	1214	0	1226	1854	3569	1281	1443	1138	1185	1017	897	1774	2774	2964	1320	0	0	3114	3064	3076	1012	863	1816	2572	1246	3085	2441	842	2409	2897	2786	3635	1121	1099	1608	1921	2150	422	883	2789	1287	1587	2951	1310	2570	2038	1495	1384	1102	857	1804	1388	1265	763	1274	998	3740	706	2260	3132	1024	2529	3899	2453	3909	0	2374	827	1558	2852	3751	3317	2557	866	2420	1959	927	
391	1912	1048	1575	3070	1196	1565	2623	2419	2333	729	2037	2202	1472	2618	1107	2693	2721	2128	763	2682	2574	2580	1498	52	1226	0	3048	2346	132	727	127	861	1639	811	2992	2294	1949	2528	1226	1226	2462	2487	2230	1802	456	1021	2370	1327	2583	3426	2042	1413	1947	1580	3039	1668	2201	412	3012	1143	1363	631	2006	1166	493	1770	2534	1826	815	383	262	814	616	984	162	1203	545	2400	624	2593	1396	3329	2254	691	3694	2673	2103	2687	1226	3400	2051	2781	2218	2752	2504	2200	770	2872	1134	484	
3057	1588	2028	3544	1236	2382	4457	4869	4533	3594	3776	1999	5242	4519	5187	1978	4725	5449	941	3697	4924	4896	810	1566	3044	1854	3048	0	5390	3119	3274	2975	2669	1779	2696	810	3795	4492	986	1854	1854	4254	4712	4856	1543	2624	3336	3337	2377	4686	1173	1012	3974	4367	4538	5258	1859	1510	3391	584	3755	1707	2545	4112	2561	3319	4661	799	3893	3835	3345	3156	2619	2700	3344	3205	2930	2523	717	2833	5378	2184	801	4505	2620	706	5708	3417	5731	1854	1010	1053	441	4545	5205	5075	3500	2452	2333	3465	2779	
2363	4103	3368	2604	5258	3237	1187	2737	2840	3386	1630	4049	158	876	1835	3447	3048	1515	4475	1734	2765	2608	4865	3829	2356	3569	2346	5390	0	2290	2370	2431	2864	3829	2912	5315	3163	1807	4844	3569	3569	2922	2717	1988	4036	2767	2356	3626	3322	2914	5646	4388	1893	2015	1002	2958	3815	4454	2005	5309	1937	3690	2870	2458	3105	2109	1077	4868	2493	1559	2099	2241	2881	2810	2323	2187	3007	2867	4723	2716	1327	3573	5606	2296	2832	6020	357	3271	341	3569	5648	4396	5127	2495	2097	2161	3311	2984	4715	2296	2696	
511	2026	1141	1684	3179	1325	1572	2491	2289	2455	661	2164	2149	1414	2658	1158	2564	2740	2192	783	2549	2442	2676	1582	96	1281	132	3119	2290	0	604	145	993	1755	763	3032	2408	2002	2563	1281	1281	2562	2356	2101	1911	566	1127	2498	1457	2452	3530	2110	1477	2013	1568	2907	1787	2213	443	3103	1212	1450	753	2096	1298	569	1773	2580	1922	792	260	357	945	586	1088	178	1120	646	2483	564	2606	1382	3424	2329	821	3774	2623	2226	2630	1281	3500	2108	2839	2086	2802	2374	2322	892	3001	1234	454	
1115	2431	1486	2282	3538	1852	1938	1936	1707	3059	878	2650	2252	1538	3101	1322	1978	3117	2335	1246	1996	1902	2964	1852	678	1443	727	3274	2370	604	0	650	1560	2178	588	3034	3011	2492	2560	1443	1443	3147	1793	1654	2291	1042	1725	3097	1989	1873	3856	2274	2005	2535	1875	2357	2233	2116	972	3361	1754	1744	1256	2667	1856	1145	2119	2625	2504	1139	479	956	1499	588	1684	755	665	1082	2716	445	2961	1225	3698	2868	1364	3963	2724	2830	2693	1443	3802	2223	2933	1536	3273	1911	2927	1389	3510	1824	552	
496	1895	999	1684	3044	1223	1684	2571	2354	2426	804	2050	2289	1555	2744	1016	2627	2843	2048	884	2630	2528	2534	1438	86	1138	127	2975	2431	145	650	0	912	1626	684	2894	2396	2075	2427	1138	1138	2576	2432	2211	1776	438	1133	2451	1358	2520	3392	1965	1539	2073	1691	2990	1663	2087	534	2960	1269	1307	637	2126	1212	619	1887	2440	1943	919	393	386	855	490	1097	273	1085	510	2339	501	2714	1273	3282	2379	724	3629	2763	2194	2772	1138	3360	1965	2696	2167	2878	2481	2292	776	2896	1251	357	
564	1241	760	1046	2395	380	1812	3481	3266	1607	1429	1232	2708	2051	2551	1123	3538	2784	1866	1134	3540	3435	2035	1159	902	1185	861	2669	2864	993	1560	912	0	970	1398	2843	1640	1846	2431	1185	1185	1940	3343	3082	1190	562	675	1577	491	3432	2782	1761	1310	1749	1922	3899	951	2282	940	2484	1085	1026	374	1606	306	775	2011	2366	1386	1346	1236	746	87	1196	678	925	1871	586	1959	1296	2709	1726	2761	1958	216	3228	3144	1367	3197	1185	2789	1846	2514	3077	2605	3358	1471	324	2029	813	1115	
1479	277	712	1765	1443	624	2779	4088	3818	1921	2324	560	3673	2999	3414	1064	4072	3693	1155	2095	4148	4068	1076	621	1660	1017	1639	1779	3829	1755	2178	1626	970	0	1767	2127	2082	2726	1806	1017	1017	2512	3938	3819	237	1189	1594	1726	599	3987	1820	1050	2227	2592	2892	4510	118	1871	1857	1523	2031	600	1012	2335	795	1723	2974	1677	2115	2289	2014	1632	948	1635	1609	1761	2211	1118	1064	1778	3635	1723	1791	2726	1007	2281	4113	1713	4164	1017	1820	1202	1719	3698	3426	4083	1808	878	1411	1713	1630	
1152	1993	1056	2321	3042	1591	2324	2339	2055	2998	1325	2290	2785	2054	3420	786	2305	3498	1760	1545	2399	2332	2435	1341	765	897	811	2696	2912	763	588	684	1398	1767	0	2448	3003	2758	1974	897	897	3227	2186	2182	1837	838	1787	2974	1727	2223	3337	1705	2223	2757	2302	2758	1844	1545	1204	2814	1953	1254	1031	2795	1651	1303	2521	2037	2603	1526	843	1069	1318	210	1755	938	477	819	2165	206	3360	662	3155	3060	1182	3390	3261	2759	3243	897	3271	1643	2347	1962	3560	2420	2862	1132	3160	1913	331	
3103	2024	2103	3830	2009	2641	4516	4392	4044	4043	3687	2503	5178	4441	5391	1889	4204	5598	989	3718	4443	4437	1447	1686	2974	1774	2992	810	5315	3032	3034	2894	2843	2127	2448	0	4209	4684	474	1774	1774	4632	4239	4490	1917	2634	3515	3825	2677	4184	1983	1097	4138	4591	4561	4757	2233	970	3382	1373	3891	1817	2619	4407	2820	3358	4724	477	4184	3807	3217	3158	2774	2514	3512	3155	2557	2532	1177	2624	5502	1827	1611	4782	2734	1364	5653	3840	5653	1774	1820	997	476	4108	5447	4681	3933	2563	3008	3654	2622	
1903	2217	2327	740	2996	1641	2002	4777	4635	275	2464	1808	3020	2677	1825	2735	4912	2238	3231	1963	4831	4700	3005	2594	2346	2774	2294	3795	3163	2408	3011	2396	1640	2082	3003	4209	0	1394	3871	2774	2774	491	4662	4215	2298	2175	1291	595	1565	4790	3394	3124	1331	1178	2209	5168	1978	3839	2083	3398	1436	2495	2011	720	1488	1884	2087	3755	678	2209	2567	2055	1727	2794	1333	2258	3459	2219	3108	2867	2283	3365	3552	1028	1849	4157	3292	379	3416	2774	3482	3262	3794	4379	1706	4491	307	1957	1971	1212	2690	
1663	2960	2584	1033	3997	2111	761	3878	3824	1643	1674	2723	1675	1522	707	2873	4090	977	3712	1246	3925	3777	3795	3005	1993	2964	1949	4492	1807	2002	2492	2075	1846	2726	2758	4684	1394	0	4261	2964	2964	1115	3793	3209	2962	2124	1171	1924	2129	3956	4405	3606	556	216	963	4222	2664	4048	1560	4236	823	2869	2083	674	1933	1461	759	4207	778	1382	2018	1697	1911	2564	1172	1824	3108	2215	3775	2564	955	3325	4469	509	1954	5002	1905	1583	2035	2964	4453	3687	4359	3515	804	3465	1595	2123	3188	1034	2432	
2655	1755	1677	3444	2010	2263	4063	3968	3624	3725	3217	2249	4707	3970	4967	1430	3797	5160	657	3262	4021	4007	1360	1293	2508	1320	2528	986	4844	2563	2560	2427	2431	1806	1974	474	3871	4261	0	1320	1320	4274	3813	4035	1621	2183	3096	3531	2315	3769	2078	758	3710	4178	4101	4343	1920	544	2922	1437	3458	1414	2183	4018	2439	2907	4270	208	3795	3342	2745	2701	2358	2041	3090	2690	2097	2082	1025	2150	5058	1360	1739	4384	2307	1657	5183	3511	5182	1320	1934	610	545	3670	5034	4233	3608	2138	2862	3237	2149	
1336	1183	448	2231	2155	1143	2744	3220	2920	2688	1941	1576	3426	2693	3668	125	3156	3845	916	1944	3279	3219	1538	465	1214	0	1226	1854	3569	1281	1443	1138	1185	1017	897	1774	2774	2964	1320	0	0	3114	3064	3076	1012	863	1816	2572	1246	3085	2441	842	2409	2897	2786	3635	1121	1099	1608	1921	2150	422	883	2789	1287	1587	2951	1310	2570	2038	1495	1384	1102	857	1804	1388	1265	763	1274	998	3740	706	2260	3132	1024	2529	3899	2453	3909	0	2374	827	1558	2852	3751	3317	2557	866	2420	1959	927	
1336	1183	448	2231	2155	1143	2744	3220	2920	2688	1941	1576	3426	2693	3668	125	3156	3845	916	1944	3279	3219	1538	465	1214	0	1226	1854	3569	1281	1443	1138	1185	1017	897	1774	2774	2964	1320	0	0	3114	3064	3076	1012	863	1816	2572	1246	3085	2441	842	2409	2897	2786	3635	1121	1099	1608	1921	2150	422	883	2789	1287	1587	2951	1310	2570	2038	1495	1384	1102	857	1804	1388	1265	763	1274	998	3740	706	2260	3132	1024	2529	3899	2453	3909	0	2374	827	1558	2852	3751	3317	2557	866	2420	1959	927	
2083	2668	2673	909	3485	2015	1826	4799	4691	756	2489	2281	2789	2560	1401	3060	4967	1832	3646	1988	4851	4712	3472	2984	2514	3114	2462	4254	2922	2562	3147	2576	1940	2512	3227	4632	491	1115	4274	3114	3114	0	4696	4186	2737	2428	1444	1077	1959	4839	3884	3538	1251	910	2037	5173	2414	4201	2182	3874	1437	2875	2293	522	1846	2002	1865	4170	644	2209	2680	2206	2026	3016	1479	2396	3660	2488	3557	3069	1904	3655	4036	648	2132	4636	3006	857	3142	3114	3970	3666	4231	4413	1251	4455	797	2263	2458	1328	2901	
2849	4175	3229	3922	5220	3645	3060	157	217	4755	2209	4433	2697	2332	4216	2964	330	4054	3830	2712	215	218	4590	3522	2443	3064	2487	4712	2717	2356	1793	2432	3343	3938	2186	4239	4662	3793	3813	3064	3064	4696	0	739	4021	2835	3385	4835	3782	199	5496	3801	3452	3913	2892	572	4004	3275	2588	4935	3261	3439	3049	4179	3644	2794	3155	3949	4066	2486	2137	2668	3287	2303	3340	2461	1813	2871	4291	2160	3864	2537	5280	4266	3154	5418	3024	4540	2901	3064	5416	3694	4304	283	4448	676	4629	3181	5298	3451	2316	
2539	4078	3138	3487	5192	3425	2454	748	896	4341	1764	4261	1978	1699	3567	2961	1067	3371	3931	2254	778	621	4610	3502	2196	3076	2230	4856	1988	2101	1654	2211	3082	3819	2182	4490	4215	3209	4035	3076	3076	4186	739	0	3942	2646	2984	4463	3557	938	5507	3883	2936	3351	2269	1021	3866	3522	2216	4995	2782	3398	2848	3664	3388	2422	2522	4141	3580	2005	1848	2351	3042	2236	2939	2158	1940	2705	4347	2089	3179	2687	5336	3701	2921	5557	2287	4143	2163	3076	5448	3806	4479	572	3808	280	4223	2986	5101	3025	2206	
1676	174	805	2002	1268	857	3002	4174	3892	2126	2505	647	3881	3196	3651	1085	4138	3929	965	2303	4233	4161	846	561	1818	1012	1802	1543	4036	1911	2291	1776	1190	237	1837	1917	2298	2962	1621	1012	1012	2737	4021	3942	0	1347	1826	1914	837	4059	1628	864	2461	2829	3111	4594	322	1739	2049	1295	2261	596	1189	2570	1031	1926	3199	1479	2351	2487	2168	1820	1160	1726	1840	1934	2258	1266	829	1872	3869	1704	1573	2962	1205	2048	4326	1925	4372	1012	1615	1030	1496	3790	3663	4201	2017	1061	1426	1947	1739	
474	1460	602	1519	2614	811	1882	2978	2743	2161	1175	1617	2618	1901	2823	759	3011	2985	1724	1089	3038	2943	2128	1062	472	863	456	2624	2767	566	1042	438	562	1189	838	2634	2175	2124	2183	863	863	2428	2835	2646	1347	0	1022	2140	949	2911	2970	1631	1568	2077	1934	3399	1225	1926	767	2563	1303	923	214	2034	833	724	2090	2164	1828	1211	825	534	486	634	1000	596	1309	102	1959	736	2877	1238	2876	2342	347	3255	3083	1922	3108	863	2944	1661	2384	2578	2921	2915	2025	346	2470	1161	556	
639	1847	1419	557	2956	970	1217	3505	3350	1370	1221	1708	2199	1637	1876	1735	3627	2113	2541	755	3561	3435	2670	1834	1073	1816	1021	3336	2356	1127	1725	1133	675	1594	1787	3515	1291	1171	3096	1816	1816	1444	3385	2984	1826	1022	0	1479	1017	3506	3357	2436	638	1083	1364	3905	1549	2912	797	3117	444	1699	936	1015	804	594	1400	3038	817	1012	1277	771	741	1577	45	970	2216	1099	2621	1625	2045	2260	3375	1323	794	3874	2598	1161	2674	1816	3383	2518	3190	3104	1939	3264	1246	959	2366	143	1459	
1991	1801	2133	1037	2448	1441	2441	4961	4782	321	2701	1341	3476	3045	2410	2559	5058	2814	2876	2226	5019	4898	2531	2306	2419	2572	2370	3337	3626	2498	3097	2451	1577	1726	2974	3825	595	1924	3531	2572	2572	1077	4835	4463	1914	2140	1479	0	1328	4943	2838	2773	1738	1712	2639	5368	1612	3574	2257	2897	1764	2231	1943	1264	1335	2049	2556	3393	1153	2484	2699	2168	1656	2774	1525	2376	3448	2157	2680	2872	2847	3226	3022	1610	1793	3642	3788	354	3900	2572	2937	2928	3386	4557	2300	4742	329	1854	1381	1455	2691	
1055	835	806	1171	1946	138	2225	3924	3692	1451	1920	743	3164	2528	2815	1232	3959	3099	1689	1605	3984	3885	1667	1030	1363	1246	1327	2377	3322	1457	1989	1358	491	599	1727	2677	1565	2129	2315	1246	1246	1959	3782	3557	837	949	1017	1328	0	3859	2344	1581	1640	1993	2355	4344	537	2279	1430	2111	1460	932	734	1744	218	1259	2414	2212	1523	1828	1708	1234	517	1545	1037	1407	2203	926	1661	1667	3046	1903	2360	2132	636	2874	3587	1221	3650	1246	2366	1706	2294	3522	2828	3831	1323	607	1546	1127	1492	
2954	4216	3275	4049	5239	3722	3229	263	168	4874	2349	4493	2891	2509	4393	2989	137	4239	3820	2852	291	381	4599	3547	2537	3085	2583	4686	2914	2452	1873	2520	3432	3987	2223	4184	4790	3956	3769	3085	3085	4839	199	938	4059	2911	3506	4943	3859	0	5504	3796	3601	4070	3066	574	4057	3227	2710	4931	3402	3471	3125	4324	3729	2913	3330	3913	4205	2632	2245	2776	3372	2355	3462	2568	1822	2940	4291	2216	4050	2525	5276	4423	3237	5390	3222	4656	3100	3085	5418	3682	4271	445	4622	865	4747	3254	5361	3578	2379	
3298	1544	2397	3378	408	2414	4569	5652	5341	3144	4133	1682	5490	4818	5048	2551	5564	5381	1723	3913	5711	5657	906	2005	3440	2441	3426	1173	5646	3530	3856	3392	2782	1820	3337	1983	3394	4405	2078	2441	2441	3884	5496	5507	1628	2970	3357	2838	2344	5504	0	1723	3963	4238	4696	6063	1831	2537	3674	641	3801	2113	2816	3888	2561	3543	4757	1871	3691	4109	3785	3446	2766	3271	3380	3560	3684	2884	1223	3418	5351	2991	382	4285	2825	961	5924	3031	5980	2441	173	1866	1564	5291	5007	5754	3087	2688	1542	3458	3310	
2081	1004	1051	2734	1522	1544	3495	3957	3637	2971	2768	1499	4242	3515	4311	967	3850	4537	108	2716	4015	3972	839	603	2036	842	2042	1012	4388	2110	2274	1965	1761	1050	1705	1097	3124	3606	758	842	842	3538	3801	3883	864	1631	2436	2773	1581	3796	1723	0	3067	3505	3561	4361	1162	943	2398	1135	2829	741	1576	3310	1723	2342	3701	632	3087	2839	2333	2165	1697	1693	2436	2201	1991	1529	501	1830	4451	1273	1480	3687	1673	1690	4711	2760	4729	842	1625	184	760	3611	4358	4113	2856	1501	2170	2573	1769	
1110	2474	2036	711	3558	1604	706	3552	3457	1520	1257	2292	1741	1347	1259	2317	3731	1475	3171	772	3604	3463	3303	2464	1459	2409	1413	3974	1893	1477	2005	1539	1310	2227	2223	4138	1331	556	3710	2409	2409	1251	3452	2936	2461	1568	638	1738	1640	3601	3963	3067	0	536	901	3923	2176	3492	1044	3749	271	2327	1529	729	1432	920	844	3661	659	969	1527	1155	1370	2025	632	1299	2595	1659	3260	2035	1408	2775	3999	863	1404	4508	2083	1384	2182	2409	3998	3142	3823	3170	1355	3207	1432	1575	2859	514	1894	
1632	2817	2501	860	3830	1986	928	4003	3933	1428	1753	2557	1880	1681	822	2813	4203	1149	3611	1292	4052	3906	3653	2906	1995	2897	1947	4367	2015	2013	2535	2073	1749	2592	2757	4591	1178	216	4178	2897	2897	910	3913	3351	2829	2077	1083	1712	1993	4070	4238	3505	536	0	1137	4357	2524	3990	1579	4091	804	2774	2015	458	1806	1454	955	4115	575	1460	2057	1689	1820	2557	1093	1835	3131	2163	3650	2570	1149	3298	4314	353	1877	4859	2120	1375	2249	2897	4291	3594	4251	3632	857	3612	1384	2042	2992	941	2428	
1482	3161	2513	1608	4301	2282	211	2964	2946	2414	999	3069	847	570	1331	2672	3202	1254	3656	845	3008	2855	3953	2974	1606	2786	1580	4538	1002	1568	1875	1691	1922	2892	2302	4561	2209	963	4101	2786	2786	2037	2892	2269	3111	1934	1364	2639	2355	3066	4696	3561	901	1137	0	3288	2867	3779	1180	4401	936	2833	1993	1535	2137	1220	267	4095	1532	779	1464	1404	1951	2149	1334	1420	2538	2037	3846	2096	1089	2946	4682	1470	1925	5134	1234	2284	1310	2786	4709	3595	4317	2621	1556	2517	2331	2089	3715	1297	2019	
3392	4747	3801	4431	5790	4208	3471	422	726	5274	2704	5002	2967	2718	4587	3535	562	4383	4387	3207	362	469	5157	4093	2997	3635	3039	5258	2958	2907	2357	2990	3899	4510	2758	4757	5168	4222	4343	3635	3635	5173	572	1021	4594	3399	3905	5368	4344	574	6063	4361	3923	4357	3288	0	4575	3801	3112	5497	3749	4012	3612	4652	4201	3320	3542	4486	4553	2969	2679	3209	3845	2875	3860	3003	2379	3438	4854	2732	4191	3093	5841	4709	3713	5963	3227	5064	3087	3635	5980	4250	4844	823	4829	800	5151	3746	5866	3962	2886	
1482	299	790	1688	1444	586	2747	4153	3889	1812	2337	458	3659	2996	3346	1162	4145	3635	1266	2084	4213	4130	1131	736	1692	1121	1668	1859	3815	1787	2233	1663	951	118	1844	2233	1978	2664	1920	1121	1121	2414	4004	3866	322	1225	1549	1612	537	4057	1831	1162	2176	2524	2867	4575	0	1989	1862	1574	1990	708	1037	2253	745	1718	2939	1787	2035	2287	2047	1643	940	1703	1567	1782	2295	1162	1149	1844	3582	1827	1827	2647	1013	2338	4093	1607	4149	1121	1842	1317	1818	3760	3352	4132	1700	899	1320	1663	1691	
2395	1900	1530	3326	2410	2198	3764	3429	3083	3728	2845	2387	4324	3589	4748	1177	3254	4901	885	2959	3481	3471	1729	1268	2173	1099	2201	1510	4454	2213	2116	2087	2282	1871	1545	970	3839	4048	544	1099	1099	4201	3275	3522	1739	1926	2912	3574	2279	3227	2537	943	3492	3990	3779	3801	1989	0	2610	1900	3228	1349	1976	3888	2358	2630	3970	712	3668	3004	2363	2407	2200	1650	2899	2359	1596	1833	1374	1738	4784	891	2223	4230	2121	2196	4801	3500	4786	1099	2406	759	1074	3139	4841	3711	3602	1965	3107	3054	1772	
381	2134	1364	1343	3300	1317	1155	2710	2553	2166	492	2171	1855	1149	2216	1493	2831	2309	2489	350	2766	2643	2866	1826	448	1608	412	3391	2005	443	972	534	940	1857	1204	3382	2083	1560	2922	1608	1608	2182	2588	2216	2049	767	797	2257	1430	2710	3674	2398	1044	1579	1180	3112	1862	2610	0	3308	784	1686	868	1695	1232	208	1360	2917	1538	446	499	236	929	1020	753	267	1553	869	2718	1007	2181	1808	3611	1902	851	4015	2317	1953	2346	1608	3664	2422	3148	2308	2359	2495	2041	988	2956	874	887	
2946	1277	1965	3242	652	2148	4296	5092	4772	3175	3737	1593	5156	4456	4912	2039	4984	5209	1116	3582	5150	5105	449	1526	3018	1921	3012	584	5309	3103	3361	2960	2484	1523	2814	1373	3398	4236	1437	1921	1921	3874	4935	4995	1295	2563	3117	2897	2111	4931	641	1135	3749	4091	4401	5497	1574	1900	3308	0	3554	1654	2440	3791	2316	3203	4494	1230	3579	3752	3348	3073	2450	2774	3133	3159	3124	2469	649	2917	5156	2407	345	4189	2481	770	5608	3020	5648	1921	507	1258	932	4743	4904	5233	3094	2326	1787	3235	2829	
840	2288	1789	731	3401	1407	777	3368	3254	1587	1053	2149	1780	1281	1520	2056	3530	1709	2932	551	3421	3285	3107	2227	1191	2150	1143	3755	1937	1212	1754	1269	1085	2031	1953	3891	1436	823	3458	2150	2150	1437	3261	2782	2261	1303	444	1764	1460	3402	3801	2829	271	804	936	3749	1990	3228	784	3554	0	2088	1275	929	1246	650	956	3415	805	781	1276	885	1138	1754	423	1034	2331	1395	3044	1766	1625	2504	3817	1119	1158	4307	2164	1417	2246	2150	3827	2897	3588	2978	1625	3057	1482	1330	2779	361	1624	
1351	764	322	2030	1796	860	2759	3593	3304	2379	2091	1160	3540	2824	3575	489	3547	3796	844	1991	3652	3585	1232	142	1366	422	1363	1707	3690	1450	1744	1307	1026	600	1254	1817	2495	2869	1414	422	422	2875	3439	3398	596	923	1699	2231	932	3471	2113	741	2327	2774	2833	4012	708	1349	1686	1654	2088	0	840	2605	1030	1613	2965	1340	2382	2132	1695	1451	959	1163	1698	1514	1663	824	1037	1311	3710	1125	1978	2972	932	2333	4003	2152	4031	422	2066	820	1501	3215	3630	3649	2254	760	1999	1838	1197	
513	1288	524	1388	2451	597	1920	3191	2958	1980	1317	1413	2718	2017	2788	800	3225	2979	1674	1154	3251	3155	1998	982	657	883	631	2545	2870	753	1256	637	374	1012	1031	2619	2011	2083	2183	883	883	2293	3049	2848	1189	214	936	1943	734	3125	2816	1576	1529	2015	1993	3612	1037	1976	868	2440	1275	840	0	1927	624	774	2126	2144	1714	1312	1012	634	290	834	923	749	1507	214	1858	945	2884	1363	2744	2257	162	3153	3175	1740	3210	883	2800	1629	2335	2790	2868	3118	1845	139	2261	1078	766	
1643	2534	2364	577	3480	1767	1324	4280	4179	973	1976	2220	2318	2044	1175	2721	4453	1558	3419	1478	4332	4192	3365	2727	2057	2789	2006	4112	2458	2096	2667	2126	1606	2335	2795	4407	720	674	4018	2789	2789	522	4179	3664	2570	2034	1015	1264	1744	4324	3888	3310	729	458	1535	4652	2253	3888	1695	3791	929	2605	1927	0	1587	1529	1385	3935	224	1693	2193	1746	1687	2587	1042	1924	3209	2106	3399	2625	1583	3272	3992	399	1773	4561	2575	938	2701	2789	3953	3419	4037	3896	1120	3934	936	1924	2578	882	2465	
863	1044	839	1010	2164	181	2008	3783	3563	1411	1723	953	2947	2316	2626	1251	3833	2898	1832	1392	3842	3738	1871	1145	1206	1287	1166	2561	3105	1298	1856	1212	306	795	1651	2820	1488	1933	2439	1287	1287	1846	3644	3388	1031	833	804	1335	218	3729	2561	1723	1432	1806	2137	4201	745	2358	1232	2316	1246	1030	624	1587	0	1054	2198	2349	1364	1619	1542	1048	357	1457	822	1231	2127	833	1844	1568	2840	1901	2572	1966	493	3076	3370	1172	3433	1287	2582	1835	2455	3379	2650	3664	1277	520	1727	919	1388	
262	1999	1293	1146	3161	1155	1158	2917	2756	1961	684	2002	1955	1278	2140	1480	3033	2272	2438	380	2973	2851	2757	1755	541	1587	493	3319	2109	569	1145	619	775	1723	1303	3358	1884	1461	2907	1587	1587	2002	2794	2422	1926	724	594	2049	1259	2913	3543	2342	920	1454	1220	3320	1718	2630	208	3203	650	1613	774	1529	1054	0	1366	2888	1360	571	685	236	778	1105	551	396	1688	826	2632	1117	2158	1867	3497	1763	723	3925	2406	1746	2447	1587	3540	2382	3099	2515	2265	2702	1834	878	2769	681	974	
1623	3237	2650	1550	4357	2354	208	3224	3212	2310	1241	3105	934	826	1064	2841	3467	999	3799	1012	3267	3114	4045	3106	1801	2951	1770	4661	1077	1773	2119	1887	2011	2974	2521	4724	2087	759	4270	2951	2951	1865	3155	2522	3199	2090	1400	2556	2414	3330	4757	3701	844	955	267	3542	2939	3970	1360	4494	956	2965	2126	1385	2198	1366	0	4254	1418	997	1691	1571	2050	2358	1377	1614	2779	2192	3960	2315	843	3154	4764	1266	2041	5239	1239	2203	1344	2951	4779	3747	4460	2886	1293	2765	2238	2210	3702	1309	2226	
2631	1602	1626	3359	1802	2171	4046	4104	3764	3599	3239	2092	4728	3993	4914	1427	3946	5122	524	3251	4158	4139	1158	1210	2518	1310	2534	799	4868	2580	2625	2440	2366	1677	2037	477	3755	4207	208	1310	1310	4170	3949	4141	1479	2164	3038	3393	2212	3913	1871	632	3661	4115	4095	4486	1787	712	2917	1230	3415	1340	2144	3935	2349	2888	4254	0	3712	3347	2776	2691	2297	2083	3035	2696	2201	2062	830	2201	5027	1454	1536	4308	2258	1487	5203	3390	5208	1310	1729	520	363	3795	4970	4346	3485	2086	2675	3177	2184	
1453	2317	2143	353	3283	1544	1325	4173	4056	893	1857	2016	2348	2005	1358	2504	4332	1718	3195	1354	4226	4089	3151	2504	1877	2570	1826	3893	2493	1922	2504	1943	1386	2115	2603	4184	678	778	3795	2570	2570	644	4066	3580	2351	1828	817	1153	1523	4205	3691	3087	659	575	1532	4553	2035	3668	1538	3579	805	2382	1714	224	1364	1360	1418	3712	0	1585	2036	1568	1468	2394	848	1754	3027	1896	3179	2439	1724	3064	3786	612	1558	4349	2639	807	2756	2570	3752	3195	3814	3783	1326	3853	828	1705	2417	692	2275	
811	2566	1809	1484	3730	1725	806	2590	2489	2341	294	2570	1409	710	1963	1920	2762	1986	2929	258	2642	2505	3309	2271	836	2038	815	3835	1559	792	1139	919	1346	2289	1526	3807	2209	1382	3342	2038	2038	2209	2486	2005	2487	1211	1012	2484	1828	2632	4109	2839	969	1460	779	2969	2287	3004	446	3752	781	2132	1312	1693	1619	571	997	3347	1585	0	695	682	1348	1370	968	652	1790	1312	3164	1320	1839	2167	4053	1809	1284	4461	1873	2152	1900	2038	4102	2858	3587	2203	2142	2282	2227	1429	3320	1030	1241	
713	2285	1391	1831	3436	1578	1500	2267	2084	2634	484	2421	1965	1228	2641	1370	2361	2681	2411	772	2325	2212	2924	1823	355	1495	383	3345	2099	260	479	393	1236	2014	843	3217	2567	2018	2745	1495	1495	2680	2137	1848	2168	825	1277	2699	1708	2245	3785	2333	1527	2057	1464	2679	2047	2363	499	3348	1276	1695	1012	2193	1542	685	1691	2776	2036	695	0	532	1193	713	1234	324	1101	902	2722	637	2534	1498	3672	2389	1074	4008	2442	2412	2436	1495	3752	2319	3049	1862	2805	2123	2505	1151	3254	1365	596	
187	1910	1128	1327	3075	1114	1363	2798	2615	2109	695	1970	2090	1383	2374	1271	2891	2497	2257	561	2856	2740	2632	1591	312	1384	262	3156	2241	357	956	386	746	1632	1069	3158	2055	1697	2701	1384	1384	2206	2668	2351	1820	534	771	2168	1234	2776	3446	2165	1155	1689	1404	3209	1643	2407	236	3073	885	1451	634	1746	1048	236	1571	2691	1568	682	532	0	722	869	731	208	1464	636	2483	886	2377	1633	3378	1993	630	3779	2552	1884	2581	1384	3433	2193	2917	2393	2501	2629	1978	758	2774	878	739	
549	1223	683	1131	2383	392	1849	3426	3206	1691	1414	1248	2725	2057	2617	1038	3476	2842	1802	1147	3485	3382	2001	1095	852	1102	814	2619	2881	945	1499	855	87	948	1318	2774	1727	1911	2358	1102	1102	2026	3287	3042	1160	486	741	1656	517	3372	2766	1697	1370	1820	1951	3845	940	2200	929	2450	1138	959	290	1687	357	778	2050	2297	1468	1348	1193	722	0	1118	739	891	1792	503	1912	1221	2762	1639	2733	2035	139	3189	3166	1451	3216	1102	2768	1777	2453	3022	2677	3316	1556	238	2063	880	1041	
944	1874	926	2111	2959	1408	2157	2454	2187	2792	1195	2140	2677	1941	3233	735	2444	3326	1759	1366	2514	2436	2377	1267	574	857	616	2700	2810	586	588	490	1196	1635	210	2514	2794	2564	2041	857	857	3016	2303	2236	1726	634	1577	2774	1545	2355	3271	1693	2025	2557	2149	2875	1703	1650	1020	2774	1754	1163	834	2587	1457	1105	2358	2083	2394	1370	713	869	1118	0	1546	754	675	624	2129	147	3192	797	3110	2856	981	3383	3154	2553	3145	857	3215	1653	2375	2066	3367	2486	2656	943	3009	1705	133	
605	1865	1413	598	2980	985	1191	3460	3306	1415	1176	1736	2165	1597	1879	1721	3583	2107	2541	711	3516	3390	2685	1834	1036	1804	984	3344	2323	1088	1684	1097	678	1609	1755	3512	1333	1172	3090	1804	1804	1479	3340	2939	1840	1000	45	1525	1037	3462	3380	2436	632	1093	1334	3860	1567	2899	753	3133	423	1698	923	1042	822	551	1377	3035	848	968	1234	731	739	1546	0	930	2181	1080	2630	1591	2035	2236	3393	1342	785	3887	2568	1206	2642	1804	3404	2515	3192	3059	1948	3218	1291	953	2403	161	1427	
389	2036	1196	1527	3198	1281	1411	2591	2407	2317	578	2133	2041	1314	2482	1269	2683	2573	2288	613	2649	2535	2724	1651	187	1388	162	3205	2187	178	755	273	925	1761	938	3155	2258	1824	2690	1388	1388	2396	2461	2158	1934	596	970	2376	1407	2568	3560	2201	1299	1835	1420	3003	1782	2359	267	3159	1034	1514	749	1924	1231	396	1614	2696	1754	652	324	208	891	754	930	0	1297	691	2551	741	2442	1545	3472	2152	781	3847	2512	2092	2528	1388	3538	2212	2942	2186	2624	2435	2186	884	2953	1070	621	
1577	2421	1505	2762	3417	2068	2594	1969	1658	3465	1540	2747	2897	2196	3741	1176	1890	3775	2025	1866	2027	1981	2779	1729	1152	1265	1203	2930	3007	1120	665	1085	1871	2211	477	2557	3459	3108	2097	1265	1265	3660	1813	1940	2258	1309	2216	3448	2203	1822	3684	1991	2595	3131	2538	2379	2295	1596	1553	3124	2331	1663	1507	3209	2127	1688	2779	2201	3027	1790	1101	1464	1792	675	2181	1297	0	1295	2479	593	3622	749	3469	3449	1655	3635	3364	3227	3322	1265	3603	1892	2542	1621	3901	2147	3329	1610	3615	2335	769	
573	1385	505	1580	2534	789	1984	3016	2772	2193	1269	1568	2719	2000	2916	662	3037	3083	1621	1191	3076	2984	2036	962	555	763	545	2523	2867	646	1082	510	586	1118	819	2532	2219	2215	2082	763	763	2488	2871	2705	1266	102	1099	2157	926	2940	2884	1529	1659	2163	2037	3438	1162	1833	869	2469	1395	824	214	2106	833	826	2192	2062	1896	1312	902	636	503	624	1080	691	1295	0	1861	741	2977	1169	2784	2422	371	3157	3185	1953	3208	763	2856	1559	2281	2617	3010	2971	2057	320	2428	1239	566	
2371	891	1357	2829	1039	1665	3757	4448	4130	2919	3128	1343	4573	3860	4470	1394	4347	4734	508	3012	4505	4459	355	902	2401	1274	2400	717	4723	2483	2716	2339	1959	1064	2165	1177	3108	3775	1025	1274	1274	3557	4291	4347	829	1959	2621	2680	1661	4291	1223	501	3260	3650	3846	4854	1149	1374	2718	649	3044	1037	1858	3399	1844	2632	3960	830	3179	3164	2722	2483	1912	2129	2630	2551	2479	1861	0	2271	4665	1771	992	3790	1922	1297	5033	2731	5064	1274	1127	651	713	4095	4489	4584	2819	1756	1849	2750	2189	
987	2020	1071	2169	3107	1530	2118	2310	2047	2877	1121	2278	2587	1854	3221	878	2307	3294	1893	1343	2370	2291	2523	1414	576	998	624	2833	2716	564	445	501	1296	1778	206	2624	2867	2564	2150	998	998	3069	2160	2089	1872	736	1625	2872	1667	2216	3418	1830	2035	2570	2096	2732	1844	1738	1007	2917	1766	1311	945	2625	1568	1117	2315	2201	2439	1320	637	886	1221	147	1591	741	593	741	2271	0	3154	862	3254	2879	1083	3520	3064	2640	3049	998	3361	1784	2500	1921	3365	2339	2741	1061	3146	1747	181	
2404	3881	3405	1988	4943	3012	1036	3913	3946	2548	2083	3670	1262	1566	559	3636	4187	193	4553	1831	3951	3794	4711	3849	2628	3740	2593	5378	1327	2606	2961	2714	2709	3635	3360	5502	2283	955	5058	3740	3740	1904	3864	3179	3869	2877	2045	2847	3046	4050	5351	4451	1408	1149	1089	4191	3582	4784	2181	5156	1625	3710	2884	1583	2840	2158	843	5027	1724	1839	2534	2377	2762	3192	2035	2442	3622	2977	4665	3154	0	3986	5401	1264	2778	5916	1248	2518	1410	3740	5393	4513	5211	3609	810	3393	2519	2950	4140	1922	3059	
1666	1878	1102	2748	2755	1785	2953	2694	2367	3310	1982	2283	3447	2715	4007	679	2578	4117	1295	2157	2750	2715	2092	1144	1360	706	1396	2184	3573	1382	1225	1273	1726	1723	662	1827	3365	3325	1360	706	706	3655	2537	2687	1704	1238	2260	3226	1903	2525	2991	1273	2775	3298	2946	3093	1827	891	1808	2407	2504	1125	1363	3272	1901	1867	3154	1454	3064	2167	1498	1633	1639	797	2236	1545	749	1169	1771	862	3986	0	2751	3576	1525	2889	3923	3071	3903	706	2897	1157	1793	2361	4128	2896	3176	1408	3123	2397	928	
3243	1528	2283	3458	604	2411	4569	5437	5117	3315	4050	1773	5452	4760	5133	2377	5329	5445	1460	3874	5494	5449	749	1855	3337	2260	3329	801	5606	3424	3698	3282	2761	1791	3155	1611	3552	4469	1739	2260	2260	4036	5280	5336	1573	2876	3375	3022	2360	5276	382	1480	3999	4314	4682	5841	1827	2223	3611	345	3817	1978	2744	3992	2572	3497	4764	1536	3786	4053	3672	3378	2733	3110	3393	3472	3469	2784	992	3254	5401	2751	0	4391	2774	642	5898	3179	5944	2260	211	1601	1210	5087	5111	5574	3245	2624	1805	3487	3162	
1918	2929	2718	961	3878	2147	1266	4356	4286	1300	2102	2619	2169	2024	800	3056	4556	1210	3795	1632	4405	4259	3762	3098	2303	3132	2254	4505	2296	2329	2868	2379	1958	2726	3060	4782	1028	509	4384	3132	3132	648	4266	3701	2962	2342	1323	1610	2132	4423	4285	3687	863	353	1470	4709	2647	4230	1902	4189	1119	2972	2257	399	1966	1763	1266	4308	612	1809	2389	1993	2035	2856	1342	2152	3449	2422	3790	2879	1264	3576	4391	0	2109	4959	2363	1306	2502	3132	4351	3790	4420	3986	722	3961	1288	2267	2955	1182	2729	
473	1284	632	1229	2449	504	1837	3294	3071	1822	1325	1352	2678	1993	2660	948	3341	2867	1775	1101	3353	3252	2035	1072	726	1024	691	2620	2832	821	1364	724	216	1007	1182	2734	1849	1954	2307	1024	1024	2132	3154	2921	1205	347	794	1793	636	3237	2825	1673	1404	1877	1925	3713	1013	2121	851	2481	1158	932	162	1773	493	723	2041	2258	1558	1284	1074	630	139	981	785	781	1655	371	1922	1083	2778	1525	2774	2109	0	3209	3127	1582	3169	1024	2819	1739	2433	2891	2732	3195	1686	172	2180	936	902	
3664	2043	2654	4011	1246	2905	5038	5574	5238	3929	4423	2358	5869	5156	5681	2653	5428	5973	1630	4305	5629	5602	1207	2196	3694	2529	3694	706	6020	3774	3963	3629	3228	2281	3390	1364	4157	5002	1657	2529	2529	4636	5418	5557	2048	3255	3874	3642	2874	5390	961	1690	4508	4859	5134	5963	2338	2196	4015	770	4307	2333	3153	4561	3076	3925	5239	1487	4349	4461	4008	3779	3189	3383	3887	3847	3635	3157	1297	3520	5916	2889	642	4959	3209	0	6328	3781	6360	2529	799	1751	1125	5250	5674	5778	3852	3047	2446	3995	3456	
2664	4385	3681	2789	5532	3510	1390	3032	3157	3530	1966	4304	477	1214	1796	3778	3353	1419	4799	2026	3057	2901	5161	4143	2685	3899	2673	5708	357	2623	2724	2763	3144	4113	3261	5653	3292	1905	5183	3899	3899	3006	3024	2287	4326	3083	2598	3788	3587	3222	5924	4711	2083	2120	1234	3227	4093	4801	2317	5608	2164	4003	3175	2575	3370	2406	1239	5203	2639	1873	2442	2552	3166	3154	2568	2512	3364	3185	5033	3064	1248	3923	5898	2363	3127	6328	0	3436	167	3899	5933	4724	5454	2813	2054	2438	3466	3284	4935	2524	3038	
1716	1840	2006	687	2630	1310	2086	4662	4496	240	2380	1430	3121	2697	2104	2423	4773	2496	2866	1896	4719	4595	2626	2244	2154	2453	2103	3417	3271	2226	2830	2194	1367	1713	2759	3840	379	1583	3511	2453	2453	857	4540	4143	1925	1922	1161	354	1221	4656	3031	2760	1384	1375	2284	5064	1607	3500	1953	3020	1417	2152	1740	938	1172	1746	2203	3390	807	2152	2412	1884	1451	2553	1206	2092	3227	1953	2731	2640	2518	3071	3179	1306	1582	3781	3436	0	3547	2453	3114	2902	3421	4260	2015	4422	105	1669	1649	1122	2460	
2702	4438	3709	2891	5590	3568	1481	2904	3041	3648	1969	4374	492	1216	1955	3787	3231	1583	4816	2070	2927	2772	5203	4170	2696	3909	2687	5731	341	2630	2693	2772	3197	4164	3243	5653	3416	2035	5182	3909	3909	3142	2901	2163	4372	3108	2674	3900	3650	3100	5980	4729	2182	2249	1310	3087	4149	4786	2346	5648	2246	4031	3210	2701	3433	2447	1344	5208	2756	1900	2436	2581	3216	3145	2642	2528	3322	3208	5064	3049	1410	3903	5944	2502	3169	6360	167	3547	0	3909	5983	4736	5467	2699	2214	2303	3581	3323	5024	2607	3033	
1336	1183	448	2231	2155	1143	2744	3220	2920	2688	1941	1576	3426	2693	3668	125	3156	3845	916	1944	3279	3219	1538	465	1214	0	1226	1854	3569	1281	1443	1138	1185	1017	897	1774	2774	2964	1320	0	0	3114	3064	3076	1012	863	1816	2572	1246	3085	2441	842	2409	2897	2786	3635	1121	1099	1608	1921	2150	422	883	2789	1287	1587	2951	1310	2570	2038	1495	1384	1102	857	1804	1388	1265	763	1274	998	3740	706	2260	3132	1024	2529	3899	2453	3909	0	2374	827	1558	2852	3751	3317	2557	866	2420	1959	927	
3291	1548	2361	3432	489	2428	4588	5572	5257	3238	4114	1736	5493	4811	5105	2488	5474	5430	1615	3914	5630	5581	838	1951	3411	2374	3400	1010	5648	3500	3802	3360	2789	1820	3271	1820	3482	4453	1934	2374	2374	3970	5416	5448	1615	2944	3383	2937	2366	5418	173	1625	3998	4291	4709	5980	1842	2406	3664	507	3827	2066	2800	3953	2582	3540	4779	1729	3752	4102	3752	3433	2768	3215	3404	3538	3603	2856	1127	3361	5393	2897	211	4351	2819	799	5933	3114	5983	2374	0	1758	1411	5216	5073	5691	3175	2675	1671	3489	3260	
2123	1176	1108	2843	1686	1658	3539	3851	3524	3117	2769	1671	4252	3520	4393	951	3731	4605	144	2750	3907	3870	1001	692	2040	827	2051	1053	4396	2108	2223	1965	1846	1202	1643	997	3262	3687	610	827	827	3666	3694	3806	1030	1661	2518	2928	1706	3682	1866	184	3142	3594	3595	4250	1317	759	2422	1258	2897	820	1629	3419	1835	2382	3747	520	3195	2858	2319	2193	1777	1653	2515	2212	1892	1559	651	1784	4513	1157	1601	3790	1739	1751	4724	2902	4736	827	1758	0	731	3513	4450	4030	2999	1567	2354	2657	1740	
2839	1587	1811	3461	1550	2274	4254	4460	4121	3616	3500	2053	4983	4251	5062	1682	4306	5295	661	3471	4514	4492	971	1361	2771	1558	2781	441	5127	2839	2933	2696	2514	1719	2347	476	3794	4359	545	1558	1558	4231	4304	4479	1496	2384	3190	3386	2294	4271	1564	760	3823	4251	4317	4844	1818	1074	3148	932	3588	1501	2335	4037	2455	3099	4460	363	3814	3587	3049	2917	2453	2375	3192	2942	2542	2281	713	2500	5211	1793	1210	4420	2433	1125	5454	3421	5467	1558	1411	731	0	4146	5102	4689	3511	2260	2533	3325	2466	
2575	3940	2992	3640	5004	3386	2786	405	345	4474	1925	4184	2465	2065	3948	2746	581	3797	3646	2429	464	370	4386	3303	2175	2852	2218	4545	2495	2086	1536	2167	3077	3698	1962	4108	4379	3515	3670	2852	2852	4413	283	572	3790	2578	3104	4557	3522	445	5291	3611	3170	3632	2621	823	3760	3139	2308	4743	2978	3215	2790	3896	3379	2515	2886	3795	3783	2203	1862	2393	3022	2066	3059	2186	1621	2617	4095	1921	3609	2361	5087	3986	2891	5250	2813	4260	2699	2852	5216	3513	4146	0	4177	621	4349	2924	5045	3169	2070	
2465	3639	3358	1665	4600	2831	1402	4516	4501	1981	2428	3339	2007	2118	261	3664	4758	667	4465	2036	4559	4405	4474	3761	2796	3751	2752	5205	2097	2802	3273	2878	2605	3426	3560	5447	1706	804	5034	3751	3751	1251	4448	3808	3663	2921	1939	2300	2828	4622	5007	4358	1355	857	1556	4829	3352	4841	2359	4904	1625	3630	2868	1120	2650	2265	1293	4970	1326	2142	2805	2501	2677	3367	1948	2624	3901	3010	4489	3365	810	4128	5111	722	2732	5674	2054	2015	2214	3751	5073	4450	5102	4177	0	4045	1987	2899	3663	1798	3235	
2817	4340	3396	3764	5445	3699	2707	626	874	4620	2042	4531	2166	1948	3799	3204	977	3585	4157	2532	636	493	4854	3751	2469	3317	2504	5075	2161	2374	1911	2481	3358	4083	2420	4681	4491	3465	4233	3317	3317	4455	676	280	4201	2915	3264	4742	3831	865	5754	4113	3207	3612	2517	800	4132	3711	2495	5233	3057	3649	3118	3934	3664	2702	2765	4346	3853	2282	2123	2629	3316	2486	3218	2435	2147	2971	4584	2339	3393	2896	5574	3961	3195	5778	2438	4422	2303	3317	5691	4030	4689	621	4045	0	4502	3257	5375	3303	2462	
1812	1928	2110	750	2689	1415	2130	4750	4588	136	2461	1507	3162	2757	2088	2528	4865	2489	2962	1972	4807	4681	2705	2344	2251	2557	2200	3500	3311	2322	2927	2292	1471	1808	2862	3933	307	1595	3608	2557	2557	797	4629	4223	2017	2025	1246	329	1323	4747	3087	2856	1432	1384	2331	5151	1700	3602	2041	3094	1482	2254	1845	936	1277	1834	2238	3485	828	2227	2505	1978	1556	2656	1291	2186	3329	2057	2819	2741	2519	3176	3245	1288	1686	3852	3466	105	3581	2557	3175	2999	3511	4349	1987	4502	0	1774	1678	1199	2562	
620	1154	461	1369	2319	469	2006	3325	3087	1909	1447	1274	2831	2137	2830	800	3353	3039	1603	1258	3384	3289	1881	900	797	866	770	2452	2984	892	1389	776	324	878	1132	2563	1957	2123	2138	866	866	2263	3181	2986	1061	346	959	1854	607	3254	2688	1501	1575	2042	2089	3746	899	1965	988	2326	1330	760	139	1924	520	878	2210	2086	1705	1429	1151	758	238	943	953	884	1610	320	1756	1061	2950	1408	2624	2267	172	3047	3284	1669	3323	866	2675	1567	2260	2924	2899	3257	1774	0	2124	1101	885	
2590	1252	2110	2173	1200	1676	3545	5444	5193	1702	3447	870	4559	3993	3751	2474	5453	4133	2245	3077	5504	5412	1564	1985	2906	2420	2872	2333	4715	3001	3510	2896	2029	1411	3160	3008	1971	3188	2862	2420	2420	2458	5298	5101	1426	2470	2366	1381	1546	5361	1542	2170	2859	2992	3715	5866	1320	3107	2956	1787	2779	1999	2261	2578	1727	2769	3702	2675	2417	3320	3254	2774	2063	3009	2403	2953	3615	2428	1849	3146	4140	3123	1805	2955	2180	2446	4935	1649	5024	2420	1671	2354	2533	5045	3663	5375	1678	2124	0	2419	2983	
762	1961	1560	472	3055	1090	1135	3567	3423	1317	1263	1796	2139	1613	1738	1878	3701	1984	2679	774	3622	3493	2789	1972	1186	1959	1134	3465	2296	1234	1824	1251	813	1713	1913	3654	1212	1034	3237	1959	1959	1328	3451	3025	1947	1161	143	1455	1127	3578	3458	2573	514	941	1297	3962	1663	3054	874	3235	361	1838	1078	882	919	681	1309	3177	692	1030	1365	878	880	1705	161	1070	2335	1239	2750	1747	1922	2397	3487	1182	936	3995	2524	1122	2607	1959	3489	2657	3325	3169	1798	3303	1199	1101	2419	0	1584	
822	1880	934	1998	2987	1355	2025	2464	2210	2697	1075	2117	2561	1824	3100	803	2473	3193	1840	1233	2524	2439	2423	1310	441	927	484	2779	2696	454	552	357	1115	1630	331	2622	2690	2432	2149	927	927	2901	2316	2206	1739	556	1459	2691	1492	2379	3310	1769	1894	2428	2019	2886	1691	1772	887	2829	1624	1197	766	2465	1388	974	2226	2184	2275	1241	596	739	1041	133	1427	621	769	566	2189	181	3059	928	3162	2729	902	3456	3038	2460	3033	927	3260	1740	2466	2070	3235	2462	2562	885	2983	1584	0	


0	 CF141TB 	 0 	 0 	 540  	 1080  	 0  	 0 

1	 CF146RG 	 1 	 2 	 660  	 900  	 8  	 4 
2	 CF145ET 	 1 	 2 	 720  	 960  	 7  	 3 
3	 CF147BN	 1 	 6 	 660  	 900  	 9  	 4 
4	 CF149FL 	 0 	 11 	 660  	 900  	 10  	 5 
5	 CF146LT 	 1 	 6 	 600  	 840  	 6  	 3 
6	 CF142LJ 	 1 	 3 	 600  	 840  	 5  	 2 
7	 CF244HA	 1 	 4 	 660  	 900  	 10  	 5 
8	 CF244QT 	 1 	 8 	 660  	 900  	 7  	 3 
9	 CF147EU 	 1 	 2 	 660  	 900  	 5  	 2 
10	 CF141JX 	 1 	 4 	 600  	 840  	 5  	 2 
11	 CF146RN	 1 	 3 	 660  	 900  	 5  	 2 
12	 CF52YF 	 1 	 2 	 720  	 960  	 6  	 3 
13	 CF142SH 	 1 	 4 	 720  	 960  	 9  	 4 
14	 CF52RS 	 1 	 4 	 720  	 960  	 6  	 3 
15	 CF144HY 	 1 	 5 	 600  	 840  	 5  	 2 
16	 CF244NZ	 1 	 2 	 600  	 840  	 5  	 2 
17	 CF52QP 	 1 	 3 	 540  	 780  	 6  	 3 
18	 CF145AZ 	 1 	 2 	 600  	 840  	 9  	 4 
19	 CF141LE 	 1 	 4 	 660  	 900  	 5  	 2 
20	 CF244ES 	 1 	 4 	 540  	 780  	 6  	 3 
21	 CF244HH	 1 	 9 	 720  	 960  	 6  	 3 
22	 CF149AS 	 1 	 8 	 540  	 780  	 10  	 5 
23	 CF145FH 	 1 	 2 	 720  	 960  	 8  	 4 
24	 CF141UB 	 0 	 6 	 720  	 960  	 5  	 2 
25	 CF148JL 	 0 	 16 	 540  	 780  	 7  	 3 
26	 CF141TW	 0 	 24 	 540  	 780  	 8  	 4 
27	 CF149DL 	 1 	 7 	 600  	 840  	 9  	 4 
28	 CF52DZ 	 1 	 8 	 660  	 900  	 9  	 4 
29	 CF141TU 	 1 	 8 	 540  	 780  	 5  	 2 
30	 CF144EA 	 1 	 9 	 720  	 960  	 7  	 3 
31	 CF144RA 	 1 	 2 	 600  	 840  	 7  	 3 
32	 CF146DB 	 1 	 5 	 660  	 900  	 7  	 3 
33	 CF146NG	 1 	 1 	 600  	 840  	 7  	 3 
34	 CF144BQ	 1 	 2 	 660  	 900  	 7  	 3 
35	 CF140BG 	 1 	 8 	 540  	 780  	 5  	 2 
36	 CF147DT 	 1 	 5 	 600  	 840  	 10  	 5 
37	 CF142FQ 	 1 	 9 	 720  	 960  	 6  	 3 
38	 CF140RE 	 1 	 9 	 600  	 840  	 5  	 2 
39	 CF145XW	 1 	 6 	 720  	 960  	 10  	 5 
40	 CF148JS 	 1 	 3 	 660  	 900  	 10  	 5 
41	 CF147JR 	 1 	 10 	 540  	 780  	 8  	 4 
42	 CF244NG	 1 	 6 	 660  	 900  	 8  	 4 
43	 CF103EX 	 1 	 8 	 660  	 900  	 7  	 3 
44	 CF146PJ 	 1 	 1 	 540  	 780  	 5  	 2 
45	 CF144PQ	 0 	 10 	 540  	 780  	 10  	 5 
46	 CF141AN	 1 	 9 	 660  	 900  	 9  	 4 
47	 CF147HF 	 1 	 7 	 540  	 780  	 7  	 3 
48	 CF146JP 	 1 	 7 	 720  	 960  	 7  	 3 
49	 CF244PD 	 0 	 22 	 540  	 780  	 9  	 4 
50	 CF149HW 1 	 5 	 600  	 840  	 8  	 4 
51	 CF145DF 	 1 	 8 	 540  	 780  	 9  	 4 
52	 CF141LQ 	 1 	 8 	 540  	 780  	 7  	 3 
53	 CF142EL 	 1 	 6 	 660  	 900  	 7  	 3 
54	 CF142PE 	 1 	 5 	 600  	 840  	 5  	 2 
55	 CF244BY 	 1 	 6 	 540  	 780  	 6  	 3 
56	 CF146RA 	 1 	 7 	 540  	 780  	 10  	 5 
57	 CF140NT 	 1 	 5 	 660  	 900  	 9  	 4 
58	 CF141SB 	 1 	 2 	 660  	 900  	 9  	 4 
59	 CF149EA 	 1 	 4 	 660  	 900  	 5  	 2 
60	 CF141LT 	 1 	 8 	 540  	 780  	 8  	 4 
61	 CF145FB 	 1 	 8 	 600  	 840  	 9  	 4 
62	 CF144SB 	 0 	 2 	 660  	 900  	 9  	 4 
63	 CF142TG 	 1 	 7 	 600  	 840  	 5  	 2 
64	 CF146EP 	 1 	 8 	 600  	 840  	 8  	 4 
65	 CF141QJ 	 1 	 5 	 600  	 840  	 10  	 5 
66	 CF142HX 	 1 	 7 	 660  	 900  	 7  	 3 
67	 CF145UX 	 1 	 6 	 720  	 960  	 5  	 2 
68	 CF142TD 	 1 	 6 	 600  	 840  	 8  	 4 
69	 CF141HL 	 1 	 6 	 660  	 900  	 6  	 3 
70	 CF144AA 	 1 	 4 	 720  	 960  	 7  	 3 
71	 CF141RL 	 1 	 4 	 600  	 840  	 10  	 5 
72	 CF146AD	 1 	 4 	 720  	 960  	 10  	 5 
73	 CF144JX 	 0 	 15 	 660  	 900  	 7  	 3 
74	 CF141AQ	 1 	 2 	 600  	 840  	 6  	 3 
75	 CF141RJ 	 1 	 2 	 720  	 960  	 7  	 3 
76	 CF144AW	 1 	 3 	 660  	 900  	 5  	 2 
77	 CF144PT 	 1 	 10 	 600  	 840  	 5  	 2 
78	 CF145JJ 	 1 	 3 	 600  	 840  	 7  	 3 
79	 CF144BP 	 1 	 3 	 540  	 780  	 6  	 3 
80	 CF52RW 	 1 	 2 	 660  	 900  	 5  	 2 
81	 CF144HU	 1 	 1 	 540  	 780  	 9  	 4 
82	 CF149ET 	 1 	 6 	 660  	 900  	 10  	 5 
83	 CF142DH	 1 	 2 	 720  	 960  	 6  	 3 
84	 CF141UU	 0 	 10 	 540  	 780  	 5  	 2 
85	 CF149ES 	 1 	 6 	 600  	 840  	 5  	 2 
86	 CF52HU 	 1 	 6 	 720  	 960  	 7  	 3 
87	 CF147DE 	 1 	 3 	 720  	 960  	 9  	 4 
88	 CF52JB 	 1 	 4 	 600  	 840  	 6  	 3 
89	 CF148JD 	 1 	 3 	 600  	 840  	 7  	 3 
90	 CF149EW	 1 	 5 	 600  	 840  	 9  	 4 
91	 CF145LT 	 1 	 3 	 720  	 960  	 6  	 3 
92	 CF145AX 	 1 	 6 	 660  	 900  	 8  	 4 
93	 CF143JS 	 1 	 6 	 720  	 960  	 5  	 2 
94	 CF52DJ 	 1 	 3 	 720  	 960  	 5  	 2 
95	 CF103EL 	 1 	 3 	 600  	 840  	 8  	 4 
96	 CF147TB 	 1 	 10 	 600  	 840  	 9  	 4 
97	 CF146AU	 1 	 6 	 660  	 900  	 8  	 4 
98	 CF146TQ 	 1 	 1 	 720  	 960  	 10  	 5 
99	 CF141AH	 1 	 8 	 660  	 900  	 9  	 4 
100	 CF144NY	 0 	 8 	 600  	 840  	 9  	 4 
