15

1200
32
10
500

0	2715	4129	157	2472	2264	2223	2379	4602	2010	327	1323	2584	3019	2286	1274	
2715	0	3124	2575	780	578	1346	3214	3443	3719	2419	1874	2350	1537	2501	2351	
4129	3124	0	4092	2447	2833	4289	2342	480	5978	3837	4287	5298	1594	1921	2887	
157	2575	4092	0	2358	2136	2067	2422	4561	1980	255	1170	2444	2936	2278	1273	
2472	780	2447	2358	0	393	1848	2481	2814	3873	2148	2029	2865	864	1745	1778	
2264	578	2833	2136	393	0	1457	2651	3206	3528	1950	1670	2473	1257	1956	1778	
2223	1346	4289	2067	1848	1457	0	3712	4662	2532	2043	941	1023	2712	3155	2552	
2379	3214	2342	2422	2481	2651	3712	0	2800	4389	2206	3197	4508	2249	762	1232	
4602	3443	480	4561	2814	3206	4662	2800	0	6432	4307	4715	5679	1950	2400	3365	
2010	3719	5978	1980	3873	3528	2532	4389	6432	0	2219	1863	2017	4635	4243	3248	
327	2419	3837	255	2148	1950	2043	2206	4307	2219	0	1205	2524	2695	2030	1030	
1323	1874	4287	1170	2029	1670	941	3197	4715	1863	1205	0	1338	2832	2794	1968	
2584	2350	5298	2444	2865	2473	1023	4508	5679	2017	2524	1338	0	3730	4037	3289	
3019	1537	1594	2936	864	1257	2712	2249	1950	4635	2695	2832	3730	0	1497	2009	
2286	2501	1921	2278	1745	1956	3155	762	2400	4243	2030	2794	4037	1497	0	1012	
1274	2351	2887	1273	1778	1778	2552	1232	3365	3248	1030	1968	3289	2009	1012	0	


0	 CF143HB 	 0 	 0 	 540  	 1080  	 0  	 0 

1	 CF147BX 	 1 	 3 	 660  	 900  	 9  	 4 
2	 CF149EA 	 1 	 8 	 600  	 840  	 7  	 3 
3	 CF143HY 	 1 	 8 	 540  	 780  	 7  	 3 
4	 CF146EG 	 1 	 5 	 540  	 780  	 6  	 3 
5	 CF141BJ 	 1 	 3 	 660  	 900  	 10  	 5 
6	 CF142HB 	 1 	 4 	 720  	 960  	 5  	 2 
7	 CF145QJ 	 1 	 10 	 720  	 960  	 6  	 3 
8	 CF149EY 	 1 	 7 	 720  	 960  	 7  	 3 
9	 CF51DP 	 1 	 7 	 540  	 780  	 9  	 4 
10	 CF141JR 	 1 	 3 	 600  	 840  	 10  	 5 
11	 CF142LL 	 1 	 10 	 660  	 900  	 8  	 4 
12	 CF52RD 	 1 	 9 	 720  	 960  	 9  	 4 
13	 CF146RL 	 1 	 7 	 600  	 840  	 5  	 2 
14	 CF148JS 	 1 	 10 	 720  	 960  	 9  	 4 
15	 CF144NX	1 	 7 	 720  	 960  	 5  	 2 
