15

1200
32
10
500

0	1316	2008	3266	2073	1225	1484	1426	2483	686	3227	3494	2442	2351	2998	3610	
1316	0	3151	3208	2220	1449	1579	2480	1429	655	2108	3305	1171	1522	3300	3291	
2008	3151	0	5007	3832	3120	3374	689	3809	2514	4509	5295	4322	3463	4499	5470	
3266	3208	5007	0	1198	2053	1804	4596	4500	3295	5001	372	3165	4706	881	703	
2073	2220	3832	1198	0	884	664	3400	3616	2172	4217	1464	2545	3742	1081	1652	
1225	1449	3120	2053	884	0	261	2615	2877	1296	3537	2270	2096	2942	1916	2389	
1484	1579	3374	1804	664	261	0	2875	2996	1512	3628	2012	2081	3095	1730	2128	
1426	2480	689	4596	3400	2615	2875	0	3132	1857	3841	4857	3649	2802	4183	5000	
2483	1429	3809	4500	3616	2877	2996	3132	0	1832	747	4533	1549	468	4696	4450	
686	655	2514	3295	2172	1296	1512	1857	1832	0	2568	3460	1818	1763	3210	3510	
3227	2108	4509	5001	4217	3537	3628	3841	747	2568	0	4989	1872	1050	5285	4863	
3494	3305	5295	372	1464	2270	2012	4857	4533	3460	4989	0	3127	4772	1249	346	
2442	1171	4322	3165	2545	2096	2081	3649	1549	1818	1872	3127	0	1925	3556	2992	
2351	1522	3463	4706	3742	2942	3095	2802	468	1763	1050	4772	1925	0	4821	4717	
2998	3300	4499	881	1081	1916	1730	4183	4696	3210	5285	1249	3556	4821	0	1584	
3610	3291	5470	703	1652	2389	2128	5000	4450	3510	4863	346	2992	4717	1584	0	


0	 CF144DH	 0 	 0 	 540  	 1080  	 0  	 0 

1	 CF141QH	1 	 9 	 540  	 780  	 7  	 3 
2	 CF244DY 	 0 	 14 	 600  	 840  	 10  	 5 
3	 CF149DE 	 1 	 1 	 600  	 840  	 7  	 3 
4	 CF145DZ 	 1 	 10 	 540  	 780  	 6  	 3 
5	 CF144HH	 0 	 1 	 600  	 840  	 6  	 3 
6	 CF143TG 	 0 	 4 	 720  	 960  	 6  	 3 
7	 CF244LN 	 1 	 6 	 540  	 780  	 8  	 4 
8	 CF142FD 	 1 	 7 	 600  	 840  	 10  	 5 
9	 CF141RG 	 1 	 9 	 600  	 840  	 10  	 5 
10	 CF52RQ 	 1 	 8 	 660  	 900  	 9  	 4 
11	 CF149EH 	 1 	 3 	 720  	 960  	 8  	 4 
12	 CF147AG	 1 	 4 	 600  	 840  	 5  	 2 
13	 CF142JH 	 1 	 1 	 540  	 780  	 10  	 5 
14	 CF140TY 	 1 	 10 	 660  	 900  	 9  	 4 
15	 CF149HX 	 1 	 3 	 600  	 840  	 8  	 4 
