15

1200
32
10
500

0	574	1006	1074	612	1682	2934	1562	1240	1562	856	861	1692	2050	2420	2042	
574	0	1576	946	374	2182	2474	1277	753	1768	1375	1434	2186	1535	1986	1645	
1006	1576	0	1861	1573	888	3871	2253	2225	1813	664	241	1188	2960	3344	2946	
1074	946	1861	0	580	2680	2054	2204	759	1009	1326	1635	1893	2212	1522	1114	
612	374	1573	580	0	2294	2324	1649	656	1415	1218	1387	1971	1812	1808	1431	
1682	2182	888	2680	2294	0	4616	2403	2911	2699	1551	1127	1917	3295	4102	3718	
2934	2474	3871	2054	2324	4616	0	3170	1721	2766	3379	3661	3888	2452	531	940	
1562	1277	2253	2204	1649	2403	3170	0	1718	3031	2390	2239	3226	999	2803	2585	
1240	753	2225	759	656	2911	1721	1718	0	1768	1855	2042	2557	1497	1235	916	
1562	1768	1813	1009	1415	2699	2766	3031	1768	0	1150	1578	1207	3195	2267	1883	
856	1375	664	1326	1218	1551	3379	2390	1855	1150	0	428	839	2897	2848	2440	
861	1434	241	1635	1387	1127	3661	2239	2042	1578	428	0	1062	2879	3132	2731	
1692	2186	1188	1893	1971	1917	3888	3226	2557	1207	839	1062	0	3719	3367	2962	
2050	1535	2960	2212	1812	3295	2452	999	1497	3195	2897	2879	3719	0	2208	2123	
2420	1986	3344	1522	1808	4102	531	2803	1235	2267	2848	3132	3367	2208	0	409	
2042	1645	2946	1114	1431	3718	940	2585	916	1883	2440	2731	2962	2123	409	0	


0	 CF141SW 	0 	 0 	 540  	 1080  	 0  	 0 

1	 CF144QJ 	1 	 4 	 720  	 960  	 7  	 3 
2	 CF142XJ 	1 	 9 	 660  	 900  	 7  	 3 
3	 CF146LW 	1 	 8 	 540  	 780  	 6  	 3 
4	 CF144SJ 	1 	 1 	 600  	 840  	 9  	 4 
5	 CF142LS 	1 	 10 	 540  	 780  	 8  	 4 
6	 CF140SE 	1 	 7 	 600  	 840  	 5  	 2 
7	 CF144XY 	1 	 4 	 540  	 780  	 8  	 4 
8	 CF148NR 	1 	 8 	 600  	 840  	 7  	 3 
9	 CF146SD 	1 	 8 	 660  	 900  	 9  	 4 
10	 CF141BG 	1 	 9 	 600  	 840  	 8  	 4 
11	 CF141AU 	1 	 1 	 720  	 960  	 10  	 5 
12	 CF147TB 	1 	 3 	 540  	 780  	 9  	 4 
13	 CF143QL 	1 	 2 	 720  	 960  	 9  	 4 
14	 CF145UU 	1 	 10 	 540  	 780  	 6  	 3 
15	 CF145AZ 	1 	 6 	 540  	 780  	 5  	 2 
