15

1200
32
10
500

0	853	2976	4596	3190	2841	3677	2323	3922	1930	4118	5598	1839	322	939	3604	
853	0	3794	5263	3618	3323	4341	3001	4765	2721	4733	6442	2673	1170	1577	4281	
2976	3794	0	2195	2499	2172	1560	1301	1934	1095	2107	3280	1147	2657	2885	1436	
4596	5263	2195	0	2151	2182	922	2274	3762	2782	670	4484	3069	4319	4824	992	
3190	3618	2499	2151	0	404	1470	1387	4428	2111	1483	5712	2497	3013	3784	1520	
2841	3323	2172	2182	404	0	1376	996	4087	1712	1541	5425	2096	2647	3399	1395	
3677	4341	1560	922	1470	1376	0	1354	3391	1909	556	4433	2229	3405	3946	124	
2323	3001	1301	2274	1387	996	1354	0	3145	739	1812	4578	1125	2055	2654	1284	
3922	4765	1934	3762	4428	4087	3391	3145	0	2629	3894	1677	2382	3626	3350	3272	
1930	2721	1095	2782	2111	1712	1909	739	2629	0	2429	4185	387	1620	2042	1810	
4118	4733	2107	670	1483	1541	556	1812	3894	2429	0	4831	2764	3862	4450	677	
5598	6442	3280	4484	5712	5425	4433	4578	1677	4185	4831	0	3993	5300	5011	4331	
1839	2673	1147	3069	2497	2096	2229	1125	2382	387	2764	3993	0	1518	1782	2122	
322	1170	2657	4319	3013	2647	3405	2055	3626	1620	3862	5300	1518	0	876	3327	
939	1577	2885	4824	3784	3399	3946	2654	3350	2042	4450	5011	1782	876	0	3850	
3604	4281	1436	992	1520	1395	124	1284	3272	1810	677	4331	2122	3327	3850	0	


0	 CF145AH	0 	 0 	 540  	 1080  	 0  	 0 

1	 CF149FD 	 0 	 11 	 720  	 960  	 9  	 4 
2	 CF141DF 	 1 	 6 	 660  	 900  	 7  	 3 
3	 CF52PB 	 1 	 4 	 600  	 840  	 8  	 4 
4	 CF147BS 	 1 	 7 	 720  	 960  	 7  	 3 
5	 CF147BU 	 0 	 24 	 720  	 960  	 7  	 3 
6	 CF141NA	1 	 4 	 600  	 840  	 9  	 4 
7	 CF146BZ 	 1 	 6 	 600  	 840  	 7  	 3 
8	 CF244QG	1 	 8 	 660  	 900  	 6  	 3 
9	 CF144SG 	 1 	 4 	 600  	 840  	 6  	 3 
10	 CF142FS 	 1 	 8 	 720  	 960  	 7  	 3 
11	 CF244DS 	 1 	 1 	 720  	 960  	 9  	 4 
12	 CF144PD 	 1 	 7 	 600  	 840  	 9  	 4 
13	 CF145BU 	 1 	 7 	 540  	 780  	 5  	 2 
14	 CF140RD 	 1 	 2 	 720  	 960  	 5  	 2 
15	 CF141PG 	 1 	 6 	 660  	 900  	 6  	 3 
