15

1200
32
10
500

0	1022	4029	4981	1181	4525	3421	3968	1028	2692	3537	2181	1917	4078	1830	3146	
1022	0	3271	4052	575	3577	2870	3112	1003	1704	2906	1525	1053	3224	1133	2140	
4029	3271	0	4513	2864	4059	5136	567	4253	3022	724	1851	3487	4425	3835	2882	
4981	4052	4513	0	4340	508	2522	3953	4200	2384	4857	4357	3065	1065	3211	2063	
1181	575	2864	4340	0	3846	3399	2787	1534	1957	2423	1036	1512	3601	1666	2323	
4525	3577	4059	508	3846	0	2344	3505	3784	1892	4374	3849	2615	864	2791	1556	
3421	2870	5136	2522	3399	2344	0	4702	2410	2114	5123	4012	1918	1488	1738	2337	
3968	3112	567	3953	2787	3505	4702	0	4054	2597	1137	1858	3164	3906	3523	2401	
1028	1003	4253	4200	1534	3784	2410	4054	0	2127	3908	2528	1235	3221	994	2609	
2692	1704	3022	2384	1957	1892	2114	2597	2127	0	3048	2127	896	1716	1212	483	
3537	2906	724	4857	2423	4374	5123	1137	3908	3048	0	1389	3331	4615	3652	3023	
2181	1525	1851	4357	1036	3849	4012	1858	2528	2127	1389	0	2115	3837	2390	2308	
1917	1053	3487	3065	1512	2615	1918	3164	1235	896	3331	2115	0	2183	364	1378	
4078	3224	4425	1065	3601	864	1488	3906	3221	1716	4615	3837	2183	0	2258	1596	
1830	1133	3835	3211	1666	2791	1738	3523	994	1212	3652	2390	364	2258	0	1686	
3146	2140	2882	2063	2323	1556	2337	2401	2609	483	3023	2308	1378	1596	1686	0	


0	 CF147JN 	 0 	 0 	 540  	 1080  	 0  	 0 

1	 CF141BT 	 1 	 3 	 660  	 900  	 9  	 4 
2	 CF145AQ	1 	 5 	 600  	 840  	 8  	 4 
3	 CF244NT 	 1 	 8 	 600  	 840  	 5  	 2 
4	 CF141BR 	 0 	 13 	 540  	 780  	 9  	 4 
5	 CF244QZ	1 	 9 	 600  	 840  	 8  	 4 
6	 CF52AA 	 1 	 6 	 540  	 780  	 10  	 5 
7	 CF145NH	1 	 2 	 540  	 780  	 5  	 2 
8	 CF142FP 	 1 	 5 	 600  	 840  	 7  	 3 
9	 CF144AB 	 0 	 24 	 540  	 780  	 6  	 3 
10	 CF149AR 	 1 	 6 	 540  	 780  	 10  	 5 
11	 CF146NR	1 	 8 	 660  	 900  	 9  	 4 
12	 CF141LB 	 0 	 8 	 660  	 900  	 9  	 4 
13	 CF103EX 	 1 	 3 	 720  	 960  	 7  	 3 
14	 CF142PF 	 1 	 7 	 600  	 840  	 10  	 5 
15	 CF144DF 	 0 	 15 	 660  	 900  	 10  	 5 
