15

1200
32
10
500

0	2483	1208	2201	1645	1965	976	1208	2102	2446	695	2272	3328	1774	2232	2428	
2483	0	1392	3828	3933	4063	3040	1392	618	4662	2881	2345	3599	1103	4418	1292	
1208	1392	0	2527	2542	2679	1648	0	1231	3608	1495	1561	2843	578	3381	1270	
2201	3828	2527	0	1254	831	1236	2527	3758	3772	1518	1912	1962	2735	3665	2949	
1645	3933	2542	1254	0	500	906	2542	3667	2546	1059	2685	3136	2971	2462	3430	
1965	4063	2679	831	500	0	1058	2679	3866	3038	1297	2523	2782	3034	2960	3405	
976	3040	1648	1236	906	1058	0	1648	2812	2815	283	1925	2670	2065	2658	2544	
1208	1392	0	2527	2542	2679	1648	0	1231	3608	1495	1561	2843	578	3381	1270	
2102	618	1231	3758	3667	3866	2812	1231	0	4122	2610	2548	3848	1221	3875	1677	
2446	4662	3608	3772	2546	3038	2815	3608	4122	0	2649	4640	5482	4186	249	4864	
695	2881	1495	1518	1059	1297	283	1495	2610	2649	0	2013	2865	1964	2477	2503	
2272	2345	1561	1912	2685	2523	1925	1561	2548	4640	2013	0	1305	1327	4450	1163	
3328	3599	2843	1962	3136	2782	2670	2843	3848	5482	2865	1305	0	2628	5328	2332	
1774	1103	578	2735	2971	3034	2065	578	1221	4186	1964	1327	2628	0	3959	704	
2232	4418	3381	3665	2462	2960	2658	3381	3875	249	2477	4450	5328	3959	0	4640	
2428	1292	1270	2949	3430	3405	2544	1270	1677	4864	2503	1163	2332	704	4640	0	


0	 CF144EE 	 0 	 0 	 540  	 1080  	 0  	 0 

1	 CF145AP 	 1 	 10 	 540  	 780  	 6  	 3 
2	 CF146ZB 	 1 	 2 	 600  	 840  	 10  	 5 
3	 CF141ND	1 	 7 	 720  	 960  	 7  	 3 
4	 CF142SP 	 1 	 5 	 720  	 960  	 7  	 3 
5	 CF142PH 	 1 	 2 	 660  	 900  	 8  	 4 
6	 CF141EB 	 1 	 9 	 660  	 900  	 9  	 4 
7	 CF148JL 	 1 	 10 	 660  	 900  	 10  	 5 
8	 CF140NQ	1 	 4 	 720  	 960  	 8  	 4 
9	 CF244BU 	 1 	 6 	 540  	 780  	 7  	 3 
10	 CF144AA 	 1 	 6 	 540  	 780  	 5  	 2 
11	 CF146HZ 	 1 	 4 	 600  	 840  	 8  	 4 
12	 CF147EQ 	 1 	 9 	 600  	 840  	 10  	 5 
13	 CF145ZL 	 1 	 3 	 600  	 840  	 7  	 3 
14	 CF244EE 	 1 	 2 	 540  	 780  	 5  	 2 
15	 CF145JU 	 0 	 2 	 600  	 840  	 10  	 5 
