15

1200
32
10
500

0	3602	2481	662	2169	3117	363	3201	3853	3305	3695	2032	4184	2396	3400	5083	
3602	0	2320	4229	2962	686	3755	3545	1630	1751	544	1811	626	1420	4223	1661	
2481	2320	0	2871	701	1635	2398	1325	1585	983	2035	917	2634	1062	1948	3175	
662	4229	2871	0	2421	3712	495	3351	4345	3771	4287	2578	4798	2963	3415	5665	
2169	2962	701	2421	0	2278	1995	1085	2262	1666	2719	1306	3318	1598	1520	3874	
3117	686	1635	3712	2278	0	3224	2878	1246	1166	578	1186	1112	782	3549	1970	
363	3755	2398	495	1995	3224	0	2980	3854	3283	3799	2084	4316	2471	3123	5173	
3201	3545	1325	3351	1085	2878	2980	0	2351	1879	3165	2214	3741	2385	698	4031	
3853	1630	1585	4345	2262	1246	3854	2351	0	602	1098	1842	1540	1556	3045	1684	
3305	1751	983	3771	1666	1166	3283	1879	602	0	1306	1346	1866	1147	2576	2231	
3695	544	2035	4287	2719	578	3799	3165	1098	1306	0	1741	599	1339	3857	1394	
2032	1811	917	2578	1306	1186	2084	2214	1842	1346	1741	0	2297	404	2783	3094	
4184	626	2634	4798	3318	1112	4316	3741	1540	1866	599	2297	0	1893	4436	1047	
2396	1420	1062	2963	1598	782	2471	2385	1556	1147	1339	404	1893	0	3004	2702	
3400	4223	1948	3415	1520	3549	3123	698	3045	2576	3857	2783	4436	3004	0	4721	
5083	1661	3175	5665	3874	1970	5173	4031	1684	2231	1394	3094	1047	2702	4721	0	


0	 CF244NP	0 	 0 	 540  	 1080  	 0  	 0 

1	 CF145EZ 	 1 	 3 	 660  	 900  	 9  	 4 
2	 CF141EF 	 0 	 1 	 720  	 960  	 10  	 5 
3	 CF244AY 	 1 	 8 	 600  	 840  	 9  	 4 
4	 CF143HY 	 1 	 1 	 540  	 780  	 10  	 5 
5	 CF144TS 	 1 	 6 	 600  	 840  	 9  	 4 
6	 CF244JG 	 1 	 5 	 720  	 960  	 10  	 5 
7	 CF142HL 	 1 	 9 	 600  	 840  	 10  	 5 
8	 CF146JP 	 0 	 12 	 720  	 960  	 6  	 3 
9	 CF146BL 	 1 	 6 	 660  	 900  	 9  	 4 
10	 CF145ZX 	 1 	 3 	 600  	 840  	 5  	 2 
11	 CF144DQ	1 	 2 	 540  	 780  	 6  	 3 
12	 CF145BN	1 	 5 	 660  	 900  	 5  	 2 
13	 CF144JQ 	 1 	 3 	 600  	 840  	 6  	 3 
14	 CF52YQ 	 1 	 3 	 540  	 780  	 10  	 5 
15	 CF149AD	1 	 3 	 660  	 900  	 6  	 3 
