15

1200
32
10
500

0	5022	704	1198	4598	2003	3657	3061	5456	1451	1046	694	3385	1863	2988	1899	
5022	0	4320	4444	428	6123	5713	3122	1645	4698	6013	4691	2944	3411	2901	3550	
704	4320	0	949	3895	2354	3578	2504	4802	1332	1715	648	2812	1276	2392	1329	
1198	4444	949	0	4017	1731	2629	1966	5220	407	1778	507	2300	2017	1954	927	
4598	428	3895	4017	0	5701	5352	2749	1798	4275	5586	4263	2594	3014	2517	3128	
2003	6123	2354	1731	5701	0	2276	3296	6951	1426	1470	1718	3612	3615	3396	2574	
3657	5713	3578	2629	5352	2276	0	2607	6983	2257	3605	3029	2771	4511	2857	2803	
3061	3122	2504	1966	2749	3296	2607	0	4391	2002	3741	2431	336	2683	280	1176	
5456	1645	4802	5220	1798	6951	6983	4391	0	5554	6501	5324	4296	3613	4129	4452	
1451	4698	1332	407	4275	1426	2257	2002	5554	0	1798	780	2335	2422	2047	1148	
1046	6013	1715	1778	5586	1470	3605	3741	6501	1798	0	1366	4076	2907	3730	2671	
694	4691	648	507	4263	1718	3029	2431	5324	780	1366	0	2762	1898	2390	1313	
3385	2944	2812	2300	2594	3612	2771	336	4296	2335	4076	2762	0	2896	443	1491	
1863	3411	1276	2017	3014	3615	4511	2683	3613	2422	2907	1898	2896	0	2459	1766	
2988	2901	2392	1954	2517	3396	2857	280	4129	2047	3730	2390	443	2459	0	1089	
1899	3550	1329	927	3128	2574	2803	1176	4452	1148	2671	1313	1491	1766	1089	0	


0	 CF142FB 	 0 	 0 	 540  	 1080  	 0  	 0 

1	 CF149JG 	 1 	 5 	 660  	 900  	 10  	 5 
2	 CF141PD 	 1 	 5 	 660  	 900  	 5  	 2 
3	 CF141JU 	 1 	 2 	 540  	 780  	 8  	 4 
4	 CF149HY 	 1 	 2 	 540  	 780  	 5  	 2 
5	 CF52AS 	 1 	 2 	 660  	 900  	 5  	 2 
6	 CF244EW	1 	 3 	 540  	 780  	 10  	 5 
7	 CF144NA	1 	 10 	 720  	 960  	 10  	 5 
8	 CF831NB	1 	 10 	 720  	 960  	 10  	 5 
9	 CF142RZ 	 1 	 6 	 720  	 960  	 8  	 4 
10	 CF52NS 	 1 	 7 	 600  	 840  	 5  	 2 
11	 CF142NY	1 	 10 	 600  	 840  	 6  	 3 
12	 CF144HW	1 	 1 	 540  	 780  	 7  	 3 
13	 CF147BJ 	 1 	 2 	 660  	 900  	 6  	 3 
14	 CF144HL 	 1 	 8 	 540  	 780  	 6  	 3 
15	 CF141TT 	 1 	 1 	 540  	 780  	 7  	 3 
