15

1200
32
10
500

0	2975	1598	1778	2520	1204	1426	1882	3481	2794	824	868	2332	2962	3358	2919	
2975	0	1686	1338	2526	2127	2161	3037	1718	4391	2600	2538	3624	745	5144	4885	
1598	1686	0	1187	1343	1483	1712	2660	1889	3933	1685	1652	3266	2024	3530	3233	
1778	1338	1187	0	2507	788	846	1794	2540	3155	1272	1207	2409	1184	4584	4232	
2520	2526	1343	2507	0	2797	3041	3959	1578	5168	2902	2885	4548	3102	2793	2659	
1204	2127	1483	788	2797	0	270	1178	3183	2487	507	440	1790	1898	4396	3993	
1426	2161	1712	846	3041	270	0	979	3341	2325	649	587	1598	1839	4661	4254	
1882	3037	2660	1794	3959	1178	979	0	4317	1363	1128	1119	620	2568	5239	4796	
3481	1718	1889	2540	1578	3183	3341	4317	0	5663	3509	3465	4936	2460	4346	4235	
2794	4391	3933	3155	5168	2487	2325	1363	5663	0	2268	2290	770	3878	5977	5505	
824	2600	1685	1272	2902	507	649	1128	3509	2268	0	67	1667	2404	4156	3728	
868	2538	1652	1207	2885	440	587	1119	3465	2290	67	0	1673	2337	4187	3762	
2332	3624	3266	2409	4548	1790	1598	620	4936	770	1667	1673	0	3110	5651	5193	
2962	745	2024	1184	3102	1898	1839	2568	2460	3878	2404	2337	3110	0	5554	5249	
3358	5144	3530	4584	2793	4396	4661	5239	4346	5977	4156	4187	5651	5554	0	478	
2919	4885	3233	4232	2659	3993	4254	4796	4235	5505	3728	3762	5193	5249	478	0	


0	 CF144HJ 	 0 	 0 	 540  	 1080  	 0  	 0 

1	 CF147BF 	 1 	 5 	 540  	 780  	 8  	 4 
2	 CF141PU 	 0 	 25 	 720  	 960  	 6  	 3 
3	 CF146EF 	 1 	 2 	 660  	 900  	 6  	 3 
4	 CF142QW	1 	 1 	 720  	 960  	 7  	 3 
5	 CF146NE 	 1 	 2 	 600  	 840  	 10  	 5 
6	 CF146LP 	 1 	 9 	 600  	 840  	 10  	 5 
7	 CF145HR 	 1 	 8 	 600  	 840  	 10  	 5 
8	 CF52TB 	 1 	 5 	 660  	 900  	 5  	 2 
9	 CF149HH	0 	 25 	 720  	 960  	 8  	 4 
10	 CF145FG 	 0 	 14 	 660  	 900  	 9  	 4 
11	 CF145FJ 	 1 	 8 	 660  	 900  	 8  	 4 
12	 CF149HR 	 1 	 7 	 540  	 780  	 6  	 3 
13	 CF147EN 	 1 	 6 	 660  	 900  	 6  	 3 
14	 CF244BN	1 	 5 	 720  	 960  	 8  	 4 
15	 CF244NU	1 	 2 	 540  	 780  	 9  	 4 
