15

1200
32
10
500

0	3944	2773	1423	4060	1316	4493	5312	2252	2018	2759	3122	2584	2775	4037	4416	
3944	0	3610	4038	986	2762	2887	2504	2437	2247	1561	2394	3951	1385	729	1178	
2773	3610	0	1537	3023	1972	5731	5934	3761	1732	2092	4506	455	3379	4156	3253	
1423	4038	1537	0	3801	1413	5397	5950	3173	1790	2532	4040	1233	3255	4369	4116	
4060	986	3023	3801	0	2761	3862	3453	3063	2098	1319	3229	3424	2025	1715	361	
1316	2762	1972	1413	2761	0	4019	4538	1860	705	1449	2688	1999	1845	3001	3113	
4493	2887	5731	5397	3862	4019	0	1368	2259	4004	3784	1377	5911	2358	2177	4059	
5312	2504	5934	5950	3453	4538	1368	0	3096	4308	3850	2323	6204	2695	1818	3535	
2252	2437	3761	3173	3063	1860	2259	3096	0	2076	2241	882	3848	1062	2175	3397	
2018	2247	1732	1790	2098	705	4004	4308	2076	0	781	2778	1919	1667	2622	2442	
2759	1561	2092	2532	1319	1449	3784	3850	2241	781	0	2739	2402	1461	2065	1666	
3122	2394	4506	4040	3229	2688	1377	2323	882	2778	2739	0	4638	1295	1891	3516	
2584	3951	455	1233	3424	1999	5911	6204	3848	1919	2402	4638	0	3586	4457	3671	
2775	1385	3379	3255	2025	1845	2358	2695	1062	1667	1461	1295	3586	0	1270	2348	
4037	729	4156	4369	1715	3001	2177	1818	2175	2622	2065	1891	4457	1270	0	1885	
4416	1178	3253	4116	361	3113	4059	3535	3397	2442	1666	3516	3671	2348	1885	0	


0	 CF143UA	0 	 0 	 540  	 1080  	 0  	 0 

1	 CF146HX 	 1 	 7 	 600  	 840  	 10  	 5 
2	 CF52NQ 	 0 	 10 	 540  	 780  	 9  	 4 
3	 CF52AE 	 1 	 5 	 720  	 960  	 9  	 4 
4	 CF147BS 	 1 	 2 	 540  	 780  	 10  	 5 
5	 CF142SA 	 1 	 4 	 660  	 900  	 7  	 3 
6	 CF140XB 	 1 	 4 	 720  	 960  	 5  	 2 
7	 CF149EU 	 1 	 5 	 600  	 840  	 5  	 2 
8	 CF144EG 	 1 	 1 	 540  	 780  	 9  	 4 
9	 CF142ND	1 	 10 	 720  	 960  	 5  	 2 
10	 CF141LZ 	 1 	 10 	 540  	 780  	 7  	 3 
11	 CF145PS 	 1 	 1 	 600  	 840  	 8  	 4 
12	 CF52HA 	 1 	 9 	 540  	 780  	 6  	 3 
13	 CF144SD 	 1 	 1 	 600  	 840  	 8  	 4 
14	 CF146LF 	 1 	 5 	 720  	 960  	 6  	 3 
15	 CF147ET 	 1 	 4 	 540  	 780  	 7  	 3 
