15

1200
32
10
500

0	2364	2471	2908	2824	5744	2643	3126	5131	3572	1871	3655	3963	3210	2698	3975	
2364	0	2098	2816	1451	3397	2279	2358	2794	1218	633	1301	2209	971	2325	1647	
2471	2098	0	4543	1003	4409	4064	670	3811	2930	1605	2988	1930	2965	260	2832	
2908	2816	4543	0	4209	5419	542	5006	4952	3319	3008	3377	5013	2776	4802	4041	
2824	1451	1003	4209	0	3425	3685	956	2820	1997	1243	2045	1146	2134	1123	1831	
5744	3397	4409	5419	3425	0	4934	4075	622	2266	3886	2187	2642	2774	4465	1772	
2643	2279	4064	542	3685	4934	0	4502	4449	2795	2502	2856	4472	2250	4322	3511	
3126	2358	670	5006	956	4075	4502	0	3509	2935	2000	2978	1464	3090	518	2671	
5131	2794	3811	4952	2820	622	4449	3509	0	1706	3269	1632	2112	2236	3879	1156	
3572	1218	2930	3319	1997	2266	2795	2935	1706	0	1812	83	2099	546	3098	734	
1871	633	1605	3008	1243	3886	2502	2000	3269	1812	0	1891	2257	1604	1854	2114	
3655	1301	2988	3377	2045	2187	2856	2978	1632	83	1891	0	2104	610	3152	694	
3963	2209	1930	5013	1146	2642	4472	1464	2112	2099	2257	2104	0	2482	1915	1546	
3210	971	2965	2776	2134	2774	2250	3090	2236	546	1604	610	2482	0	3166	1267	
2698	2325	260	4802	1123	4465	4322	518	3879	3098	1854	3152	1915	3166	0	2947	
3975	1647	2832	4041	1831	1772	3511	2671	1156	734	2114	694	1546	1267	2947	0	


0	 CF52AL 	 0 	 0 	 540  	 1080  	 0  	 0 

1	 CF141EJ 	 1 	 5 	 660  	 900  	 8  	 4 
2	 CF142HF 	 1 	 7 	 540  	 780  	 10  	 5 
3	 CF244BP 	 1 	 5 	 600  	 840  	 8  	 4 
4	 CF142AB 	 1 	 7 	 540  	 780  	 7  	 3 
5	 CF149HG	1 	 1 	 720  	 960  	 6  	 3 
6	 CF244HB 	 1 	 10 	 720  	 960  	 5  	 2 
7	 CF142TT 	 1 	 2 	 660  	 900  	 10  	 5 
8	 CF145AF 	 0 	 16 	 540  	 780  	 5  	 2 
9	 CF144LD 	 1 	 1 	 720  	 960  	 7  	 3 
10	 CF141LA 	 1 	 3 	 660  	 900  	 10  	 5 
11	 CF144HE 	 1 	 10 	 600  	 840  	 10  	 5 
12	 CF146HR 	 1 	 5 	 660  	 900  	 5  	 2 
13	 CF144BQ	1 	 1 	 720  	 960  	 5  	 2 
14	 CF142HP 	 1 	 4 	 720  	 960  	 9  	 4 
15	 CF145FL 	 1 	 7 	 660  	 900  	 7  	 3 
