15

1200
32
10
500

0	4425	2324	2045	207	828	3180	1639	3192	1849	3766	494	902	3822	1605	2517	
4425	0	2608	3141	4219	5120	4549	3248	5348	4312	1226	4848	4342	871	3314	4533	
2324	2608	0	533	2156	2792	2187	2179	2848	1704	1598	2602	1891	1796	797	1983	
2045	3141	533	0	1907	2390	1791	2289	2367	1171	2107	2242	1460	2324	443	1487	
207	4219	2156	1907	0	1013	3142	1464	3212	1826	3574	685	907	3623	1464	2497	
828	5120	2792	2390	1013	0	3042	2467	2824	1747	4343	335	936	4451	2000	2340	
3180	4549	2187	1791	3142	3042	0	3991	902	1338	3344	3097	2289	3677	2037	703	
1639	3248	2179	2289	1464	2467	3991	0	4323	2868	3007	2132	2179	2902	1958	3483	
3192	5348	2848	2367	3212	2824	902	4323	0	1456	4168	2973	2305	4481	2472	885	
1849	4312	1704	1171	1826	1747	1338	2868	1456	0	3257	1767	952	3492	1099	671	
3766	1226	1598	2107	3574	4343	3344	3007	4168	3257	0	4117	3472	386	2384	3388	
494	4848	2602	2242	685	335	3097	2132	2973	1767	4117	0	853	4205	1827	2403	
902	4342	1891	1460	907	936	2289	2179	2305	952	3472	853	0	3617	1094	1617	
3822	871	1796	2324	3623	4451	3677	2902	4481	3492	386	4205	3617	0	2548	3676	
1605	3314	797	443	1464	2000	2037	1958	2472	1099	2384	1827	1094	2548	0	1593	
2517	4533	1983	1487	2497	2340	703	3483	885	671	3388	2403	1617	3676	1593	0	


0	 CF142EF 	 0 	 0 	 540  	 1080  	 0  	 0 

1	 CF244AZ 	 1 	 3 	 540  	 780  	 8  	 4 
2	 CF144AQ	1 	 9 	 720  	 960  	 6  	 3 
3	 CF141TU 	 1 	 9 	 540  	 780  	 8  	 4 
4	 CF142FR 	 1 	 7 	 600  	 840  	 6  	 3 
5	 CF147JP 	 1 	 8 	 720  	 960  	 9  	 4 
6	 CF145FP 	 1 	 5 	 660  	 900  	 6  	 3 
7	 CF52LQ 	 1 	 5 	 720  	 960  	 9  	 4 
8	 CF146QA	1 	 5 	 660  	 900  	 10  	 5 
9	 CF146DE 	 1 	 2 	 660  	 900  	 5  	 2 
10	 CF244QA	1 	 9 	 660  	 900  	 7  	 3 
11	 CF142TH 	 1 	 6 	 600  	 840  	 5  	 2 
12	 CF142AB 	 1 	 1 	 540  	 780  	 10  	 5 
13	 CF244HD	1 	 8 	 720  	 960  	 7  	 3 
14	 CF141SB 	 1 	 9 	 600  	 840  	 8  	 4 
15	 CF146NX	1 	 4 	 720  	 960  	 5  	 2 
