15

1200
32
10
500

0	5105	1597	4041	4987	4332	2103	1992	1426	2376	6326	2978	692	5838	5605	2843	
5105	0	3599	2010	256	1036	3545	4359	3691	2742	1224	2366	4663	850	651	2290	
1597	3599	0	2457	3455	2956	1618	1310	616	875	4822	1817	1428	4286	4054	1309	
4041	2010	2457	0	1762	2189	3319	2683	2863	1904	3018	2440	3847	2305	2112	1533	
4987	256	3455	1762	0	1105	3510	4162	3585	2613	1381	2337	4571	871	643	2151	
4332	1036	2956	2189	1105	0	2584	3950	2907	2084	2110	1421	3818	1885	1687	1712	
2103	3545	1618	3319	3510	2584	0	2911	1053	1477	4692	1179	1441	4375	4152	1787	
1992	4359	1310	2683	4162	3950	2911	0	1865	1969	5535	3042	2265	4892	4674	2245	
1426	3691	616	2863	3585	2907	1053	1865	0	1013	4908	1584	1010	4446	4213	1477	
2376	2742	875	1904	2613	2084	1477	1969	1013	0	3966	1093	2022	3461	3228	469	
6326	1224	4822	3018	1381	2110	4692	5535	4908	3966	0	3520	5870	752	909	3513	
2978	2366	1817	2440	2337	1421	1179	3042	1584	1093	3520	0	2419	3199	2977	1054	
692	4663	1428	3847	4571	3818	1441	2265	1010	2022	5870	2419	0	5437	5205	2485	
5838	850	4286	2305	871	1885	4375	4892	4446	3461	752	3199	5437	0	233	2995	
5605	651	4054	2112	643	1687	4152	4674	4213	3228	909	2977	5205	233	0	2762	
2843	2290	1309	1533	2151	1712	1787	2245	1477	469	3513	1054	2485	2995	2762	0	


0	 CF52HB 	 0 	 0 	 540  	 1080  	 0  	 0 

1	 CF145HR 	 1 	 10 	 720  	 960  	 9  	 4 
2	 CF142LR 	 1 	 9 	 720  	 960  	 6  	 3 
3	 CF147TN 	 1 	 8 	 720  	 960  	 9  	 4 
4	 CF145HN	0 	 21 	 540  	 780  	 9  	 4 
5	 CF145FH 	 0 	 25 	 600  	 840  	 7  	 3 
6	 CF143HP 	 1 	 7 	 720  	 960  	 6  	 3 
7	 CF52DF 	 1 	 4 	 600  	 840  	 10  	 5 
8	 CF142PG 	 1 	 10 	 660  	 900  	 9  	 4 
9	 CF141DB 	 0 	 10 	 540  	 780  	 7  	 3 
10	 CF149JE 	 1 	 2 	 660  	 900  	 10  	 5 
11	 CF144QS 	 0 	 13 	 540  	 780  	 5  	 2 
12	 CF52EF 	 1 	 10 	 600  	 840  	 8  	 4 
13	 CF149FP 	 1 	 1 	 600  	 840  	 6  	 3 
14	 CF149FF 	 1 	 6 	 600  	 840  	 5  	 2 
15	 CF146BR 	 1 	 10 	 720  	 960  	 7  	 3 
