15

1200
32
10
500

0	4261	4581	835	1264	2242	5257	2107	3179	1654	3665	2265	2601	2260	3873	4195	
4261	0	455	4786	3044	2982	1488	2486	1210	3437	1702	4863	1917	2180	4345	4448	
4581	455	0	5148	3397	3114	1039	2694	1634	3626	2150	5294	2116	2582	4798	4896	
835	4786	5148	0	1751	3060	5906	2853	3628	2486	3918	1638	3294	2649	3536	3865	
1264	3044	3397	1751	0	1836	4167	1341	1923	1567	2429	2348	1632	999	3230	3520	
2242	2982	3114	3060	1836	0	3447	682	2446	651	3389	4129	1107	2171	4981	5246	
5257	1488	1039	5906	4167	3447	0	3209	2593	4049	3188	6223	2664	3472	5833	5935	
2107	2486	2694	2853	1341	682	3209	0	1798	954	2716	3688	578	1499	4353	4608	
3179	1210	1634	3628	1923	2446	2593	1798	0	2708	1005	3659	1374	986	3363	3523	
1654	3437	3626	2486	1567	651	4049	954	2708	0	3558	3700	1521	2191	4797	5084	
3665	1702	2150	3918	2429	3389	3188	2716	1005	3558	0	3506	2358	1451	2654	2746	
2265	4863	5294	1638	2348	4129	6223	3688	3659	3700	3506	0	3933	2756	2110	2426	
2601	1917	2116	3294	1632	1107	2664	578	1374	1521	2358	3933	0	1404	4312	4538	
2260	2180	2582	2649	999	2171	3472	1499	986	2191	1451	2756	1404	0	2910	3143	
3873	4345	4798	3536	3230	4981	5833	4353	3363	4797	2654	2110	4312	2910	0	329	
4195	4448	4896	3865	3520	5246	5935	4608	3523	5084	2746	2426	4538	3143	329	0	


0	 CF52QL 	 0 	 0 	 540  	 1080  	 0  	 0 

1	 CF145YN	1 	 8 	 660  	 900  	 6  	 3 
2	 CF145AH	1 	 1 	 660  	 900  	 7  	 3 
3	 CF52NR 	 1 	 2 	 540  	 780  	 6  	 3 
4	 CF141NQ	 1 	 7 	 540  	 780  	 8  	 4 
5	 CF147EY 	 1 	 10 	 540  	 780  	 10  	 5 
6	 CF149EY 	 1 	 5 	 660  	 900  	 5  	 2 
7	 CF141BL 	 1 	 6 	 720  	 960  	 9  	 4 
8	 CF144UZ 	 1 	 10 	 600  	 840  	 10  	 5 
9	 CF147BF 	 1 	 5 	 600  	 840  	 5  	 2 
10	 CF144EJ 	 1 	 6 	 600  	 840  	 10  	 5 
11	 CF51DG 	 1 	 6 	 660  	 900  	 6  	 3 
12	 CF146EA 	 0 	 23 	 600  	 840  	 6  	 3 
13	 CF141TT 	 1 	 10 	 720  	 960  	 10  	 5 
14	 CF244FD 	 1 	 1 	 600  	 840  	 9  	 4 
15	 CF244BT 	 1 	 3 	 600  	 840  	 10  	 5 
