15

1200
32
10
500

0	4881	2570	2399	5514	4673	4077	3828	2018	4645	802	4188	5443	3879	3078	4434	
4881	0	2910	3695	3337	4145	4629	5581	2867	279	4570	2580	2304	2165	1939	1152	
2570	2910	0	806	2990	2499	2359	2925	1160	2632	1956	1628	2884	1323	1031	2083	
2399	3695	806	0	3183	2287	1850	2180	1697	3416	1641	1977	3344	1873	1837	2791	
5514	3337	2990	3183	0	1537	2482	3691	3998	3168	4806	1388	1127	1873	3073	2301	
4673	4145	2499	2287	1537	0	971	2169	3657	3907	3890	1572	2423	2066	3089	2993	
4077	4629	2359	1850	2482	971	0	1210	3477	4367	3276	2111	3246	2465	3205	3501	
3828	5581	2925	2180	3691	2169	1210	0	3861	5308	3065	3200	4425	3452	3919	4504	
2018	2867	1160	1697	3998	3657	3477	3861	0	2627	1757	2610	3651	2157	1109	2473	
4645	279	2632	3416	3168	3907	4367	5308	2627	0	4313	2337	2178	1904	1670	920	
802	4570	1956	1641	4806	3890	3276	3065	1757	4313	0	3524	4834	3278	2663	3963	
4188	2580	1628	1977	1388	1572	2111	3200	2610	2337	3524	0	1379	548	1733	1429	
5443	2304	2884	3344	1127	2423	3246	4425	3651	2178	4834	1379	0	1564	2581	1435	
3879	2165	1323	1873	1873	2066	2465	3452	2157	1904	3278	548	1564	0	1204	1052	
3078	1939	1031	1837	3073	3089	3205	3919	1109	1670	2663	1733	2581	1204	0	1367	
4434	1152	2083	2791	2301	2993	3501	4504	2473	920	3963	1429	1435	1052	1367	0	


0	 CF244AH	0 	 0 	 540  	 1080  	 0  	 0 

1	 CF140TY 	 1 	 2 	 540  	 780  	 10  	 5 
2	 CF144AU	1 	 10 	 660  	 900  	 9  	 4 
3	 CF141EL 	 1 	 5 	 720  	 960  	 9  	 4 
4	 CF147TS 	 1 	 3 	 600  	 840  	 9  	 4 
5	 CF147XB 	 1 	 3 	 720  	 960  	 5  	 2 
6	 CF142FQ 	 1 	 7 	 600  	 840  	 10  	 5 
7	 CF52PN 	 0 	 14 	 720  	 960  	 8  	 4 
8	 CF143RD 	 1 	 3 	 720  	 960  	 8  	 4 
9	 CF140RA 	 1 	 4 	 720  	 960  	 6  	 3 
10	 CF103HA	1 	 8 	 720  	 960  	 5  	 2 
11	 CF146LT 	 1 	 9 	 660  	 900  	 8  	 4 
12	 CF146QU	1 	 7 	 720  	 960  	 6  	 3 
13	 CF144SY 	 1 	 9 	 660  	 900  	 8  	 4 
14	 CF144HA	1 	 1 	 540  	 780  	 5  	 2 
15	 CF145BY 	 1 	 3 	 720  	 960  	 10  	 5 
