15

1200
32
10
500

0	1151	2827	5040	3159	2787	2256	4211	3540	3183	2952	3511	3399	2839	3996	3920	
1151	0	3934	5883	3357	3938	3397	4967	4689	3438	3994	4204	3929	3981	4896	4851	
2827	3934	0	2876	3498	861	711	2523	1467	3378	547	2317	2772	522	1842	1665	
5040	5883	2876	0	3482	3686	3538	1021	3968	3306	2398	1799	2362	3338	1084	1226	
3159	3357	3498	3482	0	4172	3579	2469	4932	176	3093	1767	1130	3936	2944	3045	
2787	3938	861	3686	4172	0	636	3384	817	4072	1408	3153	3562	350	2684	2499	
2256	3397	711	3538	3579	636	0	3072	1452	3488	1142	2719	3053	584	2474	2313	
4211	4967	2523	1021	2469	3384	3072	0	3860	2292	1980	792	1343	3039	826	1023	
3540	4689	1467	3968	4932	817	1452	3860	0	4822	1978	3763	4238	996	3083	2883	
3183	3438	3378	3306	176	4072	3488	2292	4822	0	2959	1594	954	3826	2774	2877	
2952	3994	547	2398	3093	1408	1142	1980	1978	2959	0	1786	2278	1069	1333	1172	
3511	4204	2317	1799	1767	3153	2719	792	3763	1594	1786	0	657	2834	1189	1315	
3399	3929	2772	2362	1130	3562	3053	1343	4238	954	2278	657	0	3269	1846	1968	
2839	3981	522	3338	3936	350	584	3039	996	3826	1069	2834	3269	0	2334	2149	
3996	4896	1842	1084	2944	2684	2474	826	3083	2774	1333	1189	1846	2334	0	202	
3920	4851	1665	1226	3045	2499	2313	1023	2883	2877	1172	1315	1968	2149	202	0	


0	 CF244QY	0 	 0 	 540  	 1080  	 0  	 0 

1	 CF244AP 	 1 	 3 	 660  	 900  	 10  	 5 
2	 CF144XP 	 1 	 2 	 720  	 960  	 7  	 3 
3	 CF147EH 	 1 	 4 	 600  	 840  	 7  	 3 
4	 CF52LS 	 1 	 4 	 720  	 960  	 6  	 3 
5	 CF145PR 	 1 	 3 	 540  	 780  	 6  	 3 
6	 CF144HF 	 1 	 4 	 600  	 840  	 8  	 4 
7	 CF142TZ 	 1 	 5 	 600  	 840  	 8  	 4 
8	 CF140RE 	 1 	 10 	 660  	 900  	 6  	 3 
9	 CF52DR 	 1 	 5 	 600  	 840  	 10  	 5 
10	 CF144SE 	 1 	 10 	 540  	 780  	 7  	 3 
11	 CF141LW	1 	 5 	 720  	 960  	 9  	 4 
12	 CF142LN 	 1 	 9 	 540  	 780  	 5  	 2 
13	 CF145GJ 	 1 	 9 	 540  	 780  	 7  	 3 
14	 CF141BP 	 1 	 8 	 720  	 960  	 8  	 4 
15	 CF146ER 	 1 	 10 	 600  	 840  	 6  	 3 
