15

1200
32
10
500

0	3065	2837	2277	3549	1781	4495	4120	3309	3149	1821	2726	1639	3022	478	4039	
3065	0	1755	1699	3708	1285	3147	2014	708	3754	1871	364	1744	4303	2735	1125	
2837	1755	0	2876	1959	1662	1772	3761	2455	2067	2760	1764	2472	2739	2365	2782	
2277	1699	2876	0	4563	1285	4577	1864	1441	4404	458	1386	683	4671	2211	2164	
3549	3708	1959	4563	0	3279	1875	5698	4400	553	4316	3676	4001	1367	3121	4735	
1781	1285	1662	1285	3279	0	3422	2706	1625	3137	1100	955	810	3476	1460	2309	
4495	3147	1772	4577	1875	3422	0	5091	3830	2364	4509	3302	4231	3214	4017	3866	
4120	2014	3761	1864	5698	2706	5091	0	1307	5692	2320	2027	2483	6145	3989	1332	
3309	708	2455	1441	4400	1625	3830	1307	0	4418	1768	763	1762	4921	3060	752	
3149	3754	2067	4404	553	3137	2364	5692	4418	0	4113	3668	3798	850	2752	4832	
1821	1871	2760	458	4316	1100	4509	2320	1768	4113	0	1520	315	4320	1779	2515	
2726	364	1764	1386	3676	955	3302	2027	763	3668	1520	0	1381	4158	2415	1368	
1639	1744	2472	683	4001	810	4231	2483	1762	3798	315	1381	0	4016	1533	2513	
3022	4303	2739	4671	1367	3476	3214	6145	4921	850	4320	4158	4016	0	2718	5415	
478	2735	2365	2211	3121	1460	4017	3989	3060	2752	1779	2415	1533	2718	0	3765	
4039	1125	2782	2164	4735	2309	3866	1332	752	4832	2515	1368	2513	5415	3765	0	


0	 CF147JL 	 0 	 0 	 540  	 1080  	 0  	 0 

1	 CF145DN	1 	 9 	 720  	 960  	 9  	 4 
2	 CF141HX 	 1 	 4 	 600  	 840  	 9  	 4 
3	 CF146SW	1 	 5 	 540  	 780  	 8  	 4 
4	 CF52AS 	 1 	 8 	 540  	 780  	 6  	 3 
5	 CF146BW	1 	 5 	 660  	 900  	 9  	 4 
6	 CF244JE 	 1 	 2 	 660  	 900  	 8  	 4 
7	 CF149FR 	 1 	 3 	 540  	 780  	 8  	 4 
8	 CF145EE 	 1 	 10 	 540  	 780  	 8  	 4 
9	 CF52BP 	 1 	 6 	 660  	 900  	 10  	 5 
10	 CF146UE 	 0 	 5 	 540  	 780  	 7  	 3 
11	 CF145EW	 1 	 9 	 600  	 840  	 7  	 3 
12	 CF146HX 	 1 	 1 	 660  	 900  	 9  	 4 
13	 CF52JQ 	 1 	 7 	 660  	 900  	 10  	 5 
14	 CF142TG 	 0 	 23 	 540  	 780  	 8  	 4 
15	 CF145NH	1 	 6 	 720  	 960  	 5  	 2 
