15

1200
32
10
500

0	4381	226	3018	3937	4158	2688	4838	935	1743	2550	4029	2399	4027	5137	2569	
4381	0	4608	1869	545	4626	1781	2676	3633	3610	1831	733	2419	4573	3465	1943	
226	4608	0	3232	4163	4258	2912	5030	1131	1886	2777	4253	2607	4127	5310	2791	
3018	1869	3232	0	1733	2956	639	2016	2570	3018	1077	1229	653	2878	2579	602	
3937	545	4163	1733	0	4641	1467	2956	3149	3076	1409	915	2178	4574	3722	1640	
4158	4626	4258	2956	4641	0	3481	2584	4395	5219	3869	3894	2820	131	2143	3346	
2688	1781	2912	639	1467	3481	0	2623	2092	2427	438	1341	742	3391	3214	174	
4838	2676	5030	2016	2956	2584	2623	0	4543	5034	3042	2041	2492	2597	796	2616	
935	3633	1131	2570	3149	4395	2092	4543	0	921	1840	3389	2057	4270	4974	2019	
1743	3610	1886	3018	3076	5219	2427	5034	921	0	2050	3553	2647	5099	5559	2418	
2550	1831	2777	1077	1409	3869	438	3042	1840	2050	0	1556	1064	3774	3649	530	
4029	733	4253	1229	915	3894	1341	2041	3389	3553	1556	0	1844	3842	2811	1471	
2399	2419	2607	653	2178	2820	742	2492	2057	2647	1064	1844	0	2720	2930	575	
4027	4573	4127	2878	4574	131	3391	2597	4270	5099	3774	3842	2720	0	2192	3253	
5137	3465	5310	2579	3722	2143	3214	796	4974	5559	3649	2811	2930	2192	0	3175	
2569	1943	2791	602	1640	3346	174	2616	2019	2418	530	1471	575	3253	3175	0	


0	 CF140SA 	 0 	 0 	 540  	 1080  	 0  	 0 

1	 CF147JL 	 1 	 8 	 600  	 840  	 10  	 5 
2	 CF140SE 	 1 	 9 	 540  	 780  	 7  	 3 
3	 CF141QF 	 1 	 4 	 720  	 960  	 6  	 3 
4	 CF147DT 	 1 	 10 	 660  	 900  	 7  	 3 
5	 CF244EZ 	 0 	 25 	 660  	 900  	 5  	 2 
6	 CF146BW	1 	 10 	 600  	 840  	 10  	 5 
7	 CF52LA 	 1 	 7 	 540  	 780  	 6  	 3 
8	 CF145AJ 	 1 	 8 	 600  	 840  	 10  	 5 
9	 CF149FJ 	 1 	 8 	 660  	 900  	 7  	 3 
10	 CF146ED 	 1 	 4 	 540  	 780  	 8  	 4 
11	 CF142DB 	 1 	 1 	 720  	 960  	 6  	 3 
12	 CF144PR 	 1 	 7 	 600  	 840  	 9  	 4 
13	 CF244NR	1 	 2 	 600  	 840  	 9  	 4 
14	 CF52AA 	 1 	 4 	 660  	 900  	 7  	 3 
15	 CF146DB 	 1 	 10 	 540  	 780  	 5  	 2 
