15

1200
32
10
500

0	2899	1689	2393	1771	2823	2126	3879	3821	3310	2312	1615	1604	1128	2534	1165	
2899	0	1254	4362	1265	2444	3400	1537	1123	1291	3001	4068	1606	2357	2464	3731	
1689	1254	0	3539	200	2434	2765	2253	2135	2064	2559	3050	966	1145	1792	2659	
2393	4362	3539	0	3709	2638	1087	5741	5472	4012	1664	944	2767	3482	4880	1328	
1771	1265	200	3709	0	2627	2956	2124	2056	2185	2758	3191	1167	1092	1602	2789	
2823	2444	2434	2638	2627	0	1559	3981	3509	1547	975	2885	1529	3242	4225	2811	
2126	3400	2765	1087	2956	1559	0	4853	4522	2937	585	1441	1870	3026	4340	1530	
3879	1537	2253	5741	2124	3981	4853	0	625	2695	4503	5303	2991	2965	2236	4909	
3821	1123	2135	5472	2056	3509	4522	625	0	2133	4121	5127	2706	3043	2591	4763	
3310	1291	2064	4012	2185	1547	2937	2695	2133	0	2401	4008	1709	3184	3658	3788	
2312	3001	2559	1664	2758	975	585	4503	4121	2401	0	1971	1602	3040	4255	1978	
1615	4068	3050	944	3191	2885	1441	5303	5127	4008	1971	0	2481	2742	4149	452	
1604	1606	966	2767	1167	1529	1870	2991	2706	1709	1602	2481	0	1731	2726	2179	
1128	2357	1145	3482	1092	3242	3026	2965	3043	3184	3040	2742	1731	0	1408	2293	
2534	2464	1792	4880	1602	4225	4340	2236	2591	3658	4255	4149	2726	1408	0	3699	
1165	3731	2659	1328	2789	2811	1530	4909	4763	3788	1978	452	2179	2293	3699	0	


0	 CF145LR 	 0 	 0 	 540  	 1080  	 0  	 0 

1	 CF142PS 	 1 	 6 	 600  	 840  	 7  	 3 
2	 CF144AD	1 	 6 	 600  	 840  	 7  	 3 
3	 CF149EJ 	 1 	 7 	 600  	 840  	 8  	 4 
4	 CF144AL 	 1 	 10 	 600  	 840  	 9  	 4 
5	 CF146HR 	 1 	 9 	 660  	 900  	 6  	 3 
6	 CF145HP 	 1 	 1 	 540  	 780  	 10  	 5 
7	 CF52YD 	 1 	 1 	 600  	 840  	 6  	 3 
8	 CF52DZ 	 1 	 9 	 600  	 840  	 10  	 5 
9	 CF142BT 	 1 	 2 	 720  	 960  	 6  	 3 
10	 CF146RJ 	 0 	 22 	 720  	 960  	 7  	 3 
11	 CF145AX 	 1 	 6 	 660  	 900  	 10  	 5 
12	 CF141UJ 	 1 	 6 	 720  	 960  	 6  	 3 
13	 CF144EP 	 1 	 10 	 720  	 960  	 5  	 2 
14	 CF244PW	1 	 1 	 540  	 780  	 10  	 5 
15	 CF145RD 	 1 	 6 	 600  	 840  	 10  	 5 
