15

1200
32
10
500

0	3707	2672	4637	2970	2959	4103	4584	3121	4902	2771	3316	3793	5080	3928	4929	
3707	0	2713	1607	1417	1325	1402	985	1284	3390	1549	408	1490	3391	1117	3254	
2672	2713	0	4270	3165	3075	3918	3671	1451	2240	1171	2370	3814	2431	3632	2285	
4637	1607	4270	0	1677	1679	549	963	2878	4909	3100	1902	912	4876	720	4753	
2970	1417	3165	1677	0	105	1136	1874	2106	4518	2123	1295	831	4569	995	4419	
2959	1325	3075	1679	105	0	1146	1821	2002	4413	2024	1192	865	4464	980	4313	
4103	1402	3918	549	1136	1146	0	1136	2593	4790	2763	1600	374	4783	293	4650	
4584	985	3671	963	1874	1821	1136	0	2222	4012	2520	1383	1445	3962	1005	3846	
3121	1284	1451	2878	2106	2002	2593	2222	0	2428	380	994	2568	2502	2300	2346	
4902	3390	2240	4909	4518	4413	4790	4012	2428	0	2536	3284	4862	240	4507	206	
2771	1549	1171	3100	2123	2024	2763	2520	380	2536	0	1199	2689	2641	2474	2482	
3316	408	2370	1902	1295	1192	1600	1383	994	3284	1199	0	1596	3313	1307	3167	
3793	1490	3814	912	831	865	374	1445	2568	4862	2689	1596	0	4874	451	4734	
5080	3391	2431	4876	4569	4464	4783	3962	2502	240	2641	3313	4874	0	4505	159	
3928	1117	3632	720	995	980	293	1005	2300	4507	2474	1307	451	4505	0	4370	
4929	3254	2285	4753	4419	4313	4650	3846	2346	206	2482	3167	4734	159	4370	0	


0	 CF145AL 	 0 	 0 	 540  	 1080  	 0  	 0 

1	 CF142HQ	1 	 9 	 600  	 840  	 6  	 3 
2	 CF143RL 	 1 	 2 	 660  	 900  	 9  	 4 
3	 CF52DH 	 1 	 9 	 600  	 840  	 10  	 5 
4	 CF147AE 	 1 	 1 	 720  	 960  	 10  	 5 
5	 CF147AA 	 1 	 3 	 720  	 960  	 9  	 4 
6	 CF142HP 	 1 	 7 	 660  	 900  	 8  	 4 
7	 CF52QG 	 1 	 4 	 660  	 900  	 5  	 2 
8	 CF141HX 	 1 	 9 	 540  	 780  	 7  	 3 
9	 CF244BD 	 1 	 6 	 660  	 900  	 7  	 3 
10	 CF144DD	1 	 4 	 720  	 960  	 5  	 2 
11	 CF142NZ	0 	 10 	 600  	 840  	 8  	 4 
12	 CF142TA 	 1 	 9 	 600  	 840  	 7  	 3 
13	 CF244AW	1 	 5 	 600  	 840  	 5  	 2 
14	 CF142BL 	 1 	 2 	 720  	 960  	 10  	 5 
15	 CF244BJ 	 1 	 8 	 540  	 780  	 5  	 2 
