50

1200
32
10
500

0	1438	1578	1441	1666	1888	398	1290	1257	2613	3176	4360	667	599	1744	5080	2533	2111	342	4740	1221	879	2016	4273	1133	3566	4413	795	3432	4601	1652	3067	2212	4790	2162	668	1868	723	1424	1010	861	4031	1133	1893	1108	3951	747	2022	1351	2419	4396	
1438	0	2240	2873	2750	3212	1116	2510	2423	4049	4594	5716	1147	1678	2477	6500	3940	3353	1247	6013	2413	2264	3355	5599	2461	4906	5785	818	4869	6039	3040	4426	3136	6223	3030	1966	3245	1115	1538	2225	1894	5367	2461	3293	409	5321	1532	3370	2126	3857	5834	
1578	2240	0	1871	811	1594	1454	2606	844	3011	3688	3874	1196	987	3283	5437	2465	3256	1871	3985	2582	2049	1740	5046	1223	4352	5043	1483	3547	4648	2565	3846	3642	5035	3625	2070	2769	1197	810	2396	762	3490	1223	2698	1845	3542	868	2976	244	2715	4547	
1441	2873	1871	0	1271	785	1769	1246	1031	1238	1879	2987	1872	1350	2184	3737	1117	1540	1710	3470	1299	855	827	3183	653	2483	3212	2141	1999	3170	793	1975	2211	3403	2260	1171	955	1930	2306	1247	1313	2691	653	851	2515	2566	1619	1166	1661	999	2980	
1666	2750	811	1271	0	801	1737	2302	417	2276	2956	3100	1605	1130	3134	4651	1665	2789	2007	3286	2311	1756	940	4356	741	3681	4312	1934	2748	3839	2049	3187	3346	4237	3362	1908	2225	1635	1549	2169	873	2723	741	2121	2341	2752	1218	2436	729	1970	3744	
1888	3212	1594	785	801	0	2108	2023	857	1501	2177	2504	2090	1539	2950	3851	872	2285	2213	2852	2068	1573	154	3598	761	2943	3528	2408	1954	3066	1546	2468	2996	3441	3045	1842	1669	2136	2255	1990	1365	2157	761	1531	2817	2114	1739	1870	1461	1190	2954	
398	1116	1454	1769	1737	2108	0	1677	1364	2973	3554	4608	325	609	2035	5454	2824	2505	483	4936	1603	1276	2248	4669	1351	3962	4805	399	3768	4939	2045	3461	2557	5151	2495	1058	2262	369	1117	1392	866	4265	1351	2281	746	4210	589	2419	1260	2763	4745	
1290	2510	2606	1246	2302	2023	1677	0	1925	1868	2237	4068	1954	1693	944	4105	2218	846	1297	4640	107	561	2073	3092	1561	2407	3303	2058	2771	3870	735	1946	1049	3903	1060	621	862	2012	2677	291	1854	3820	1561	983	2286	3642	1942	914	2362	1820	3603	
1257	2423	844	1031	417	857	1364	1925	0	2178	2851	3326	1279	757	2731	4633	1708	2478	1599	3589	1926	1370	1010	4203	398	3509	4204	1606	2772	3908	1758	3003	2974	4249	2981	1499	1952	1318	1406	1772	532	2963	398	1869	2018	2952	906	2162	652	1889	3778	
2613	4049	3011	1238	2276	1501	2973	1868	2178	0	680	2330	3103	2587	2717	2499	852	1499	2827	3026	1968	1822	1396	2100	1854	1469	2037	3358	903	2026	1137	1044	2405	2179	2520	2157	1025	3162	3530	2047	2541	2169	1854	887	3715	1919	2857	1077	2830	312	1792	
3176	4594	3688	1879	2956	2177	3554	2237	2851	680	0	2476	3713	3217	2954	1906	1453	1626	3352	3256	2343	2332	2066	1443	2515	884	1357	3947	889	1702	1568	637	2498	1667	2635	2648	1386	3773	4184	2469	3192	2419	2515	1307	4284	2117	3492	1331	3502	988	1400	
4360	5716	3874	2987	3100	2504	4608	4068	3326	2330	2476	0	4591	4042	4984	2744	1877	3829	4665	822	4154	3825	2361	3554	3257	3274	3181	4911	1587	1574	3353	3111	4732	2239	4842	4154	3306	4635	4648	4170	3854	391	3257	3147	5320	426	4230	3396	3828	2269	1778	
667	1147	1196	1872	1605	2090	325	1954	1279	3103	3713	4591	0	555	2358	5600	2866	2766	808	4867	1888	1507	2238	4885	1361	4174	4995	329	3857	5024	2252	3668	2868	5275	2810	1333	2472	61	792	1677	748	4235	1361	2474	740	4205	387	2642	1030	2871	4849	
599	1678	987	1350	1130	1539	609	1693	757	2587	3217	4042	555	0	2301	5087	2313	2434	917	4340	1651	1165	1685	4448	807	3737	4527	869	3315	4480	1832	3226	2699	4748	2669	1111	2052	605	1021	1452	270	3690	807	2028	1278	3653	280	2240	755	2341	4312	
1744	2477	3283	2184	3134	2950	2035	944	2731	2717	2954	4984	2358	2301	0	4710	3152	1337	1555	5577	885	1399	3009	3481	2409	2878	3791	2329	3610	4646	1631	2513	696	4585	566	1236	1694	2404	3147	975	2525	4750	2409	1845	2400	4559	2489	1657	3044	2718	4354	
5080	6500	5437	3737	4651	3851	5454	4105	4633	2499	1906	2744	5600	5087	4710	0	2991	3385	5257	3524	4211	4237	3711	1523	4340	1871	1051	5845	1918	1170	3469	2199	4138	509	4288	4550	3277	5659	6016	4354	5032	2956	4340	3210	6188	2646	5355	3191	5281	2757	1024	
2533	3940	2465	1117	1665	872	2824	2218	1708	852	1453	1877	2866	2313	3152	2991	0	2141	2819	2424	2297	1948	726	2895	1506	2304	2757	3166	1083	2200	1535	1896	2999	2572	3088	2278	1542	2918	3114	2299	2182	1605	1506	1377	3562	1454	2546	1685	2331	589	2082	
2111	3353	3256	1540	2789	2285	2505	846	2478	1499	1626	3829	2766	2434	1337	3385	2141	0	2143	4504	940	1273	2277	2264	2081	1600	2511	2894	2348	3326	748	1187	908	3249	1030	1449	625	2825	3448	1137	2546	3651	2081	782	3132	3415	2702	456	3019	1597	3026	
342	1247	1871	1710	2007	2213	483	1297	1599	2827	3352	4665	808	917	1555	5257	2819	2143	0	5065	1210	1020	2336	4366	1464	3668	4540	794	3675	4838	1793	3182	2100	4991	2029	720	1998	851	1600	1007	1186	4344	1464	2048	989	4253	1011	2127	1655	2658	4618	
4740	6013	3985	3470	3286	2852	4936	4640	3589	3026	3256	822	4867	4340	5577	3524	2424	4504	5065	0	4716	4325	2731	4376	3608	4078	4003	5195	2370	2358	3956	3884	5393	3026	5492	4636	3941	4903	4790	4703	4119	857	3608	3778	5607	1139	4487	4057	3990	2910	2587	
1221	2413	2582	1299	2311	2068	1603	107	1926	1968	2343	4154	1888	1651	885	4211	2297	940	1210	4716	0	556	2124	3192	1572	2509	3407	1979	2870	3973	832	2051	1061	4010	1056	557	967	1945	2622	211	1825	3901	1572	1084	2196	3727	1893	1021	2338	1913	3708	
879	2264	2049	855	1756	1573	1276	561	1370	1822	2332	3825	1507	1165	1399	4237	1948	1273	1020	4325	556	0	1649	3394	1019	2686	3539	1674	2694	3846	779	2188	1609	3975	1612	340	991	1568	2175	425	1304	3540	1019	1029	1971	3402	1430	1143	1806	1683	3614	
2016	3355	1740	827	940	154	2248	2073	1010	1396	2066	2361	2238	1685	3009	3711	726	2277	2336	2731	2124	1649	0	3497	897	2852	3412	2554	1808	2914	1549	2386	3020	3297	3077	1934	1655	2285	2409	2060	1516	2019	897	1509	2962	1968	1890	1850	1613	1085	2807	
4273	5599	5046	3183	4356	3598	4669	3092	4203	2100	1443	3554	4885	4448	3481	1523	2895	2264	4366	4376	3192	3394	3497	0	3836	711	482	5068	2120	2216	2633	1222	2835	1712	2986	3649	2412	4945	5456	3375	4473	3614	3836	2420	5349	3287	4728	2251	4843	2412	1894	
1133	2461	1223	653	741	761	1351	1561	398	1854	2515	3257	1361	807	2409	4340	1506	2081	1464	3608	1572	1019	897	3836	0	3136	3858	1668	2525	3683	1360	2627	2605	3978	2621	1203	1555	1412	1678	1437	695	2916	0	1477	2071	2860	1044	1765	1009	1582	3527	
3566	4906	4352	2483	3681	2943	3962	2407	3509	1469	884	3274	4174	3737	2878	1871	2304	1600	3668	4078	2509	2686	2852	711	3136	0	915	4360	1719	2188	1922	512	2276	1870	2427	2948	1702	4235	4747	2685	3766	3262	3136	1709	4648	2948	4018	1545	4145	1775	1849	
4413	5785	5043	3212	4312	3528	4805	3303	4204	2037	1357	3181	4995	4527	3791	1051	2757	2511	4540	4003	3407	3539	3412	482	3858	915	0	5203	1856	1770	2762	1360	3177	1235	3329	3820	2548	5056	5515	3575	4523	3278	3858	2524	5510	2950	4805	2415	4854	2342	1461	
795	818	1483	2141	1934	2408	399	2058	1606	3358	3947	4911	329	869	2329	5845	3166	2894	794	5195	1979	1674	2554	5068	1668	4360	5203	0	4137	5307	2443	3860	2894	5535	2820	1445	2661	302	932	1770	1077	4558	1668	2679	412	4522	716	2817	1338	3139	5121	
3432	4869	3547	1999	2748	1954	3768	2771	2772	903	889	1587	3857	3315	3610	1918	1083	2348	3675	2370	2870	2694	1808	2120	2525	1719	1856	4137	0	1170	2039	1524	3254	1489	3378	3033	1925	3912	4176	2944	3217	1543	2525	1790	4515	1233	3567	1957	3407	1017	1006	
4601	6039	4648	3170	3839	3066	4939	3870	3908	2026	1702	1574	5024	4480	4646	1170	2200	3326	4838	2358	3973	3846	2914	2216	3683	2188	1770	5307	1170	0	3152	2261	4199	668	4337	4182	3008	5079	5314	4068	4372	1801	3683	2892	5685	1504	4727	2998	4527	2183	339	
1652	3040	2565	793	2049	1546	2045	735	1758	1137	1568	3353	2252	1832	1631	3469	1535	748	1793	3956	832	779	1549	2633	1360	1922	2762	2443	2039	3152	0	1418	1489	3227	1564	1081	221	2313	2852	917	1896	3122	1360	263	2750	2927	2111	414	2335	1091	2896	
3067	4426	3846	1975	3187	2468	3461	1946	3003	1044	637	3111	3668	3226	2513	2199	1896	1187	3182	3884	2051	2188	2386	1222	2627	512	1360	3860	1524	2261	1418	0	1976	2088	2121	2462	1199	3729	4235	2215	3254	3040	2627	1199	4156	2745	3507	1055	3636	1332	1936	
2212	3136	3642	2211	3346	2996	2557	1049	2974	2405	2498	4732	2868	2699	696	4138	2999	908	2100	5393	1061	1609	3020	2835	2605	2276	3177	2894	3254	4199	1489	1976	0	4063	152	1588	1458	2920	3636	1248	2884	4544	2605	1623	3020	4316	2927	1339	3398	2483	3888	
4790	6223	5035	3403	4237	3441	5151	3903	4249	2179	1667	2239	5275	4748	4585	509	2572	3249	4991	3026	4010	3975	3297	1712	3978	1870	1235	5535	1489	668	3227	2088	4063	0	4209	4299	3051	5333	5646	4134	4673	2448	3978	2964	5893	2138	5010	2995	4890	2406	528	
2162	3030	3625	2260	3362	3045	2495	1060	2981	2520	2635	4842	2810	2669	566	4288	3088	1030	2029	5492	1056	1612	3077	2986	2621	2427	3329	2820	3378	4337	1564	2121	152	4209	0	1559	1551	2861	3585	1229	2864	4646	2621	1715	2929	4424	2888	1446	3382	2585	4028	
668	1966	2070	1171	1908	1842	1058	621	1499	2157	2648	4154	1333	1111	1236	4550	2278	1449	720	4636	557	340	1934	3649	1203	2948	3820	1445	3033	4182	1081	2462	1588	4299	1559	0	1281	1391	2066	349	1308	3862	1203	1340	1701	3731	1342	1406	1827	2023	3947	
1868	3245	2769	955	2225	1669	2262	862	1952	1025	1386	3306	2472	2052	1694	3277	1542	625	1998	3941	967	991	1655	2412	1555	1702	2548	2661	1925	3008	221	1199	1458	3051	1551	1281	0	2533	3071	1083	2111	3097	1555	165	2962	2884	2331	211	2542	1038	2741	
723	1115	1197	1930	1635	2136	369	2012	1318	3162	3773	4635	61	605	2404	5659	2918	2825	851	4903	1945	1568	2285	4945	1412	4235	5056	302	3912	5079	2313	3729	2920	5333	2861	1391	2533	0	751	1734	786	4277	1412	2534	706	4250	417	2703	1041	2928	4905	
1424	1538	810	2306	1549	2255	1117	2677	1406	3530	4184	4648	792	1021	3147	6016	3114	3448	1600	4790	2622	2175	2409	5456	1678	4747	5515	932	4176	5314	2852	4235	3636	5646	3585	2066	3071	751	0	2414	993	4269	1678	3040	1185	4299	746	3261	820	3259	5182	
1010	2225	2396	1247	2169	1990	1392	291	1772	2047	2469	4170	1677	1452	975	4354	2299	1137	1007	4703	211	425	2060	3375	1437	2685	3575	1770	2944	4068	917	2215	1248	4134	1229	349	1083	1734	2414	0	1637	3902	1437	1179	1995	3744	1689	1168	2153	1961	3813	
861	1894	762	1313	873	1365	866	1854	532	2541	3192	3854	748	270	2525	5032	2182	2546	1186	4119	1825	1304	1516	4473	695	3766	4523	1077	3217	4372	1896	3254	2884	4673	2864	1308	2111	786	993	1637	0	3493	695	2066	1488	3474	376	2309	519	2275	4221	
4031	5367	3490	2691	2723	2157	4265	3820	2963	2169	2419	391	4235	3690	4750	2956	1605	3651	4344	857	3901	3540	2019	3614	2916	3262	3278	4558	1543	1801	3122	3040	4544	2448	4646	3862	3097	4277	4269	3902	3493	0	2916	2934	4968	329	3869	3206	3450	2061	1951	
1133	2461	1223	653	741	761	1351	1561	398	1854	2515	3257	1361	807	2409	4340	1506	2081	1464	3608	1572	1019	897	3836	0	3136	3858	1668	2525	3683	1360	2627	2605	3978	2621	1203	1555	1412	1678	1437	695	2916	0	1477	2071	2860	1044	1765	1009	1582	3527	
1893	3293	2698	851	2121	1531	2281	983	1869	887	1307	3147	2474	2028	1845	3210	1377	782	2048	3778	1084	1029	1509	2420	1477	1709	2524	2679	1790	2892	263	1199	1623	2964	1715	1340	165	2534	3040	1179	2066	2934	1477	0	2996	2724	2308	341	2476	879	2634	
1108	409	1845	2515	2341	2817	746	2286	2018	3715	4284	5320	740	1278	2400	6188	3562	3132	989	5607	2196	1971	2962	5349	2071	4648	5510	412	4515	5685	2750	4156	3020	5893	2929	1701	2962	706	1185	1995	1488	4968	2071	2996	0	4929	1123	3103	1722	3509	5491	
3951	5321	3542	2566	2752	2114	4210	3642	2952	1919	2117	426	4205	3653	4559	2646	1454	3415	4253	1139	3727	3402	1968	3287	2860	2948	2950	4522	1233	1504	2927	2745	4316	2138	4424	3731	2884	4250	4299	3744	3474	329	2860	2724	4929	0	3850	2978	3480	1846	1633	
747	1532	868	1619	1218	1739	589	1942	906	2857	3492	4230	387	280	2489	5355	2546	2702	1011	4487	1893	1430	1890	4728	1044	4018	4805	716	3567	4727	2111	3507	2927	5010	2888	1342	2331	417	746	1689	376	3869	1044	2308	1123	3850	0	2518	671	2605	4567	
2022	3370	2976	1166	2436	1870	2419	914	2162	1077	1331	3396	2642	2240	1657	3191	1685	456	2127	4057	1021	1143	1850	2251	1765	1545	2415	2817	1957	2998	414	1055	1339	2995	1446	1406	211	2703	3261	1168	2309	3206	1765	341	3103	2978	2518	0	2747	1147	2716	
1351	2126	244	1661	729	1461	1260	2362	652	2830	3502	3828	1030	755	3044	5281	2331	3019	1655	3990	2338	1806	1613	4843	1009	4145	4854	1338	3407	4527	2335	3636	3398	4890	3382	1827	2542	1041	820	2153	519	3450	1009	2476	1722	3480	671	2747	0	2541	4411	
2419	3857	2715	999	1970	1190	2763	1820	1889	312	988	2269	2871	2341	2718	2757	589	1597	2658	2910	1913	1683	1085	2412	1582	1775	2342	3139	1017	2183	1091	1332	2483	2406	2585	2023	1038	2928	3259	1961	2275	2061	1582	879	3509	1846	2605	1147	2541	0	1983	
4396	5834	4547	2980	3744	2954	4745	3603	3778	1792	1400	1778	4849	4312	4354	1024	2082	3026	4618	2587	3708	3614	2807	1894	3527	1849	1461	5121	1006	339	2896	1936	3888	528	4028	3947	2741	4905	5182	3813	4221	1951	3527	2634	5491	1633	4567	2716	4411	1983	0	


0	 CF145BL 	 0 	 0 	 540  	 1080  	 0  	 0 

1	 CF149JL 	 1 	 9 	 600  	 840  	 6  	 3 
2	 CF140NN	 1 	 2 	 660  	 900  	 5  	 2 
3	 CF144SG 	 1 	 4 	 720  	 960  	 5  	 2 
4	 CF145LQ 	 0 	 6 	 600  	 840  	 7  	 3 
5	 CF144NE 	 1 	 9 	 720  	 960  	 6  	 3 
6	 CF145JT 	 1 	 6 	 660  	 900  	 6  	 3 
7	 CF146HZ 	 1 	 2 	 600  	 840  	 9  	 4 
8	 CF145GJ 	 1 	 8 	 540  	 780  	 6  	 3 
9	 CF141HD  	1 	 7 	 540  	 780  	 7  	 3 
10	 CF142NS 	 1 	 7 	 600  	 840  	 9  	 4 
11	 CF103EZ 	 1 	 1 	 660  	 900  	 9  	 4 
12	 CF145AL 	 1 	 8 	 540  	 780  	 6  	 3 
13	 CF145DG	 1 	 4 	 660  	 900  	 6  	 3 
14	 CF146UF 	 1 	 2 	 540  	 780  	 9  	 4 
15	 CF52BL 	 1 	 3 	 720  	 960  	 6  	 3 
16	 CF144AR 	 1 	 9 	 720  	 960  	 7  	 3 
17	 CF147AG  	1 	 1 	 660  	 900  	 8  	 4 
18	 CF145HS 	 1 	 10 	 540  	 780  	 5  	 2 
19	 CF244BU 	 1 	 6 	 720  	 960  	 6  	 3 
20	 CF146HJ 	 1 	 3 	 660  	 900  	 5  	 2 
21	 CF146ND 	1 	 2 	 600  	 840  	 6  	 3 
22	 CF144BQ  	1 	 3 	 660  	 900  	 10  	 5 
23	 CF52QU 	 1 	 10 	 660  	 900  	 10  	 5 
24	 CF142YN	 0 	 17 	 600  	 840  	 9  	 4 
25	 CF142FX 	 1 	 5 	 720  	 960  	 7  	 3 
26	 CF52PN 	 1 	 7 	 540  	 780  	 8  	 4 
27	 CF149BG 	 1 	 9 	 660  	 900  	 9  	 4 
28	 CF142SE 	 1 	 8 	 660  	 900  	 6  	 3 
29	 CF52AA 	 1 	 3 	 720  	 960  	 10  	 5 
30	 CF146BX 	 1 	 1 	 600  	 840  	 7  	 3 
31	 CF141PN  	1 	 10 	 660  	 900  	 9  	 4 
32	 CF147HG  	1 	 7 	 600  	 840  	 7  	 3 
33	 CF52BU 	 1 	 10 	 540  	 780  	 10  	 5 
34	 CF147HE 	 1 	 10 	 540  	 780  	 7  	 3 
35	 CF146LL 	 1 	 3 	 660  	 900  	 8  	 4 
36	 CF146BB 	 1 	 6 	 600  	 840  	 6  	 3 
37	 CF145AH	 0 	 13 	 600  	 840  	 10  	 5 
38	 CF140XB 	 1 	 2 	 600  	 840  	 9  	 4 
39	 CF146JW 	 1 	 9 	 540  	 780  	 10  	 5 
40	 CF145FN 	 1 	 2 	 540  	 780  	 7  	 3 
41	 CF244LR 	 1 	 9 	 600  	 840  	 5  	 2 
42	 CF146ZB 	 1 	 9 	 600  	 840  	 8  	 4 
43	 CF146DF 	 1 	 10 	 540  	 780  	 10  	 5 
44	 CF149EL 	 1 	 4 	 660  	 900  	 5  	 2 
45	 CF143AJ 	 1 	 1 	 660  	 900  	 6  	 3 
46	 CF145AA 	 0 	 21 	 600  	 840  	 8  	 4 
47	 CF141BB 	 1 	 3 	 540  	 780  	 8  	 4 
48	 CF145NL 	 1 	 6 	 660  	 900  	 5  	 2 
49	 CF141RX 	 1 	 6 	 600  	 840  	 8  	 4 
50	 CF52DL 	 1 	 8 	 720  	 960  	 6  	 3 
