50

1200
32
10
500

0	427	3835	879	1735	2659	523	3068	932	383	3267	1675	1125	2439	1652	1358	3647	1783	2678	1639	2517	1127	2477	754	3964	3824	280	2706	501	2917	2322	2836	873	1701	1228	2288	2009	1201	2009	1022	2503	1074	1890	195	1076	157	995	3264	1135	2462	2766	
427	0	3681	847	1334	2641	939	2762	1345	652	2990	1249	921	2625	2030	1041	3455	2085	2315	1211	2214	1345	2468	1048	3770	3530	330	2466	923	2636	1895	2493	1028	1888	1245	2144	1672	943	1673	1301	2499	1439	2018	552	1503	583	1393	3135	1335	2039	2636	
3835	3681	0	2962	2978	1512	4200	5579	4510	3556	5915	3582	4464	6272	3992	2747	406	5570	2312	3555	5171	3155	6102	3479	409	6275	3968	5633	4151	1491	3652	5144	4682	5533	2680	1548	2374	4393	2374	3378	6138	3752	5693	4029	4331	3886	4636	600	4967	3900	1077	
879	847	2962	0	1413	1806	1258	3507	1613	608	3765	1670	1765	3316	1693	827	2791	2618	2112	1625	2972	725	3296	711	3108	4280	1055	3276	1212	2162	2237	3187	1745	2580	399	1418	1417	1770	1417	822	3326	1154	2764	1070	1552	924	1723	2387	2014	2447	1890	
1735	1334	2978	1413	0	2499	2258	2634	2667	1774	2959	604	1696	3778	3089	614	2650	3380	1043	578	2197	2137	3291	2064	2933	3368	1652	2656	2235	1609	895	2220	2259	3076	1644	1704	605	1573	604	2226	3332	2519	3122	1885	2766	1880	2724	2565	2575	1141	2135	
2659	2641	1512	1806	2499	0	2914	5070	3163	2315	5369	3035	3538	5058	2497	2003	1571	4264	2403	2996	4576	1756	5102	2133	1831	5828	2859	4956	2862	1802	3368	4684	3532	4335	1431	845	2018	3516	2018	1976	5131	2323	4546	2839	2926	2665	3300	945	3778	3623	711	
523	939	4200	1258	2258	2914	0	3368	409	650	3527	2173	1401	2150	1362	1861	4045	1370	3191	2139	2824	1207	2431	797	4363	4098	679	2930	52	3387	2820	3189	798	1449	1525	2667	2514	1522	2514	1022	2448	876	1702	400	618	385	483	3613	929	2946	3123	
3068	2762	5579	3507	2634	5070	3368	0	3636	3400	351	2049	1970	3197	4702	3067	5224	3517	3348	2085	551	4105	2074	3799	5479	773	2792	643	3390	4124	1957	450	2694	2899	3887	4322	3222	1869	3222	4059	2114	4139	2676	3037	3974	3198	3580	5197	2830	1736	4768	
932	1345	4510	1613	2667	3163	409	3636	0	1011	3766	2569	1698	1989	1250	2262	4377	1110	3595	2536	3102	1411	2469	1036	4693	4342	1067	3153	435	3765	3215	3492	956	1359	1832	2996	2914	1836	2914	1197	2479	924	1654	797	397	791	143	3916	950	3332	3435	
383	652	3556	608	1774	2315	650	3400	1011	0	3614	1841	1488	2749	1391	1288	3396	2015	2623	1800	2850	746	2854	399	3713	4164	650	3066	604	2755	2472	3143	1230	2021	895	2018	1931	1548	1932	660	2879	798	2234	534	1006	351	1116	2973	1463	2642	2480	
3267	2990	5915	3765	2959	5369	3527	351	3766	3614	0	2366	2148	3132	4878	3368	5564	3543	3695	2400	797	4335	1972	4011	5822	578	2988	626	3553	4467	2304	801	2812	2914	4151	4636	3552	2068	3552	4275	2008	4329	2663	3218	4120	3388	3698	5524	2913	2086	5089	
1675	1249	3582	1670	604	3035	2173	2049	2569	1841	2366	0	1258	3371	3227	1043	3252	3102	1545	44	1596	2375	2764	2199	3532	2797	1502	2052	2164	2197	647	1650	1965	2710	1990	2274	1208	1108	1208	2411	2807	2635	2705	1774	2751	1832	2596	3163	2268	801	2723	
1125	921	4464	1765	1696	3538	1401	1970	1698	1488	2148	1258	0	2113	2734	1720	4196	1915	2735	1248	1423	2228	1641	1877	4501	2712	845	1581	1421	3253	1808	1795	830	1462	2164	2968	2225	167	2225	2144	1678	2181	1448	1071	2013	1241	1664	3952	1084	1836	3461	
2439	2625	6272	3316	3778	5058	2150	3197	1989	2749	3132	3371	2113	0	3165	3654	6070	948	4821	3361	2846	3352	1175	2946	6387	3653	2315	2557	2202	5249	3889	3314	1599	741	3643	4724	4250	2264	4250	3155	1147	2912	666	2246	2347	2403	1846	5703	1306	3872	5204	
1652	2030	3992	1693	3089	2497	1362	4702	1250	1391	4878	3227	2734	3165	0	2520	3969	2226	3778	3185	4153	1019	3717	1033	4265	5445	1918	4289	1330	3671	3850	4487	2144	2596	1623	2673	3091	2835	3092	872	3728	593	2899	1665	853	1511	1376	3399	2194	4028	2990	
1358	1041	2747	827	614	2003	1861	3067	2262	1288	3368	1043	1720	3654	2520	0	2478	3118	1337	1002	2578	1540	3360	1517	2785	3827	1369	2979	1828	1597	1495	2686	2064	2921	1030	1293	652	1646	653	1649	3397	1969	3028	1538	2294	1478	2343	2252	2375	1731	1774	
3647	3455	406	2791	2650	1571	4045	5224	4377	3396	5564	3252	4196	6070	3969	2478	0	5409	1926	3228	4832	3072	5837	3363	318	5909	3756	5304	3998	1109	3284	4785	4473	5330	2550	1382	2046	4115	2047	3291	5874	3674	5473	3842	4231	3712	4498	638	4767	3528	980	
1783	2085	5570	2618	3380	4264	1370	3517	1110	2015	3543	3102	1915	948	2226	3118	5409	0	4394	3081	3058	2518	1800	2130	5727	4108	1754	2921	1419	4697	3703	3513	1138	633	2894	4034	3757	2082	3757	2307	1792	2023	925	1591	1431	1701	969	4983	838	3749	4493	
2678	2315	2312	2112	1043	2403	3191	3348	3595	2623	3695	1545	2735	4821	3778	1337	1926	4394	0	1537	3011	2762	4305	2822	2152	4002	2644	3513	3160	822	1391	2901	3288	4116	2170	1571	696	2606	695	2912	4347	3264	4165	2848	3627	2807	3671	2076	3604	1621	1802	
1639	1211	3555	1625	578	2996	2139	2085	2536	1800	2400	44	1248	3361	3185	1002	3228	3081	1537	0	1627	2331	2769	2157	3509	2834	1469	2079	2128	2177	683	1689	1943	2695	1946	2238	1182	1101	1182	2368	2811	2594	2696	1740	2714	1795	2564	3132	2247	843	2689	
2517	2214	5171	2972	2197	4576	2824	551	3102	2850	797	1596	1423	2846	4153	2578	4832	3058	3011	1627	0	3559	1807	3248	5101	1316	2242	523	2845	3750	1644	469	2171	2460	3357	3854	2799	1318	2798	3509	1851	3588	2269	2488	3433	2647	3052	4759	2330	1469	4314	
1127	1345	3155	725	2137	1756	1207	4105	1411	746	4335	2375	2228	3352	1019	1540	3072	2518	2762	2331	3559	0	3577	412	3381	4874	1396	3801	1155	2667	2958	3820	1933	2655	605	1717	2081	2277	2081	223	3599	602	2901	1256	1179	1062	1549	2556	2123	3162	2099	
2477	2468	6102	3296	3291	5102	2431	2074	2469	2854	1972	2764	1641	1175	3717	3360	5837	1800	4305	2769	1807	3577	0	3171	6142	2480	2248	1433	2477	4880	3147	2260	1648	1201	3681	4592	3851	1731	3851	3426	45	3304	884	2324	2866	2516	2350	5581	1526	3065	5086	
754	1048	3479	711	2064	2133	797	3799	1036	399	4011	2199	1877	2946	1033	1517	3363	2130	2822	2157	3248	412	3171	0	3677	4561	1032	3457	745	2844	2818	3541	1525	2245	815	1985	2126	1943	2127	268	3193	455	2489	860	875	667	1169	2884	1711	3000	2408	
3964	3770	409	3108	2933	1831	4363	5479	4693	3713	5822	3532	4501	6387	4265	2785	318	5727	2152	3509	5101	3381	6142	3677	0	6151	4072	5580	4316	1355	3530	5037	4788	5646	2865	1698	2332	4417	2332	3600	6179	3982	5787	4159	4543	4029	4814	887	5083	3769	1283	
3824	3530	6275	4280	3368	5828	4098	773	4342	4164	578	2797	2712	3653	5445	3827	5909	4108	4002	2834	1316	4874	2480	4561	6151	0	3546	1202	4123	4801	2624	1149	3389	3477	4660	5067	3943	2622	3943	4823	2512	4890	3217	3782	4694	3949	4276	5918	3490	2383	5503	
280	330	3968	1055	1652	2859	679	2792	1067	650	2988	1502	845	2315	1918	1369	3756	1754	2644	1469	2242	1396	2248	1032	4072	3546	0	2426	677	2961	2148	2570	717	1575	1433	2423	2003	924	2003	1300	2277	1347	1726	280	1283	407	1097	3410	1016	2268	2910	
2706	2466	5633	3276	2656	4956	2930	643	3153	3066	626	2052	1581	2557	4289	2979	5304	2921	3513	2079	523	3801	1433	3457	5580	1202	2426	0	2959	4235	2160	880	2197	2295	3670	4269	3260	1525	3260	3724	1473	3752	2054	2640	3514	2817	3081	5199	2288	1991	4741	
501	923	4151	1212	2235	2862	52	3390	435	604	3553	2164	1421	2202	1330	1828	3998	1419	3160	2128	2845	1155	2477	745	4316	4123	677	2959	0	3346	2811	3205	841	1501	1475	2619	2480	1538	2481	971	2495	833	1752	397	609	356	520	3564	978	2941	3074	
2917	2636	1491	2162	1609	1802	3387	4124	3765	2755	4467	2197	3253	5249	3671	1597	1109	4697	822	2177	3750	2667	4880	2844	1355	4801	2961	4235	3346	0	2178	3683	3661	4518	2067	1083	1029	3150	1029	2858	4920	3241	4617	3107	3710	3016	3865	1288	3971	2420	1116	
2322	1895	3652	2237	895	3368	2820	1957	3215	2472	2304	647	1808	3889	3850	1495	3284	3703	1391	683	1644	2958	3147	2818	3530	2624	2148	2160	2811	2178	0	1510	2573	3268	2513	2547	1370	1645	1370	3015	3192	3261	3226	2421	3397	2478	3239	3320	2865	258	2937	
2836	2493	5144	3187	2220	4684	3189	450	3492	3143	801	1650	1795	3314	4487	2686	4785	3513	2901	1689	469	3820	2260	3541	5037	1149	2570	880	3205	3683	1510	0	2584	2921	3555	3919	2798	1667	2798	3794	2303	3909	2736	2831	3805	2976	3453	4774	2764	1287	4355	
873	1028	4682	1745	2259	3532	798	2694	956	1230	2812	1965	830	1599	2144	2064	4473	1138	3288	1943	2171	1933	1648	1525	4788	3389	717	2197	841	3661	2573	2584	0	860	2101	3136	2679	992	2679	1778	1669	1674	1018	696	1328	882	887	4121	316	2634	3621	
1701	1888	5533	2580	3076	4335	1449	2899	1359	2021	2914	2710	1462	741	2596	2921	5330	633	4116	2695	2460	2655	1201	2245	5646	3477	1575	2295	1501	4518	3268	2921	860	0	2914	3985	3526	1624	3526	2469	1199	2264	319	1510	1747	1673	1224	4965	566	3282	4466	
1228	1245	2680	399	1644	1431	1525	3887	1832	895	4151	1990	2164	3643	1623	1030	2550	2894	2170	1946	3357	605	3681	815	2865	4660	1433	3670	1475	2067	2513	3555	2101	2914	0	1170	1501	2169	1501	792	3710	1176	3116	1410	1689	1241	1956	2090	2352	2739	1604	
2288	2144	1548	1418	1704	845	2667	4322	2996	2018	4636	2274	2968	4724	2673	1293	1382	4034	1571	2238	3854	1717	4592	1985	1698	5067	2423	4269	2619	1083	2547	3919	3136	3985	1170	0	1183	2915	1183	1930	4626	2317	4149	2482	2857	2341	3116	991	3419	2805	494	
2009	1672	2374	1417	605	2018	2514	3222	2914	1931	3552	1208	2225	4250	3091	652	2046	3757	696	1182	2799	2081	3851	2126	2332	3943	2003	3260	2480	1029	1370	2798	2679	3526	1501	1183	0	2120	1	2222	3890	2570	3608	2186	2934	2130	2996	1976	2993	1628	1570	
1201	943	4393	1770	1573	3516	1522	1869	1836	1548	2068	1108	167	2264	2835	1646	4115	2082	2606	1101	1318	2277	1731	1943	4417	2622	924	1525	1538	3150	1645	1667	992	1624	2169	2915	2120	0	2120	2208	1770	2270	1598	1171	2138	1329	1810	3893	1250	1669	3406	
2009	1673	2374	1417	604	2018	2514	3222	2914	1932	3552	1208	2225	4250	3092	653	2047	3757	695	1182	2798	2081	3851	2127	2332	3943	2003	3260	2481	1029	1370	2798	2679	3526	1501	1183	1	2120	0	2223	3890	2570	3608	2187	2934	2130	2996	1976	2994	1628	1570	
1022	1301	3378	822	2226	1976	1022	4059	1197	660	4275	2411	2144	3155	872	1649	3291	2307	2912	2368	3509	223	3426	268	3600	4823	1300	3724	971	2858	3015	3794	1778	2469	792	1930	2222	2208	2223	0	3447	388	2724	1125	956	932	1338	2778	1949	3208	2320	
2503	2499	6138	3326	3332	5131	2448	2114	2479	2879	2008	2807	1678	1147	3728	3397	5874	1792	4347	2811	1851	3599	45	3193	6179	2512	2277	1473	2495	4920	3192	2303	1669	1199	3710	4626	3890	1770	3890	3447	0	3320	881	2348	2877	2540	2359	5615	1539	3110	5120	
1074	1439	3752	1154	2519	2323	876	4139	924	798	4329	2635	2181	2912	593	1969	3674	2023	3264	2594	3588	602	3304	455	3982	4890	1347	3752	833	3241	3261	3909	1674	2264	1176	2317	2570	2270	2570	388	3320	0	2542	1112	611	942	1067	3152	1787	3437	2700	
1890	2018	5693	2764	3122	4546	1702	2676	1654	2234	2663	2705	1448	666	2899	3028	5473	925	4165	2696	2269	2901	884	2489	5787	3217	1726	2054	1752	4617	3226	2736	1018	319	3116	4149	3608	1598	3608	2724	881	2542	0	1707	2047	1883	1523	5136	778	3214	4636	
195	552	4029	1070	1885	2839	400	3037	797	534	3218	1774	1071	2246	1665	1538	3842	1591	2848	1740	2488	1256	2324	860	4159	3782	280	2640	397	3107	2421	2831	696	1510	1410	2482	2186	1171	2187	1125	2348	1112	1707	0	1004	194	841	3457	945	2546	2959	
1076	1503	4331	1552	2766	2926	618	3974	397	1006	4120	2751	2013	2347	853	2294	4231	1431	3627	2714	3433	1179	2866	875	4543	4694	1283	3514	609	3710	3397	3805	1328	1747	1689	2857	2934	2138	2934	956	2877	611	2047	1004	0	920	524	3732	1346	3537	3267	
157	583	3886	924	1880	2665	385	3198	791	351	3388	1832	1241	2403	1511	1478	3712	1701	2807	1795	2647	1062	2516	667	4029	3949	407	2817	356	3016	2478	2976	882	1673	1241	2341	2130	1329	2130	932	2540	942	1883	194	920	0	865	3307	1113	2619	2812	
995	1393	4636	1723	2724	3300	483	3580	143	1116	3698	2596	1664	1846	1376	2343	4498	969	3671	2564	3052	1549	2350	1169	4814	4276	1097	3081	520	3865	3239	3453	887	1224	1956	3116	2996	1810	2996	1338	2359	1067	1523	841	524	865	0	4044	842	3346	3561	
3264	3135	600	2387	2565	945	3613	5197	3916	2973	5524	3163	3952	5703	3399	2252	638	4983	2076	3132	4759	2556	5581	2884	887	5918	3410	5199	3564	1288	3320	4774	4121	4965	2090	991	1976	3893	1976	2778	5615	3152	5136	3457	3732	3307	4044	0	4399	3576	500	
1135	1335	4967	2014	2575	3778	929	2830	950	1463	2913	2268	1084	1306	2194	2375	4767	838	3604	2247	2330	2123	1526	1711	5083	3490	1016	2288	978	3971	2865	2764	316	566	2352	3419	2993	1250	2994	1949	1539	1787	778	945	1346	1113	842	4399	0	2913	3900	
2462	2039	3900	2447	1141	3623	2946	1736	3332	2642	2086	801	1836	3872	4028	1731	3528	3749	1621	843	1469	3162	3065	3000	3769	2383	2268	1991	2941	2420	258	1287	2634	3282	2739	2805	1628	1669	1628	3208	3110	3437	3214	2546	3537	2619	3346	3576	2913	0	3195	
2766	2636	1077	1890	2135	711	3123	4768	3435	2480	5089	2723	3461	5204	2990	1774	980	4493	1802	2689	4314	2099	5086	2408	1283	5503	2910	4741	3074	1116	2937	4355	3621	4466	1604	494	1570	3406	1570	2320	5120	2700	4636	2959	3267	2812	3561	500	3900	3195	0	


0	 CF141DU	 0 	 0 	 540  	 1080  	 0  	 0 

1	 CF141QL 	 1 	 6 	 660  	 900  	 5  	 2 
2	 CF149EW	 1 	 1 	 540  	 780  	 6  	 3 
3	 CF146BU 	 0 	 7 	 660  	 900  	 7  	 3 
4	 CF144JU 	 1 	 4 	 720  	 960  	 6  	 3 
5	 CF146TN 	 1 	 8 	 720  	 960  	 10  	 5 
6	 CF141PF 	 1 	 2 	 660  	 900  	 5  	 2 
7	 CF244ET 	 1 	 9 	 540  	 780  	 9  	 4 
8	 CF142BB 	 1 	 7 	 660  	 900  	 8  	 4 
9	 CF141AJ 	 1 	 8 	 540  	 780  	 6  	 3 
10	 CF244HX 	 1 	 3 	 720  	 960  	 9  	 4 
11	 CF144EE 	 1 	 8 	 540  	 780  	 9  	 4 
12	 CF143HR 	 1 	 9 	 600  	 840  	 7  	 3 
13	 CF52BD 	 1 	 9 	 540  	 780  	 9  	 4 
14	 CF147JQ 	 1 	 5 	 660  	 900  	 5  	 2 
15	 CF144SG 	 1 	 4 	 660  	 900  	 5  	 2 
16	 CF149EG 	 1 	 5 	 660  	 900  	 9  	 4 
17	 CF52SJ 	 1 	 10 	 600  	 840  	 10  	 5 
18	 CF145QB	 1 	 7 	 600  	 840  	 8  	 4 
19	 CF144DJ 	 1 	 9 	 720  	 960  	 8  	 4 
20	 CF244LB 	 1 	 4 	 600  	 840  	 10  	 5 
21	 CF147AG	 1 	 6 	 720  	 960  	 6  	 3 
22	 CF52AD 	 1 	 4 	 600  	 840  	 6  	 3 
23	 CF141AT 	 1 	 4 	 540  	 780  	 6  	 3 
24	 CF149LA 	 1 	 4 	 720  	 960  	 8  	 4 
25	 CF244DF 	 1 	 3 	 540  	 780  	 9  	 4 
26	 CF141LD 	 1 	 5 	 720  	 960  	 8  	 4 
27	 CF103DX 	 1 	 7 	 660  	 900  	 8  	 4 
28	 CF141NB	 1 	 1 	 660  	 900  	 9  	 4 
29	 CF145DH	 1 	 1 	 600  	 840  	 8  	 4 
30	 CF144EN 	 1 	 2 	 540  	 780  	 8  	 4 
31	 CF244QD	 1 	 10 	 660  	 900  	 6  	 3 
32	 CF142PH 	 1 	 3 	 660  	 900  	 9  	 4 
33	 CF52DR 	 1 	 2 	 660  	 900  	 8  	 4 
34	 CF146EQ 	 1 	 1 	 600  	 840  	 7  	 3 
35	 CF146RG 	 1 	 10 	 660  	 900  	 7  	 3 
36	 CF148NG	 1 	 10 	 600  	 840  	 5  	 2 
37	 CF143HQ	 1 	 9 	 600  	 840  	 10  	 5 
38	 CF144TS 	 0 	 23 	 660  	 900  	 6  	 3 
39	 CF147AE 	 1 	 2 	 600  	 840  	 8  	 4 
40	 CF51DG 	 1 	 7 	 660  	 900  	 8  	 4 
41	 CF142TD 	 1 	 7 	 660  	 900  	 9  	 4 
42	 CF52DY 	 1 	 8 	 660  	 900  	 10  	 5 
43	 CF141NQ	 1 	 9 	 660  	 900  	 8  	 4 
44	 CF142EJ 	 1 	 4 	 600  	 840  	 6  	 3 
45	 CF141DS 	 1 	 8 	 540  	 780  	 10  	 5 
46	 CF142FD 	 1 	 9 	 540  	 780  	 6  	 3 
47	 CF149AB 	 1 	 6 	 600  	 840  	 10  	 5 
48	 CF142QJ 	 1 	 4 	 600  	 840  	 10  	 5 
49	 CF143PL 	 1 	 2 	 600  	 840  	 9  	 4 
50	 CF145HN	 1 	 7 	 660  	 900  	 6  	 3 
