50

1200
32
10
500

0	4146	3359	1695	1320	1917	2009	3857	2336	2074	837	2451	2188	4055	2478	2339	1679	650	3872	2894	2544	3023	2824	686	2749	4247	273	1793	2132	1548	4482	3043	3880	850	3562	4130	4355	1229	1378	4343	2405	1941	2103	1626	1048	1868	4183	2257	4439	3219	2125	
4146	0	796	2630	4091	3168	2333	4138	3629	2972	4035	1828	2800	1784	5715	2886	2476	3534	287	1720	3038	1293	1453	3593	5242	4319	3878	3241	2132	2618	4328	1697	4092	3448	997	1886	305	4993	3926	966	1741	2560	4001	2527	3102	3027	1126	2437	1408	1059	5368	
3359	796	0	1908	3312	2549	1637	3650	2937	2243	3295	1048	2080	1856	4950	2193	1702	2741	548	1068	2381	581	695	2827	4524	3885	3093	2603	1342	1849	3938	1106	3612	2653	649	1972	1047	4199	3150	1385	963	1789	3277	1736	2313	2275	1401	1839	1739	585	4598	
1695	2630	1908	0	2308	851	321	4016	2674	2005	1408	1384	1975	2368	3902	2181	472	1257	2343	1941	2460	1799	1621	1037	3841	4367	1426	836	1202	401	4531	2104	4010	1351	2326	2449	2789	2816	2221	2675	995	1474	2747	722	872	1860	2500	632	2746	1609	3527	
1320	4091	3312	2308	0	2891	2537	2617	1150	1266	2109	2265	1442	4549	1664	1491	2007	1147	3860	2483	1579	2810	2639	1700	1554	3005	1345	2791	1975	1962	3256	2586	2648	968	3265	4646	4358	1066	179	4567	2518	1533	810	1793	1438	1125	4473	2939	4781	3404	1298	
1917	3168	2549	851	2891	0	968	4840	3445	2817	1258	2214	2804	2388	4353	3010	1320	1747	2886	2767	3288	2565	2405	1260	4444	5198	1704	129	2052	1224	5369	2927	4837	1935	3060	2434	3264	3142	2842	2963	1756	2311	3453	1557	1511	2655	2740	732	2905	2109	3986	
2009	2333	1637	321	2537	968	0	4055	2786	2082	1718	1265	2024	2071	4159	2226	557	1538	2046	1811	2504	1599	1437	1357	4044	4391	1739	994	1154	575	4539	1968	4043	1602	2103	2156	2481	3108	2434	2354	788	1519	2907	814	1126	1961	2180	462	2430	1298	3784	
3857	4138	3650	4016	2617	4840	4055	0	1524	2025	4521	2947	2041	5461	3166	1836	3549	3420	4059	2609	1556	3096	3074	3984	2239	390	3787	4788	2924	3622	642	2545	68	3157	3151	5577	4440	3531	2506	5004	3497	2545	1812	3294	3411	2200	5049	4513	5385	4103	3038	
2336	3629	2937	2674	1150	3445	2786	1524	0	740	3005	1964	871	4530	2275	745	2237	1908	3455	1909	624	2362	2249	2482	1627	1913	2264	3376	1798	2273	2147	1947	1545	1648	2674	4640	3926	2173	1013	4308	2426	1313	469	1975	1955	825	4279	3244	4612	3221	2003	
2074	2972	2243	2005	1266	2817	2082	2025	740	0	2588	1237	181	3791	2771	265	1547	1507	2777	1276	499	1683	1548	2022	2280	2390	1924	2763	1058	1606	2579	1354	2025	1252	2065	3900	3261	2318	1088	3597	1686	578	1033	1287	1405	207	3556	2544	3887	2491	2445	
837	4035	3295	1408	2109	1258	1718	4521	3005	2588	0	2575	2657	3594	3297	2841	1628	1102	3749	3098	3085	3094	2899	577	3582	4906	767	1129	2292	1475	5123	3261	4536	1365	3641	3652	4197	2021	2134	4044	2344	2282	2847	1707	1238	2385	3849	1800	4060	3015	2953	
2451	1828	1048	1384	2265	2214	1265	2947	1964	1237	2575	0	1094	2582	3902	1246	977	1805	1596	557	1484	580	386	2033	3505	3248	2202	2216	322	1124	3364	720	2924	1671	1111	2694	2094	3178	2102	2366	558	742	2260	871	1419	1241	2319	1677	2650	1257	3549	
2188	2800	2080	1975	1442	2804	2024	2041	871	181	2657	1094	0	3665	2951	206	1508	1596	2609	1098	485	1515	1387	2084	2446	2394	2022	2758	948	1582	2568	1173	2035	1350	1886	3776	3091	2488	1263	3443	1571	506	1201	1253	1446	339	3409	2486	3742	2350	2626	
4055	1784	1856	2368	4549	2388	2071	5461	4530	3791	3594	2582	3665	0	6200	3827	2551	3609	1650	2852	4065	2371	2389	3377	5984	5719	3791	2507	2735	2622	5785	2928	5428	3655	2473	116	1640	5178	4425	945	2109	3231	4770	2756	3188	3746	699	1810	624	1358	5827	
2478	5715	4950	3902	1664	4353	4159	3166	2275	2771	3297	3902	2951	6200	0	2923	3650	2657	5497	4046	2888	4424	4264	3093	952	3484	2654	4237	3627	3589	3758	4124	3225	2558	4836	6295	5992	1290	1810	6228	4182	3161	1815	3449	3036	2691	6137	4531	6445	5067	375	
2339	2886	2193	2181	1491	3010	2226	1836	745	265	2841	1246	206	3827	2923	0	1713	1767	2710	1167	280	1617	1508	2271	2359	2188	2186	2964	1131	1788	2363	1217	1829	1513	1942	3939	3181	2552	1314	3568	1747	710	1131	1459	1640	471	3546	2687	3880	2498	2612	
1679	2476	1702	472	2007	1320	557	3549	2237	1547	1628	977	1508	2551	3650	1713	0	1108	2198	1527	1992	1468	1274	1127	3496	3897	1407	1295	750	153	4059	1692	3541	1110	2013	2644	2678	2666	1894	2692	738	1005	2350	262	666	1414	2555	1009	2838	1547	3276	
650	3534	2741	1257	1147	1747	1538	3420	1908	1507	1102	1805	1596	3609	2657	1767	1108	0	3265	2244	1998	2381	2182	583	2699	3805	432	1645	1485	1002	4022	2394	3434	263	2917	3695	3756	1571	1116	3800	1802	1302	1790	1007	443	1300	3660	1878	3936	2651	2283	
3872	287	548	2343	3860	2886	2046	4059	3455	2777	3749	1596	2609	1650	5497	2710	2198	3265	0	1555	2880	1095	1235	3312	5055	4263	3603	2957	1890	2339	4290	1558	4017	3189	914	1759	500	4741	3698	952	1467	2335	3809	2259	2831	2817	1050	2155	1367	777	5145	
2894	1720	1068	1941	2483	2767	1811	2609	1909	1276	3098	557	1098	2852	4046	1167	1527	2244	1555	0	1325	492	478	2542	3526	2871	2662	2772	806	1671	2954	165	2576	2069	790	2968	2017	3478	2308	2452	1055	995	2290	1394	1900	1366	2465	2204	2802	1495	3714	
2544	3038	2381	2460	1579	3288	2504	1556	624	499	3085	1484	485	4065	2888	280	1992	1998	2880	1325	0	1800	1712	2521	2247	1910	2409	3241	1397	2067	2089	1344	1550	1739	2067	4177	3338	2644	1409	3764	2004	989	1073	1738	1902	701	3755	2964	4092	2723	2600	
3023	1293	581	1799	2810	2565	1599	3096	2362	1683	3094	580	1515	2371	4424	1617	1468	2381	1095	492	1800	0	200	2573	3960	3348	2770	2592	902	1621	3419	558	3061	2250	548	2487	1577	3750	2642	1966	812	1278	2715	1417	1983	1735	1973	1926	2310	1019	4079	
2824	1453	695	1621	2639	2405	1437	3074	2249	1548	2899	386	1387	2389	4264	1508	1274	2182	1235	478	1712	200	0	2375	3829	3344	2570	2426	707	1427	3431	594	3043	2055	746	2505	1728	3563	2473	2060	650	1107	2581	1218	1783	1582	2044	1789	2380	1031	3916	
686	3593	2827	1037	1700	1260	1357	3984	2482	2022	577	2033	2084	3377	3093	2271	1127	583	3312	2542	2521	2573	2375	0	3236	4366	447	1144	1738	979	4576	2702	3995	835	3120	3450	3780	1891	1688	3709	1864	1705	2373	1162	662	1821	3537	1574	3780	2616	2728	
2749	5242	4524	3841	1554	4444	4044	2239	1627	2280	3582	3505	2446	5984	952	2359	3496	2699	5055	3526	2247	3960	3829	3236	0	2541	2844	4344	3278	3474	2815	3572	2300	2518	4299	6088	5535	1807	1620	5871	3888	2782	1247	3257	2980	2268	5817	4467	6141	4742	946	
4247	4319	3885	4367	3005	5198	4391	390	1913	2390	4906	3248	2394	5719	3484	2188	3897	3805	4263	2871	1910	3348	3344	4366	2541	0	4174	5150	3250	3976	275	2791	371	3542	3350	5835	4618	3907	2896	5214	3804	2893	2198	3646	3785	2571	5275	4847	5609	4364	3378	
273	3878	3093	1426	1345	1704	1739	3787	2264	1924	767	2202	2022	3791	2654	2186	1407	432	3603	2662	2409	2770	2570	447	2844	4174	0	1585	1886	1275	4400	2815	3805	673	3312	3868	4085	1445	1367	4070	2136	1732	2083	1364	788	1717	3911	2000	4168	2946	2292	
1793	3241	2603	836	2791	129	994	4788	3376	2763	1129	2216	2758	2507	4237	2964	1295	1645	2957	2772	3241	2592	2426	1144	4344	5150	1585	0	2037	1187	5326	2933	4787	1842	3096	2556	3346	3020	2748	3065	1780	2271	3371	1521	1431	2596	2845	814	3018	2182	3871	
2132	2132	1342	1202	1975	2052	1154	2924	1798	1058	2292	322	948	2735	3627	1131	750	1485	1890	806	1397	902	707	1738	3278	3250	1886	2037	0	883	3389	969	2908	1348	1432	2844	2389	2864	1818	2610	628	498	2045	589	1108	1016	2541	1602	2863	1465	3268	
1548	2618	1849	401	1962	1224	575	3622	2273	1606	1475	1124	1582	2622	3589	1788	153	1002	2339	1671	2067	1621	1427	979	3474	3976	1275	1187	883	0	4145	1836	3617	1034	2166	2712	2815	2570	1861	2805	886	1087	2356	334	568	1458	2659	998	2934	1671	3214	
4482	4328	3938	4531	3256	5369	4539	642	2147	2579	5123	3364	2568	5785	3758	2363	4059	4022	4290	2954	2089	3419	3431	4576	2815	275	4400	5326	3389	4145	0	2862	607	3759	3377	5902	4622	4173	3142	5242	3922	3059	2453	3813	3982	2768	5316	4991	5647	4439	3652	
3043	1697	1106	2104	2586	2927	1968	2545	1947	1354	3261	720	1173	2928	4124	1217	1692	2394	1558	165	1344	558	594	2702	3572	2791	2815	2933	969	1836	2862	0	2509	2213	726	3044	1999	3596	2409	2478	1204	1127	2348	1557	2058	1463	2507	2354	2844	1577	3799	
3880	4092	3612	4010	2648	4837	4043	68	1545	2025	4536	2924	2035	5428	3225	1829	3541	3434	4017	2576	1550	3061	3043	3995	2300	371	3805	4787	2908	3617	607	2509	0	3171	3107	5544	4393	3573	2535	4962	3476	2537	1846	3288	3416	2204	5010	4501	5346	4071	3092	
850	3448	2653	1351	968	1935	1602	3157	1648	1252	1365	1671	1350	3655	2558	1513	1110	263	3189	2069	1739	2250	2055	835	2518	3542	673	1842	1348	1034	3759	2213	3171	0	2774	3746	3685	1569	907	3780	1745	1097	1550	952	479	1044	3656	1982	3945	2619	2183	
3562	997	649	2326	3265	3060	2103	3151	2674	2065	3641	1111	1886	2473	4836	1942	2013	2917	914	790	2067	548	746	3120	4299	3350	3312	3096	1432	2166	3377	726	3107	2774	0	2587	1302	4241	3091	1866	1331	1751	3072	1964	2526	2155	1944	2385	2271	1233	4504	
4130	1886	1972	2449	4646	2434	2156	5577	4640	3900	3652	2694	3776	116	6295	3939	2644	3695	1759	2968	4177	2487	2505	3450	6088	5835	3868	2556	2844	2712	5902	3044	5544	3746	2587	0	1732	5263	4523	1021	2217	3339	4877	2854	3276	3854	785	1879	664	1474	5921	
4355	305	1047	2789	4358	3264	2481	4440	3926	3261	4197	2094	3091	1640	5992	3181	2678	3756	500	2017	3338	1577	1728	3780	5535	4618	4085	3346	2389	2815	4622	1999	4393	3685	1302	1732	0	5240	4196	744	1954	2832	4291	2750	3319	3308	949	2533	1188	1184	5642	
1229	4993	4199	2816	1066	3142	3108	3531	2173	2318	2021	3178	2488	5178	1290	2552	2666	1571	4741	3478	2644	3750	3563	1891	1807	3907	1445	3020	2864	2570	4173	3596	3573	1569	4241	5263	5240	0	1240	5349	3313	2491	1754	2521	2004	2158	5220	3421	5503	4188	978	
1378	3926	3150	2221	179	2842	2434	2506	1013	1088	2134	2102	1263	4425	1810	1314	1894	1116	3698	2308	1409	2642	2473	1688	1620	2896	1367	2748	1818	1861	3142	2409	2535	907	3091	4523	4196	1240	0	4418	2375	1366	725	1670	1360	947	4330	2849	4642	3258	1450	
4343	966	1385	2675	4567	2963	2354	5004	4308	3597	4044	2366	3443	945	6228	3568	2692	3800	952	2452	3764	1966	2060	3709	5871	5214	4070	3065	2610	2805	5242	2478	4962	3780	1866	1021	744	5349	4418	0	2052	3096	4626	2830	3358	3605	259	2268	445	1166	5864	
2405	1741	963	995	2518	1756	788	3497	2426	1686	2344	558	1571	2109	4182	1747	738	1802	1467	1055	2004	812	650	1864	3888	3804	2136	1780	628	886	3922	1204	3476	1745	1331	2217	1954	3313	2375	2052	0	1122	2664	799	1365	1637	1955	1150	2268	887	3816	
1941	2560	1789	1474	1533	2311	1519	2545	1313	578	2282	742	506	3231	3161	710	1005	1302	2335	995	989	1278	1107	1705	2782	2893	1732	2271	498	1087	3059	1127	2537	1097	1751	3339	2832	2491	1366	3096	1122	0	1547	754	1044	518	3035	1980	3359	1960	2810	
2103	4001	3277	2747	810	3453	2907	1812	469	1033	2847	2260	1201	4770	1815	1131	2350	1790	3809	2290	1073	2715	2581	2373	1247	2198	2083	3371	2045	2356	2453	2348	1846	1550	3072	4877	4291	1754	725	4626	2664	1547	0	2096	1942	1029	4576	3352	4903	3504	1535	
1626	2527	1736	722	1793	1557	814	3294	1975	1287	1707	871	1253	2756	3449	1459	262	1007	2259	1394	1738	1417	1218	1162	3257	3646	1364	1521	589	334	3813	1557	3288	952	1964	2854	2750	2521	1670	2830	799	754	2096	0	578	1152	2710	1270	3006	1668	3078	
1048	3102	2313	872	1438	1511	1126	3411	1955	1405	1238	1419	1446	3188	3036	1640	666	443	2831	1900	1902	1983	1783	662	2980	3785	788	1431	1108	568	3982	2058	3416	479	2526	3276	3319	2004	1360	3358	1365	1044	1942	578	0	1214	3220	1504	3499	2209	2661	
1868	3027	2275	1860	1125	2655	1961	2200	825	207	2385	1241	339	3746	2691	471	1414	1300	2817	1366	701	1735	1582	1821	2268	2571	1717	2596	1016	1458	2768	1463	2204	1044	2155	3854	3308	2158	947	3605	1637	518	1029	1152	1214	0	3549	2420	3875	2476	2352	
4183	1126	1401	2500	4473	2740	2180	5049	4279	3556	3849	2319	3409	699	6137	3546	2555	3660	1050	2465	3755	1973	2044	3537	5817	5275	3911	2845	2541	2659	5316	2507	5010	3656	1944	785	949	5220	4330	259	1955	3035	4576	2710	3220	3549	0	2059	338	1076	5770	
2257	2437	1839	632	2939	732	462	4513	3244	2544	1800	1677	2486	1810	4531	2687	1009	1878	2155	2204	2964	1926	1789	1574	4467	4847	2000	814	1602	998	4991	2354	4501	1982	2385	1879	2533	3421	2849	2268	1150	1980	3352	1270	1504	2420	2059	0	2260	1378	4156	
4439	1408	1739	2746	4781	2905	2430	5385	4612	3887	4060	2650	3742	624	6445	3880	2838	3936	1367	2802	4092	2310	2380	3780	6141	5609	4168	3018	2863	2934	5647	2844	5346	3945	2271	664	1188	5503	4642	445	2268	3359	4903	3006	3499	3875	338	2260	0	1399	6076	
3219	1059	585	1609	3404	2109	1298	4103	3221	2491	3015	1257	2350	1358	5067	2498	1547	2651	777	1495	2723	1019	1031	2616	4742	4364	2946	2182	1465	1671	4439	1577	4071	2619	1233	1474	1184	4188	3258	1166	887	1960	3504	1668	2209	2476	1076	1378	1399	0	4702	
2125	5368	4598	3527	1298	3986	3784	3038	2003	2445	2953	3549	2626	5827	375	2612	3276	2283	5145	3714	2600	4079	3916	2728	946	3378	2292	3871	3268	3214	3652	3799	3092	2183	4504	5921	5642	978	1450	5864	3816	2810	1535	3078	2661	2352	5770	4156	6076	4702	0	


0	 CF142DG	 0 	 0 	 540  	 1080  	 0  	 0 

1	 CF140RA 	 1 	 4 	 720  	 960  	 5  	 2 
2	 CF145FN 	 0 	 21 	 660  	 900  	 10  	 5 
3	 CF146HN	 1 	 3 	 660  	 900  	 5  	 2 
4	 CF142LA 	 1 	 9 	 600  	 840  	 5  	 2 
5	 CF147TS 	 1 	 10 	 540  	 780  	 9  	 4 
6	 CF146JW 	 1 	 1 	 660  	 900  	 10  	 5 
7	 CF244LS 	 1 	 4 	 720  	 960  	 10  	 5 
8	 CF143HP 	 0 	 25 	 540  	 780  	 8  	 4 
9	 CF141RA 	 1 	 6 	 660  	 900  	 9  	 4 
10	 CF147DZ 	 1 	 9 	 600  	 840  	 9  	 4 
11	 CF144XR 	 1 	 3 	 540  	 780  	 6  	 3 
12	 CF141RR 	 1 	 7 	 660  	 900  	 8  	 4 
13	 CF149DY 	 1 	 5 	 660  	 900  	 6  	 3 
14	 CF52JP 	 1 	 2 	 660  	 900  	 5  	 2 
15	 CF144AD	 1 	 9 	 540  	 780  	 9  	 4 
16	 CF146DY 	 1 	 4 	 660  	 900  	 5  	 2 
17	 CF142AD	 1 	 7 	 600  	 840  	 6  	 3 
18	 CF145UU	 1 	 9 	 540  	 780  	 9  	 4 
19	 CF144HN	 1 	 3 	 660  	 900  	 8  	 4 
20	 CF144US 	 1 	 8 	 540  	 780  	 5  	 2 
21	 CF145GF 	 1 	 5 	 720  	 960  	 9  	 4 
22	 CF144ZP 	 1 	 7 	 600  	 840  	 5  	 2 
23	 CF147AX 	 0 	 19 	 660  	 900  	 6  	 3 
24	 CF52BA 	 1 	 6 	 660  	 900  	 7  	 3 
25	 CF244HY 	 1 	 7 	 600  	 840  	 10  	 5 
26	 CF142TD 	 1 	 9 	 720  	 960  	 8  	 4 
27	 CF147TJ 	 1 	 8 	 600  	 840  	 5  	 2 
28	 CF144SF 	 1 	 3 	 720  	 960  	 6  	 3 
29	 CF146DZ 	 1 	 3 	 660  	 900  	 10  	 5 
30	 CF244DR 	 1 	 10 	 600  	 840  	 7  	 3 
31	 CF144LX 	 1 	 9 	 540  	 780  	 9  	 4 
32	 CF244LP 	 1 	 3 	 540  	 780  	 6  	 3 
33	 CF142XH 	 1 	 4 	 600  	 840  	 8  	 4 
34	 CF145PR 	 1 	 1 	 600  	 840  	 7  	 3 
35	 CF149HL 	 1 	 2 	 540  	 780  	 5  	 2 
36	 CF140XQ	 1 	 2 	 540  	 780  	 5  	 2 
37	 CF52RU 	 1 	 9 	 720  	 960  	 10  	 5 
38	 CF142NN	 1 	 8 	 720  	 960  	 9  	 4 
39	 CF149DH	 1 	 8 	 660  	 900  	 9  	 4 
40	 CF144SN 	 1 	 4 	 660  	 900  	 5  	 2 
41	 CF141TH 	 1 	 2 	 720  	 960  	 6  	 3 
42	 CF142SN 	 1 	 1 	 660  	 900  	 6  	 3 
43	 CF146DD	 1 	 10 	 540  	 780  	 5  	 2 
44	 CF141BD 	 1 	 7 	 720  	 960  	 10  	 5 
45	 CF141RX 	 1 	 1 	 540  	 780  	 9  	 4 
46	 CF149BY 	 0 	 9 	 660  	 900  	 9  	 4 
47	 CF146SX 	 1 	 4 	 600  	 840  	 10  	 5 
48	 CF149HJ 	 1 	 2 	 720  	 960  	 6  	 3 
49	 CF145BS 	 1 	 2 	 720  	 960  	 9  	 4 
50	 CF52NS 	 1 	 8 	 720  	 960  	 7  	 3 
