50

1200
32
10
500

0	1718	2154	2061	3212	3768	2182	2601	584	1224	1493	2200	3121	2072	1835	952	1162	1198	902	2609	2114	5551	1781	2733	2462	1605	5060	2512	1395	3841	1186	719	3078	3457	2589	4061	1374	2906	4116	2017	4179	2668	2044	2149	474	2864	3798	5198	2071	2948	1887	
1718	0	824	1030	1550	2328	1651	883	1480	528	1570	1852	1476	703	2356	1748	1580	1184	833	1737	818	4292	326	1420	870	1456	3738	1310	2461	2604	1685	1381	1527	1909	2427	2874	1049	1333	2866	1158	2743	1945	1199	1651	1249	2937	2149	3850	1043	1440	542	
2154	824	0	1812	1170	2751	2464	979	2107	1223	1318	2672	1739	1430	2074	2455	1510	1144	1427	950	1552	3523	1126	2036	455	1132	2987	486	2419	3151	2442	1572	938	1308	1822	2072	925	1739	2081	1960	3138	1186	555	2467	1749	2370	2314	3111	348	798	1320	
2061	1030	1812	0	2102	1723	688	1302	1561	1042	2501	927	1338	410	3249	1556	2418	2067	1275	2752	304	5088	704	687	1682	2423	4511	2285	3190	1792	1346	2070	2262	2600	3443	3755	1992	1043	3718	186	2127	2970	2228	704	1635	3938	1940	4601	2068	2232	494	
3212	1550	1170	2102	0	2173	2779	802	3029	2077	2475	3024	1182	1709	3198	3283	2680	2309	2368	1669	1799	3032	1667	1919	761	2281	2446	1170	3588	2717	3188	2709	424	554	2732	1869	2092	1389	1777	2287	2473	1920	1635	2799	2762	3280	1466	2522	1453	557	1740	
3768	2328	2751	1723	2173	0	1961	1781	3284	2628	3883	2152	1042	1725	4675	3249	3908	3512	2921	3620	1663	5009	2093	1038	2362	3746	4431	3069	4771	606	3011	3660	2562	2704	4574	4028	3367	1022	3920	1814	418	3878	3300	2002	3321	5120	854	4464	3096	2643	1923	
2182	1651	2464	688	2779	1961	0	1984	1606	1491	2970	248	1900	1098	3662	1408	2822	2522	1612	3387	991	5776	1338	1076	2366	2927	5198	2945	3478	1805	1139	2403	2950	3286	3991	4440	2494	1593	4405	514	2310	3591	2834	42	1854	4454	2409	5287	2691	2920	1152	
2601	883	979	1302	802	1781	1984	0	2329	1394	2216	2227	759	907	3002	2537	2325	1924	1710	1845	998	3799	906	1217	584	2052	3218	1297	3239	2221	2418	2221	990	1304	2797	2526	1735	794	2467	1486	2161	2101	1534	2003	2131	3347	1362	3304	1328	998	948	
584	1480	2107	1561	3029	3284	1606	2329	0	952	1816	1616	2741	1653	2311	444	1538	1422	682	2750	1669	5613	1439	2247	2320	1874	5090	2536	1956	3309	624	1053	2971	3356	2937	4137	1533	2495	4167	1490	3688	2860	2150	1572	457	3282	3406	5217	2120	2861	1490	
1224	528	1223	1042	2077	2628	1491	1394	952	0	1485	1641	1902	903	2212	1244	1378	1041	323	2020	975	4744	562	1627	1376	1436	4202	1691	2165	2803	1219	1043	2032	2417	2505	3294	1003	1703	3304	1092	3046	2187	1425	1478	751	2963	2580	4321	1329	1932	705	
1493	1570	1318	2501	2475	3883	2970	2216	1816	1485	0	3101	2948	2255	793	2259	351	449	1387	1255	2359	4198	1858	2986	1769	201	3761	1406	1130	4173	2393	785	2174	2491	1121	2725	521	2868	2813	2572	4292	1239	869	2954	1361	1502	3578	3911	1026	2015	2069	
2200	1852	2672	927	3024	2152	248	2227	1616	1641	3101	0	2144	1334	3766	1355	2929	2652	1722	3584	1231	6015	1549	1311	2595	3071	5438	3156	3537	1942	1081	2491	3188	3527	4146	4668	2642	1837	4637	746	2483	3781	3019	224	1915	4595	2640	5528	2885	3154	1374	
3121	1476	1739	1338	1182	1042	1900	759	2741	1902	2948	2144	0	1095	3740	2842	3026	2622	2222	2581	1107	4161	1341	859	1329	2794	3574	2030	3926	1544	2661	2858	1542	1734	3555	3051	2450	307	2959	1506	1406	2840	2293	1931	2649	4105	678	3631	2087	1610	1252	
2072	703	1430	410	1709	1725	1098	907	1653	903	2255	1334	1095	0	3030	1751	2224	1844	1200	2378	122	4681	396	739	1274	2153	4104	1893	3057	1928	1586	1939	1854	2196	3128	3345	1735	843	3308	588	2143	2604	1881	1112	1611	3640	1754	4197	1708	1822	199	
1835	2356	2074	3249	3198	4675	3662	3002	2311	2212	793	3766	3740	3030	0	2744	841	1187	2050	1741	3130	4490	2634	3766	2528	950	4128	2062	729	4955	2930	1285	2859	3136	1017	3092	1309	3661	3214	3303	5085	1610	1563	3642	1893	1076	4363	4287	1751	2698	2839	
952	1748	2455	1556	3283	3249	1408	2537	444	1244	2259	1355	2842	1751	2744	0	1981	1859	1042	3157	1736	5977	1631	2232	2615	2313	5442	2906	2348	3193	274	1496	3272	3656	3380	4512	1958	2570	4533	1438	3636	3279	2554	1368	898	3724	3482	5563	2506	3175	1624	
1162	1580	1510	2418	2680	3908	2822	2325	1538	1378	351	2929	3026	2224	841	1981	0	403	1211	1590	2318	4542	1832	2963	1942	518	4097	1681	918	4151	2139	485	2415	2752	1428	3065	597	2910	3148	2466	4323	1588	1143	2802	1094	1744	3678	4246	1266	2259	2029	
1198	1184	1144	2067	2309	3512	2522	1924	1422	1041	449	2652	2622	1844	1187	1859	403	0	942	1412	1943	4364	1449	2582	1560	454	3888	1385	1316	3771	1972	494	2071	2424	1538	2875	220	2510	2940	2131	3927	1473	872	2506	967	1947	3275	4031	947	1920	1653	
902	833	1427	1275	2368	2921	1612	1710	682	323	1387	1722	2222	1200	2050	1042	1211	942	0	2124	1259	4941	882	1904	1644	1382	4413	1866	1918	3063	1083	805	2291	2677	2471	3472	975	2018	3496	1287	3338	2262	1519	1591	428	2889	2900	4538	1464	2180	1007	
2609	1737	950	2752	1669	3620	3387	1845	2750	2020	1255	3584	2581	2378	1741	3157	1590	1412	2124	0	2500	2959	2055	2978	1261	1072	2507	551	2327	4062	3203	1904	1261	1452	1069	1475	1240	2636	1558	2892	3985	259	605	3387	2319	1612	3067	2656	700	1113	2259	
2114	818	1552	304	1799	1663	991	998	1669	975	2359	1231	1107	122	3130	1736	2318	1943	1259	2500	0	4785	503	652	1389	2262	4207	2014	3138	1835	1555	2017	1959	2296	3245	3458	1841	835	3418	488	2079	2726	2001	1008	1660	3754	1749	4297	1829	1932	291	
5551	4292	3523	5088	3032	5009	5776	3799	5613	4744	4198	6015	4161	4681	4490	5977	4542	4364	4941	2959	4785	0	4527	4949	3446	4025	587	3077	5179	5605	5961	4858	2827	2497	3501	1489	4177	4406	1446	5269	5190	2964	3507	5792	5216	3765	4166	549	3500	2873	4662	
1781	326	1126	704	1667	2093	1338	906	1439	562	1858	1549	1341	396	2634	1631	1832	1449	882	2055	503	4527	0	1133	1081	1759	3962	1608	2679	2322	1521	1568	1719	2090	2750	3137	1339	1143	3118	837	2511	2268	1525	1341	1308	3254	2019	4067	1366	1656	217	
2733	1420	2036	687	1919	1038	1076	1217	2247	1627	2986	1311	859	739	3766	2232	2963	2582	1904	2978	652	4949	1133	0	1757	2876	4362	2452	3790	1189	2007	2669	2195	2466	3812	3736	2465	563	3667	796	1446	3221	2542	1112	2293	4338	1335	4431	2352	2214	935	
2462	870	455	1682	761	2362	2366	584	2320	1376	1769	2595	1329	1274	2528	2615	1942	1560	1644	1261	1389	3446	1081	1757	0	1585	2882	713	2858	2804	2555	1948	657	1041	2231	2074	1347	1376	2044	1853	2735	1517	995	2377	2021	2783	1872	2989	791	576	1224	
1605	1456	1132	2423	2281	3746	2927	2052	1874	1436	201	3071	2794	2153	950	2313	518	454	1382	1072	2262	4025	1759	2876	1585	0	3578	1205	1332	4058	2426	887	1975	2290	1088	2546	434	2727	2629	2507	4153	1078	668	2914	1418	1527	3413	3727	829	1815	1973	
5060	3738	2987	4511	2446	4431	5198	3218	5090	4202	3761	5438	3574	4104	4128	5442	4097	3888	4413	2507	4207	587	3962	4362	2882	3578	0	2559	4790	5025	5415	4382	2253	1914	3176	1041	3692	3819	950	4692	4622	2548	3020	5214	4706	3508	3592	164	2993	2307	4092	
2512	1310	486	2285	1170	3069	2945	1297	2536	1691	1406	3156	2030	1893	2062	2906	1681	1385	1866	551	2014	3077	1608	2452	713	1205	2559	0	2536	3517	2909	1864	800	1087	1574	1607	1171	2089	1631	2438	3434	810	540	2949	2147	2127	2525	2692	443	639	1796	
1395	2461	2419	3190	3588	4771	3478	3239	1956	2165	1130	3537	3926	3057	729	2348	918	1316	1918	2327	3138	5179	2679	3790	2858	1332	4790	2536	0	4968	2576	1123	3302	3621	1741	3749	1515	3793	3858	3203	5189	2244	1999	3451	1625	1774	4586	4946	2150	3144	2859	
3841	2604	3151	1792	2717	606	1805	2221	3309	2803	4173	1942	1544	1928	4955	3193	4151	3771	3063	4062	1835	5605	2322	1189	2804	4058	5025	3517	4968	0	2933	3845	3086	3261	4961	4585	3652	1427	4484	1824	654	4315	3683	1847	3427	5496	1460	5062	3485	3150	2122	
1186	1685	2442	1346	3188	3011	1139	2418	624	1219	2393	1081	2661	1586	2930	274	2139	1972	1083	3203	1555	5961	1521	2007	2555	2426	5415	2909	2576	2933	0	1658	3211	3590	3507	4513	2044	2379	4523	1212	3391	3344	2599	1099	1045	3879	3285	5530	2530	3125	1481	
719	1381	1572	2070	2709	3660	2403	2221	1053	1043	785	2491	2858	1939	1285	1496	485	494	805	1904	2017	4858	1568	2669	1948	887	4382	1864	1123	3845	1658	0	2510	2875	1900	3369	695	2700	3433	2091	4078	1952	1363	2380	614	2228	3530	4523	1422	2366	1740	
3078	1527	938	2262	424	2562	2950	990	2971	2032	2174	3188	1542	1854	2859	3272	2415	2071	2291	1261	1959	2827	1719	2195	657	1975	2253	800	3302	3086	3211	2510	0	386	2330	1541	1850	1706	1476	2442	2879	1508	1310	2965	2653	2874	1885	2351	1153	161	1840	
3457	1909	1308	2600	554	2704	3286	1304	3356	2417	2491	3527	1734	2196	3136	3656	2752	2424	2677	1452	2296	2497	2090	2466	1041	2290	1914	1087	3621	3261	3590	2875	386	0	2511	1325	2204	1943	1225	2783	2982	1673	1622	3303	3036	3037	1951	2001	1487	511	2198	
2589	2427	1822	3443	2732	4574	3991	2797	2937	2505	1121	4146	3555	3128	1017	3380	1428	1538	2471	1069	3245	3501	2750	3812	2231	1088	3176	1574	1741	4961	3507	1900	2330	2511	0	2163	1507	3560	2303	3546	4959	838	1279	3980	2482	554	4091	3338	1479	2179	2967	
4061	2874	2072	3755	1869	4028	4440	2526	4137	3294	2725	4668	3051	3345	3092	4512	3065	2875	3472	1475	3458	1489	3137	3736	2074	2546	1041	1607	3749	4585	4513	3369	1541	1325	2163	0	2687	3240	177	3926	4297	1507	2018	4450	3732	2542	3258	1197	2018	1533	3296	
1374	1049	925	1992	2092	3367	2494	1735	1533	1003	521	2642	2450	1735	1309	1958	597	220	975	1240	1841	4177	1339	2465	1347	434	3692	1171	1515	3652	2044	695	1850	2204	1507	2687	0	2355	2745	2073	3778	1329	672	2482	1088	1961	3093	3832	731	1700	1551	
2906	1333	1739	1043	1389	1022	1593	794	2495	1703	2868	1837	307	843	3661	2570	2910	2510	2018	2636	835	4406	1143	563	1376	2727	3819	2089	3793	1427	2379	2700	1706	1943	3560	3240	2355	0	3160	1207	1426	2890	2284	1624	2439	4104	914	3883	2081	1749	1019	
4116	2866	2081	3718	1777	3920	4405	2467	4167	3304	2813	4637	2959	3308	3214	4533	3148	2940	3496	1558	3418	1446	3118	3667	2044	2629	950	1631	3858	4484	4523	3433	1476	1225	2303	177	2745	3160	0	3892	4179	1615	2073	4417	3772	2699	3137	1098	2056	1486	3268	
2017	1158	1960	186	2287	1814	514	1486	1490	1092	2572	746	1506	588	3303	1438	2466	2131	1287	2892	488	5269	837	796	1853	2507	4692	2438	3203	1824	1212	2091	2442	2783	3546	3926	2073	1207	3892	0	2208	3104	2354	525	1615	4030	2091	4784	2201	2408	642	
4179	2743	3138	2127	2473	418	2310	2161	3688	3046	4292	2483	1406	2143	5085	3636	4323	3927	3338	3985	2079	5190	2511	1446	2735	4153	4622	3434	5189	654	3391	4078	2879	2982	4959	4297	3778	1426	4179	2208	0	4244	3691	2352	3735	5508	1043	4642	3485	2972	2341	
2668	1945	1186	2970	1920	3878	3591	2101	2860	2187	1239	3781	2840	2604	1610	3279	1588	1473	2262	259	2726	2964	2268	3221	1517	1078	2548	810	2244	4315	3344	1952	1508	1673	838	1507	1329	2890	1615	3104	4244	0	765	3589	2417	1369	3326	2704	903	1363	2476	
2044	1199	555	2228	1635	3300	2834	1534	2150	1425	869	3019	2293	1881	1563	2554	1143	872	1519	605	2001	3507	1525	2542	995	668	3020	540	1999	3683	2599	1363	1310	1622	1279	2018	672	2284	2073	2354	3691	765	0	2830	1726	1820	2865	3161	206	1150	1738	
2149	1651	2467	704	2799	2002	42	2003	1572	1478	2954	224	1931	1112	3642	1368	2802	2506	1591	3387	1008	5792	1341	1112	2377	2914	5214	2949	3451	1847	1099	2380	2965	3303	3980	4450	2482	1624	4417	525	2352	3589	2830	0	1826	4441	2446	5304	2689	2933	1159	
474	1249	1749	1635	2762	3321	1854	2131	457	751	1361	1915	2649	1611	1893	898	1094	967	428	2319	1660	5216	1308	2293	2021	1418	4706	2147	1625	3427	1045	614	2653	3036	2482	3732	1088	2439	3772	1615	3735	2417	1726	1826	0	2836	3327	4838	1717	2531	1422	
2864	2937	2370	3938	3280	5120	4454	3347	3282	2963	1502	4595	4105	3640	1076	3724	1744	1947	2889	1612	3754	3765	3254	4338	2783	1527	3508	2127	1774	5496	3879	2228	2874	3037	554	2542	1961	4104	2699	4030	5508	1369	1820	4441	2836	0	4645	3672	2024	2725	3472	
3798	2149	2314	1940	1466	854	2409	1362	3406	2580	3578	2640	678	1754	4363	3482	3678	3275	2900	3067	1749	4166	2019	1335	1872	3413	3592	2525	4586	1460	3285	3530	1885	1951	4091	3258	3093	914	3137	2091	1043	3326	2865	2446	3327	4645	0	3620	2660	1997	1921	
5198	3850	3111	4601	2522	4464	5287	3304	5217	4321	3911	5528	3631	4197	4287	5563	4246	4031	4538	2656	4297	549	4067	4431	2989	3727	164	2692	4946	5062	5530	4523	2351	2001	3338	1197	3832	3883	1098	4784	4642	2704	3161	5304	4838	3672	3620	0	3128	2413	4190	
2071	1043	348	2068	1453	3096	2691	1328	2120	1329	1026	2885	2087	1708	1751	2506	1266	947	1464	700	1829	3500	1366	2352	791	829	2993	443	2150	3485	2530	1422	1153	1487	1479	2018	731	2081	2056	2201	3485	903	206	2689	1717	2024	2660	3128	0	995	1574	
2948	1440	798	2232	557	2643	2920	998	2861	1932	2015	3154	1610	1822	2698	3175	2259	1920	2180	1113	1932	2873	1656	2214	576	1815	2307	639	3144	3150	3125	2366	161	511	2179	1533	1700	1749	1486	2408	2972	1363	1150	2933	2531	2725	1997	2413	995	0	1791	
1887	542	1320	494	1740	1923	1152	948	1490	705	2069	1374	1252	199	2839	1624	2029	1653	1007	2259	291	4662	217	935	1224	1973	4092	1796	2859	2122	1481	1740	1840	2198	2967	3296	1551	1019	3268	642	2341	2476	1738	1159	1422	3472	1921	4190	1574	1791	0	


0	 CF147JL 	 0 	 0 	 540  	 1080  	 0  	 0 

1	 CF146DF 	 1 	 2 	 600  	 840  	 10  	 5 
2	 CF141DX 	 1 	 7 	 720  	 960  	 9  	 4 
3	 CF146JR 	 1 	 1 	 540  	 780  	 7  	 3 
4	 CF144DJ 	 1 	 6 	 720  	 960  	 7  	 3 
5	 CF145AE 	 0 	 16 	 600  	 840  	 5  	 2 
6	 CF146SE 	 1 	 6 	 600  	 840  	 10  	 5 
7	 CF144QL 	 1 	 7 	 540  	 780  	 8  	 4 
8	 CF147DU	 1 	 6 	 600  	 840  	 8  	 4 
9	 CF141AX 	 1 	 7 	 600  	 840  	 8  	 4 
10	 CF142LU 	 1 	 8 	 600  	 840  	 5  	 2 
11	 CF146TR 	 1 	 9 	 660  	 900  	 7  	 3 
12	 CF148NJ 	 0 	 4 	 660  	 900  	 7  	 3 
13	 CF146LX 	 1 	 1 	 600  	 840  	 5  	 2 
14	 CF52RW 	 1 	 2 	 720  	 960  	 5  	 2 
15	 CF147EQ 	 1 	 8 	 540  	 780  	 10  	 5 
16	 CF142GA	 1 	 1 	 540  	 780  	 5  	 2 
17	 CF141LY 	 1 	 5 	 540  	 780  	 7  	 3 
18	 CF147AE 	 0 	 19 	 540  	 780  	 6  	 3 
19	 CF142SN 	 1 	 2 	 720  	 960  	 5  	 2 
20	 CF146NA	 1 	 10 	 540  	 780  	 7  	 3 
21	 CF244AG	 1 	 1 	 660  	 900  	 5  	 2 
22	 CF146BW	 0 	 23 	 660  	 900  	 8  	 4 
23	 CF146PE 	 1 	 6 	 720  	 960  	 10  	 5 
24	 CF141UN	 1 	 7 	 660  	 900  	 6  	 3 
25	 CF142LL 	 1 	 3 	 720  	 960  	 9  	 4 
26	 CF244DA	 1 	 3 	 540  	 780  	 7  	 3 
27	 CF141JR 	 1 	 6 	 600  	 840  	 10  	 5 
28	 CF52RF 	 1 	 6 	 540  	 780  	 9  	 4 
29	 CF149BP 	 1 	 4 	 660  	 900  	 10  	 5 
30	 CF147HD	 1 	 2 	 600  	 840  	 9  	 4 
31	 CF142BQ	 1 	 3 	 720  	 960  	 8  	 4 
32	 CF144DL 	 1 	 1 	 720  	 960  	 6  	 3 
33	 CF144XN	 1 	 8 	 720  	 960  	 9  	 4 
34	 CF52LQ 	 1 	 4 	 660  	 900  	 10  	 5 
35	 CF143UA	 1 	 5 	 660  	 900  	 8  	 4 
36	 CF141PA 	 1 	 10 	 540  	 780  	 6  	 3 
37	 CF145FD 	 1 	 2 	 720  	 960  	 5  	 2 
38	 CF244HN	 1 	 10 	 660  	 900  	 7  	 3 
39	 CF146JU 	 0 	 24 	 660  	 900  	 5  	 2 
40	 CF145AS 	 1 	 4 	 540  	 780  	 6  	 3 
41	 CF142QZ	 1 	 8 	 660  	 900  	 9  	 4 
42	 CF141JL 	 1 	 1 	 540  	 780  	 10  	 5 
43	 CF146SB 	 0 	 14 	 600  	 840  	 10  	 5 
44	 CF147XB 	 1 	 6 	 720  	 960  	 8  	 4 
45	 CF52HG 	 1 	 5 	 720  	 960  	 7  	 3 
46	 CF145QD	 1 	 7 	 540  	 780  	 5  	 2 
47	 CF244BR 	 1 	 10 	 720  	 960  	 6  	 3 
48	 CF141JZ 	 1 	 8 	 720  	 960  	 7  	 3 
49	 CF144AQ	 1 	 7 	 660  	 900  	 7  	 3 
50	 CF146EH 	 1 	 3 	 720  	 960  	 9  	 4 
