50

1200
32
10
500

0	3933	2442	2777	3521	2837	2853	2116	4071	1530	2434	780	3201	1736	663	4740	1392	3521	5743	4354	1718	3263	3521	738	3908	389	2482	2899	2583	3266	822	4496	2199	2282	2782	2372	1836	2312	1376	2507	3246	3477	2836	4019	3187	3294	1374	1774	1183	3272	5264	
3933	0	2339	1282	1740	1241	4569	1952	508	3079	1501	3600	3073	2372	3370	1207	2885	1740	2046	2031	2332	1197	1740	3938	1090	3818	1859	4537	4510	1161	3185	1100	2243	2553	5015	2871	2461	2707	2801	1580	2029	1225	4458	1287	789	1103	3090	2185	2897	1254	2749	
2442	2339	0	1142	1146	2002	2236	839	2189	2647	1482	2606	1085	868	1781	2637	2309	1146	3605	1943	958	2512	1146	2871	2985	2563	2284	2208	2171	2485	1646	2380	2393	2771	2679	535	2249	369	2175	919	816	1319	2128	1782	1610	1282	1114	1161	2078	2567	2829	
2777	1282	1142	0	1171	957	3365	689	1303	2298	613	2603	2089	1110	2165	1969	2013	1171	2969	1921	1088	1416	1171	2931	1846	2734	1437	3342	3278	1386	1982	1731	1696	2090	3773	1672	1725	1493	1895	300	1209	826	3260	1348	498	575	1812	1007	1915	1478	2852	
3521	1740	1146	1171	0	2081	3085	1517	1381	3389	1780	3549	1403	1807	2859	1590	3077	0	2505	840	1854	2453	0	3851	2701	3584	2607	3037	3099	2417	2702	1344	2862	3257	3614	1532	2857	1443	2949	1240	391	525	2967	709	1326	741	2249	1929	2918	2520	1774	
2837	1241	2002	957	2081	0	4126	1254	1591	1840	556	2404	3022	1582	2361	2359	1664	2081	3273	2734	1499	530	2081	2741	1127	2664	638	4115	3996	513	2182	2182	1010	1349	4460	2497	1224	2310	1592	1088	2163	1633	4032	2043	819	1368	2307	1261	1716	576	3618	
2853	4569	2236	3365	3085	4126	0	2872	4370	3999	3572	3504	1764	2589	2517	4674	3699	3085	5543	3595	2690	4656	3085	3578	5186	3205	4223	80	284	4635	2559	4430	4181	4477	598	1700	3901	1873	3593	3108	2698	3456	119	3794	3844	3485	1989	2961	3400	4703	4184	
2116	1952	839	689	1517	1254	2872	0	1990	1903	700	2040	1923	422	1486	2627	1578	1517	3631	2350	404	1784	1517	2351	2335	2113	1451	2861	2745	1764	1306	2381	1557	1939	3218	1271	1439	1085	1446	397	1364	1371	2778	1916	1164	1178	1143	412	1402	1831	3289	
4071	508	2189	1303	1381	1591	4370	1990	0	3385	1704	3828	2771	2408	3467	768	3156	1381	1714	1545	2391	1659	1381	4164	1597	4002	2229	4331	4341	1621	3284	612	2598	2938	4854	2700	2768	2554	3057	1594	1722	919	4255	818	902	908	3082	2297	3123	1721	2241	
1530	3079	2647	2298	3389	1840	3999	1903	3385	0	1721	791	3688	1784	1508	4142	339	3389	5093	4198	1689	2089	3389	1061	2698	1184	1267	4024	3770	2107	1442	3936	885	799	4089	2882	619	2735	472	2153	3267	3122	3947	3641	2506	2870	2055	1506	615	2073	5137	
2434	1501	1482	613	1780	556	3572	700	1704	1721	0	2124	2537	1031	1896	2441	1463	1780	3417	2532	954	1087	1780	2461	1664	2319	849	3561	3440	1069	1712	2225	1083	1478	3904	1958	1127	1771	1357	608	1774	1428	3478	1927	804	1166	1764	736	1420	1132	3459	
780	3600	2606	2603	3549	2404	3504	2040	3828	791	2124	0	3535	1764	1014	4552	766	3549	5538	4386	1702	2750	3549	338	3385	404	1928	3541	3249	2762	1045	4324	1587	1582	3503	2693	1242	2585	814	2383	3345	3391	3471	3933	2926	3167	1728	1634	705	2746	5323	
3201	3073	1085	2089	1403	3022	1764	1923	2771	3688	2537	3535	0	1908	2589	2957	3348	1403	3788	1831	2008	3505	1403	3757	3902	3411	3359	1704	1844	3475	2503	2725	3478	3855	2339	843	3327	959	3216	1940	1051	1863	1645	2093	2474	1976	1840	2235	3095	3565	2472	
1736	2372	868	1110	1807	1582	2589	422	2408	1784	1031	1764	1908	0	1088	3030	1445	1807	4032	2647	108	2109	1807	2052	2695	1777	1639	2588	2435	2094	915	2780	1647	1995	2885	1135	1439	970	1312	815	1581	1744	2505	2284	1584	1574	739	377	1210	2149	3575	
663	3370	1781	2165	2859	2361	2517	1486	3467	1508	1896	1014	2589	1088	0	4112	1245	2859	5116	3691	1083	2835	2859	1178	3474	822	2126	2549	2275	2833	185	3864	1924	2116	2582	1750	1577	1672	1167	1882	2583	2831	2476	3370	2602	2659	750	1185	955	2855	4601	
4740	1207	2637	1969	1590	2359	4674	2627	768	4142	2441	4552	2957	3030	4112	0	3902	1590	1003	1312	3030	2401	1590	4885	2236	4702	2997	4624	4688	2364	3934	257	3365	3706	5204	3094	3527	2979	3799	2234	1981	1328	4555	882	1640	1456	3646	2975	3852	2460	1708	
1392	2885	2309	2013	3077	1664	3699	1578	3156	339	1463	766	3348	1445	1245	3902	0	3077	4869	3894	1351	1986	3077	1092	2619	1102	1163	3721	3477	1998	1154	3687	827	898	3816	2544	477	2396	134	1847	2942	2833	3643	3360	2262	2588	1736	1175	300	1981	4834	
3521	1740	1146	1171	0	2081	3085	1517	1381	3389	1780	3549	1403	1807	2859	1590	3077	0	2505	840	1854	2453	0	3851	2701	3584	2607	3037	3099	2417	2702	1344	2862	3257	3614	1532	2857	1443	2949	1240	391	525	2967	709	1326	741	2249	1929	2918	2520	1774	
5743	2046	3605	2969	2505	3273	5543	3631	1714	5093	3417	5538	3788	4032	5116	1003	4869	2505	0	1984	4033	3220	2505	5873	2904	5699	3902	5487	5584	3186	4937	1253	4282	4599	6096	4035	4474	3934	4771	3237	2893	2316	5424	1823	2614	2458	4640	3975	4835	3270	1890	
4354	2031	1943	1921	840	2734	3595	2350	1545	4198	2532	4386	1831	2647	3691	1312	3894	840	1984	0	2694	3011	840	4690	3106	4424	3318	3535	3663	2972	3537	1154	3610	4000	4166	2239	3644	2190	3768	2047	1128	1112	3476	750	1920	1381	3057	2761	3747	3078	941	
1718	2332	958	1088	1854	1499	2690	404	2391	1689	954	1702	2008	108	1083	3030	1351	1854	4033	2694	0	2025	1854	1997	2618	1736	1535	2689	2531	2011	904	2783	1539	1887	2976	1242	1333	1075	1217	800	1645	1761	2606	2304	1549	1578	809	272	1124	2063	3626	
3263	1197	2512	1416	2453	530	4656	1784	1659	2089	1087	2750	3505	2109	2835	2401	1986	2453	3220	3011	2025	0	2453	3078	645	3051	827	4644	4526	39	2662	2271	1204	1431	4990	3017	1513	2830	1942	1593	2591	1960	4561	2278	1128	1713	2830	1779	2100	67	3840	
3521	1740	1146	1171	0	2081	3085	1517	1381	3389	1780	3549	1403	1807	2859	1590	3077	0	2505	840	1854	2453	0	3851	2701	3584	2607	3037	3099	2417	2702	1344	2862	3257	3614	1532	2857	1443	2949	1240	391	525	2967	709	1326	741	2249	1929	2918	2520	1774	
738	3938	2871	2931	3851	2741	3578	2351	4164	1061	2461	338	3757	2052	1178	4885	1092	3851	5873	4690	1997	3078	3851	0	3709	376	2253	3621	3312	3090	1255	4656	1901	1860	3520	2914	1566	2820	1149	2704	3631	3711	3555	4254	3262	3492	1924	1951	1043	3072	5624	
3908	1090	2985	1846	2701	1127	5186	2335	1597	2698	1664	3385	3902	2695	3474	2236	2619	2701	2904	3106	2618	645	2701	3709	0	3693	1456	5168	5075	643	3298	2172	1816	1985	5552	3510	2143	3327	2581	2080	2915	2178	5085	2357	1429	1975	3427	2386	2743	640	3837	
389	3818	2563	2734	3584	2664	3205	2113	4002	1184	2319	404	3411	1777	822	4702	1102	3584	5699	4424	1736	3051	3584	376	3693	0	2244	3247	2940	3059	922	4465	1928	1963	3160	2570	1570	2485	1116	2486	3343	3484	3181	4029	3104	3280	1572	1732	953	3053	5350	
2482	1859	2284	1437	2607	638	4223	1451	2229	1267	849	1928	3359	1639	2126	2997	1163	2607	3902	3318	1535	827	2607	2253	1456	2244	0	4224	4056	843	1968	2820	389	711	4481	2714	687	2530	1129	1455	2623	2206	4141	2653	1433	1937	2278	1263	1302	819	4222	
2899	4537	2208	3342	3037	4115	80	2861	4331	4024	3561	3541	1704	2588	2549	4624	3721	3037	5487	3535	2689	4644	3037	3621	5168	3247	4224	0	351	4623	2585	4381	4189	4490	673	1673	3914	1848	3613	3089	2650	3415	83	3745	3818	3450	2003	2961	3422	4692	4115	
2583	4510	2171	3278	3099	3996	284	2745	4341	3770	3440	3249	1844	2435	2275	4688	3477	3099	5584	3663	2531	4526	3099	3312	5075	2940	4056	351	0	4508	2328	4440	3992	4275	516	1644	3701	1803	3375	3009	2708	3437	324	3807	3766	3444	1794	2799	3177	4571	4301	
3266	1161	2485	1386	2417	513	4635	1764	1621	2107	1069	2762	3475	2094	2833	2364	1998	2417	3186	2972	2011	39	2417	3090	643	3059	843	4623	4508	0	2658	2233	1222	1457	4973	2992	1526	2806	1952	1566	2557	1922	4540	2239	1091	1677	2817	1767	2107	105	3801	
822	3185	1646	1982	2702	2182	2559	1306	3284	1442	1712	1045	2503	915	185	3934	1154	2702	4937	3537	904	2662	2702	1255	3298	922	1968	2585	2328	2658	0	3686	1785	2000	2663	1660	1447	1567	1062	1701	2438	2658	2509	3199	2417	2482	683	1000	856	2683	4453	
4496	1100	2380	1731	1344	2182	4430	2381	612	3936	2225	4324	2725	2780	3864	257	3687	1344	1253	1154	2783	2271	1344	4656	2172	4465	2820	4381	4440	2233	3686	0	3179	3531	4955	2840	3325	2723	3581	1989	1733	1071	4311	636	1430	1205	3390	2735	3627	2332	1685	
2199	2243	2393	1696	2862	1010	4181	1557	2598	885	1083	1587	3478	1647	1924	3365	827	2862	4282	3610	1539	1204	2862	1901	1816	1928	389	4189	3992	1222	1785	3179	0	396	4389	2770	363	2594	823	1653	2833	2500	4107	2974	1770	2233	2198	1275	1021	1188	4529	
2282	2553	2771	2090	3257	1349	4477	1939	2938	799	1478	1582	3855	1995	2116	3706	898	3257	4599	4000	1887	1431	3257	1860	1985	1963	711	4490	4275	1457	2000	3531	396	0	4649	3128	576	2956	951	2049	3228	2888	4409	3354	2139	2621	2488	1633	1165	1399	4914	
2782	5015	2679	3773	3614	4460	598	3218	4854	4089	3904	3503	2339	2885	2582	5204	3816	3614	6096	4166	2976	4990	3614	3520	5552	3160	4481	673	516	4973	2663	4955	4389	4649	0	2155	4080	2310	3724	3498	3223	3952	710	4322	4265	3955	2203	3239	3519	5032	4777	
2372	2871	535	1672	1532	2497	1700	1271	2700	2882	1958	2693	843	1135	1750	3094	2544	1532	4035	2239	1242	3017	1532	2914	3510	2570	2714	1673	1644	2992	1660	2840	2770	3128	2155	0	2574	187	2414	1433	1150	1805	1593	2220	2145	1800	1002	1496	2278	3069	3051	
1836	2461	2249	1725	2857	1224	3901	1439	2768	619	1127	1242	3327	1439	1577	3527	477	2857	4474	3644	1333	1513	2857	1566	2143	1570	687	3914	3701	1526	1447	3325	363	576	4080	2574	0	2407	460	1619	2778	2550	3833	3055	1896	2291	1912	1092	659	1506	4577	
2312	2707	369	1493	1443	2310	1873	1085	2554	2735	1771	2585	959	970	1672	2979	2396	1443	3934	2190	1075	2830	1443	2820	3327	2485	2530	1848	1803	2806	1567	2723	2594	2956	2310	187	2407	0	2265	1249	1075	1673	1767	2113	1971	1649	940	1323	2137	2883	3034	
1376	2801	2175	1895	2949	1592	3593	1446	3057	472	1357	814	3216	1312	1167	3799	134	2949	4771	3768	1217	1942	2949	1149	2581	1116	1129	3613	3375	1952	1062	3581	823	951	3724	2414	460	2265	0	1722	2810	2713	3534	3242	2160	2470	1621	1042	214	1941	4709	
2507	1580	919	300	1240	1088	3108	397	1594	2153	608	2383	1940	815	1882	2234	1847	1240	3237	2047	800	1593	1240	2704	2080	2486	1455	3089	3009	1566	1701	1989	1653	2049	3498	1433	1619	1249	1722	0	1180	1007	3007	1550	794	794	1512	756	1714	1649	2987	
3246	2029	816	1209	391	2163	2698	1364	1722	3267	1774	3345	1051	1581	2583	1981	2942	391	2893	1128	1645	2591	391	3631	2915	3343	2623	2650	2708	2557	2438	1733	2833	3228	3223	1150	2778	1075	2810	1180	0	812	2580	1099	1493	947	1930	1769	2753	2656	2018	
3477	1225	1319	826	525	1633	3456	1371	919	3122	1428	3391	1863	1744	2831	1328	2833	525	2316	1112	1761	1960	525	3711	2178	3484	2206	3415	3437	1922	2658	1071	2500	2888	3952	1805	2550	1673	2713	1007	812	0	3341	545	836	268	2323	1760	2718	2027	2031	
2836	4458	2128	3260	2967	4032	119	2778	4255	3947	3478	3471	1645	2505	2476	4555	3643	2967	5424	3476	2606	4561	2967	3555	5085	3181	4141	83	324	4540	2509	4311	4107	4409	710	1593	3833	1767	3534	3007	2580	3341	0	3676	3737	3373	1923	2878	3344	4608	4069	
4019	1287	1782	1348	709	2043	3794	1916	818	3641	1927	3933	2093	2284	3370	882	3360	709	1823	750	2304	2278	709	4254	2357	4029	2653	3745	3807	2239	3199	636	2974	3354	4322	2220	3055	2113	3242	1550	1099	545	3676	0	1224	773	2837	2304	3256	2344	1576	
3187	789	1610	498	1326	819	3844	1164	902	2506	804	2926	2474	1584	2602	1640	2262	1326	2614	1920	1549	1128	1326	3262	1429	3104	1433	3818	3766	1091	2417	1430	1770	2139	4265	2145	1896	1971	2160	794	1493	836	3737	1224	0	585	2301	1419	2222	1195	2799	
3294	1103	1282	575	741	1368	3485	1178	908	2870	1166	3167	1976	1574	2659	1456	2588	741	2458	1381	1578	1713	741	3492	1975	3280	1937	3450	3444	1677	2482	1205	2233	2621	3955	1800	2291	1649	2470	794	947	268	3373	773	585	0	2203	1548	2485	1780	2296	
1374	3090	1114	1812	2249	2307	1989	1143	3082	2055	1764	1728	1840	739	750	3646	1736	2249	4640	3057	809	2830	2249	1924	3427	1572	2278	2003	1794	2817	683	3390	2198	2488	2203	1002	1912	940	1621	1512	1930	2323	1923	2837	2301	2203	0	1053	1441	2866	3939	
1774	2185	1161	1007	1929	1261	2961	412	2297	1506	736	1634	2235	377	1185	2975	1175	1929	3975	2761	272	1779	1929	1951	2386	1732	1263	2961	2799	1767	1000	2735	1275	1633	3239	1496	1092	1323	1042	756	1769	1760	2878	2304	1419	1548	1053	0	990	1813	3701	
1183	2897	2078	1915	2918	1716	3400	1402	3123	615	1420	705	3095	1210	955	3852	300	2918	4835	3747	1124	2100	2918	1043	2743	953	1302	3422	3177	2107	856	3627	1021	1165	3519	2278	659	2137	214	1714	2753	2718	3344	3256	2222	2485	1441	990	0	2104	4688	
3272	1254	2567	1478	2520	576	4703	1831	1721	2073	1132	2746	3565	2149	2855	2460	1981	2520	3270	3078	2063	67	2520	3072	640	3053	819	4692	4571	105	2683	2332	1188	1399	5032	3069	1506	2883	1941	1649	2656	2027	4608	2344	1195	1780	2866	1813	2104	0	3905	
5264	2749	2829	2852	1774	3618	4184	3289	2241	5137	3459	5323	2472	3575	4601	1708	4834	1774	1890	941	3626	3840	1774	5624	3837	5350	4222	4115	4301	3801	4453	1685	4529	4914	4777	3051	4577	3034	4709	2987	2018	2031	4069	1576	2799	2296	3939	3701	4688	3905	0	


0	 CF52DX 	 0 	 0 	 540  	 1080  	 0  	 0 

1	 CF146LJ 	 1 	 7 	 600  	 840  	 10  	 5 
2	 CF144JP 	 1 	 8 	 660  	 900  	 7  	 3 
3	 CF146DA	 1 	 9 	 600  	 840  	 5  	 2 
4	 CF148JS 	 1 	 5 	 600  	 840  	 10  	 5 
5	 CF147AG	 1 	 4 	 600  	 840  	 7  	 3 
6	 CF244PD 	 0 	 23 	 600  	 840  	 6  	 3 
7	 CF141QN  	1 	 6 	 600  	 840  	 7  	 3 
8	 CF146SS 	 0 	 3 	 600  	 840  	 7  	 3 
9	 CF52SQ 	 1 	 5 	 600  	 840  	 9  	 4 
10	 CF146DL 	 1 	 4 	 660  	 900  	 7  	 3 
11	 CF52YQ 	 1 	 7 	 600  	 840  	 5  	 2 
12	 CF143RF 	 1 	 3 	 660  	 900  	 5  	 2 
13	 CF141HB 	 1 	 8 	 720  	 960  	 9  	 4 
14	 CF142QX  	1 	 10 	 660  	 900  	 5  	 2 
15	 CF149AY 	 1 	 10 	 540  	 780  	 5  	 2 
16	 CF142HA  	0 	 25 	 540  	 780  	 6  	 3 
17	 CF148JL 	 1 	 4 	 540  	 780  	 8  	 4 
18	 CF149HL 	 1 	 3 	 660  	 900  	 7  	 3 
19	 CF145PD 	 1 	 9 	 600  	 840  	 6  	 3 
20	 CF141HD  	1 	 2 	 600  	 840  	 10  	 5 
21	 CF147DE 	 0 	 19 	 540  	 780  	 9  	 4 
22	 CF148JT 	 1 	 3 	 720  	 960  	 8  	 4 
23	 CF52NP 	 1 	 5 	 540  	 780  	 10  	 5 
24	 CF147HH  	1 	 8 	 660  	 900  	 8  	 4 
25	 CF52LP 	 1 	 8 	 660  	 900  	 7  	 3 
26	 CF142TF 	 1 	 8 	 660  	 900  	 5  	 2 
27	 CF244PG 	 1 	 5 	 720  	 960  	 9  	 4 
28	 CF244EZ 	 1 	 8 	 660  	 900  	 8  	 4 
29	 CF147BZ 	 0 	 9 	 600  	 840  	 9  	 4 
30	 CF142RU 	 1 	 6 	 540  	 780  	 8  	 4 
31	 CF145JD 	 1 	 5 	 660  	 900  	 6  	 3 
32	 CF142BU 	 1 	 10 	 600  	 840  	 6  	 3 
33	 CF142HP 	 1 	 5 	 660  	 900  	 8  	 4 
34	 CF244BZ 	 1 	 7 	 660  	 900  	 8  	 4 
35	 CF144ED 	 1 	 2 	 660  	 900  	 7  	 3 
36	 CF142EE 	 0 	 15 	 660  	 900  	 7  	 3 
37	 CF144EA 	 1 	 7 	 540  	 780  	 6  	 3 
38	 CF142LU 	 1 	 9 	 600  	 840  	 8  	 4 
39	 CF141SW  	1 	 3 	 540  	 780  	 7  	 3 
40	 CF144HJ 	 1 	 2 	 660  	 900  	 7  	 3 
41	 CF144NH  	1 	 4 	 660  	 900  	 5  	 2 
42	 CF244RA 	 0 	 19 	 660  	 900  	 10  	 5 
43	 CF145ED 	 1 	 6 	 660  	 900  	 5  	 2 
44	 CF146DX 	 1 	 7 	 720  	 960  	 10  	 5 
45	 CF144SX 	 1 	 6 	 660  	 900  	 7  	 3 
46	 CF143HP 	 1 	 1 	 660  	 900  	 5  	 2 
47	 CF141JE 	 1 	 6 	 540  	 780  	 6  	 3 
48	 CF142LN 	 1 	 1 	 600  	 840  	 10  	 5 
49	 CF147TG 	 1 	 10 	 600  	 840  	 5  	 2 
50	 CF140BG 	 0 	 16 	 660  	 900  	 10  	 5 
