50

1200
32
10
500

0	1750	3022	1013	2133	299	2884	4783	4971	901	3418	1975	1394	690	428	606	1853	3045	1421	2600	2565	4620	2852	3872	2234	4116	3392	2411	2861	1685	3966	3113	1329	629	2493	3921	2508	1234	4242	1388	528	3905	1254	2714	2867	3153	1911	3073	2513	753	4349	
1750	0	3275	1787	3202	1520	3009	5114	5525	2648	3986	3622	447	1061	1323	2314	2477	4795	2817	3685	4315	5107	4590	4722	1582	4745	4562	3245	2348	2345	4330	4857	2815	1798	3649	4879	4258	2278	4723	1895	1232	4256	1869	3767	4615	2845	3219	4822	3135	1044	4797	
3022	3275	0	2019	1542	3175	309	1853	2264	3175	851	3021	3370	3033	3019	3389	1186	4602	2205	1620	4184	1837	4135	1768	1837	1555	2205	1090	1380	4684	1055	4828	2387	2393	1757	2047	4170	1867	1458	1664	3079	982	1785	1576	4571	997	2018	4517	730	2808	1524	
1013	1787	2019	0	1432	1158	1872	3816	4064	1447	2491	2016	1653	1098	1021	1474	883	3454	1086	1922	2966	3689	3127	3071	1456	3223	2791	1564	1943	2665	2996	3594	1140	403	1871	3180	2925	492	3304	377	1097	2931	241	2015	3329	2171	1440	3435	1577	909	3404	
2133	3202	1542	1432	0	2389	1636	2873	2914	1897	1472	1486	3085	2486	2341	2259	869	3061	832	491	2648	2616	2595	1744	2378	2059	1360	466	2419	3777	2115	3289	1010	1595	453	1792	2638	968	2268	1333	2439	2075	1336	592	3034	2311	487	2976	812	2325	2389	
299	1520	3175	1158	2389	0	3014	4969	5188	1170	3624	2271	1134	473	240	794	2032	3288	1707	2865	2815	4827	3120	4120	2208	4338	3671	2640	2884	1509	4150	3340	1623	823	2765	4181	2756	1459	4445	1515	295	4086	1391	2976	3101	3218	2194	3325	2713	615	4548	
2884	3009	309	1872	1636	3014	0	2106	2555	3121	1157	3084	3127	2835	2843	3293	1110	4674	2210	1794	4239	2123	4222	2068	1538	1862	2450	1220	1076	4521	1331	4889	2385	2262	1914	2340	4221	1792	1750	1501	2895	1256	1631	1769	4627	737	2090	4599	847	2606	1809	
4783	5114	1853	3816	2873	4969	2106	0	736	4753	1406	4238	5223	4869	4834	5061	2937	5668	3695	2619	5345	455	5159	1593	3607	981	2561	2452	2971	6466	820	5933	3878	4159	2795	1881	5352	3562	629	3484	4902	886	3593	2505	5706	2445	3329	5545	2274	4648	501	
4971	5525	2264	4064	2914	5188	2555	736	0	4806	1575	4125	5582	5153	5082	5168	3185	5436	3743	2557	5163	440	4924	1300	4092	858	2254	2563	3528	6650	1235	5711	3917	4366	2723	1497	5180	3737	806	3771	5161	1310	3862	2433	5504	3023	3316	5300	2487	4944	752	
901	2648	3175	1447	1897	1170	3121	4753	4806	0	3348	1174	2294	1590	1329	498	2011	2154	1065	2271	1669	4512	1952	3589	2884	3954	2921	2301	3384	2050	3968	2241	890	1093	2123	3564	1615	1333	4159	1783	1428	3918	1649	2396	1987	3561	1506	2175	2526	1624	4278	
3418	3986	851	2491	1472	3624	1157	1406	1575	3348	0	2884	4018	3578	3510	3664	1610	4384	2290	1277	4022	1203	3885	926	2645	759	1546	1047	2230	5102	657	4636	2473	2803	1451	1224	4023	2185	826	2196	3588	630	2287	1179	4396	1822	1938	4275	914	3369	937	
1975	3622	3021	2016	1486	2271	3084	4238	4125	1174	2884	0	3332	2618	2374	1671	2090	1591	981	1620	1163	3913	1163	2833	3412	3321	1987	1951	3692	3189	3541	1807	880	1843	1444	2720	1153	1619	3612	2200	2483	3510	2108	1734	1549	3700	1003	1523	2292	2580	3738	
1394	447	3370	1653	3085	1134	3127	5223	5582	2294	4018	3332	0	715	969	1922	2445	4422	2599	3575	3948	5177	4245	4693	1826	4774	4441	3191	2599	1913	4420	4470	2571	1569	3519	4822	3889	2126	4789	1846	866	4348	1788	3668	4234	3063	3037	4458	3132	783	4873	
690	1061	3033	1098	2486	473	2835	4869	5153	1590	3578	2618	715	0	263	1260	1968	3734	1920	2975	3255	4769	3539	4165	1836	4317	3822	2660	2557	1749	4052	3797	1876	905	2900	4263	3198	1519	4382	1388	178	3984	1291	3077	3554	2940	2379	3763	2667	233	4477	
428	1323	3019	1021	2341	240	2843	4834	5082	1329	3510	2374	969	263	0	1003	1904	3472	1720	2826	2992	4710	3279	4051	1976	4237	3656	2554	2664	1684	4014	3536	1660	746	2739	4130	2935	1385	4325	1356	110	3948	1241	2933	3292	3012	2193	3501	2596	375	4425	
606	2314	3389	1474	2259	794	3293	5061	5168	498	3664	1671	1922	1260	1003	0	2203	2505	1444	2674	2039	4851	2370	3988	2811	4311	3374	2621	3399	1573	4258	2548	1291	1074	2538	3987	1978	1524	4486	1846	1084	4203	1707	2797	2312	3645	1921	2549	2797	1354	4601	
1853	2477	1186	883	869	2032	1110	2937	3185	2011	1610	2090	2445	1968	1904	2203	0	3669	1144	1285	3211	2806	3252	2251	1509	2351	2151	771	1614	3531	2118	3863	1306	1224	1306	2402	3186	685	2421	600	1979	2055	678	1341	3597	1624	1171	3611	699	1762	2521	
3045	4795	4602	3454	3061	3288	4674	5668	5436	2154	4384	1591	4422	3734	3472	2505	3669	0	2534	3109	490	5297	513	4144	4903	4706	3184	3520	5254	3562	5037	283	2394	3179	2937	3948	540	3137	5041	3705	3566	5014	3595	3206	239	5287	2587	164	3873	3778	5168	
1421	2817	2205	1086	832	1707	2210	3695	3743	1065	2290	981	2599	1920	1720	1444	1144	2534	0	1230	2069	3447	2139	2545	2435	2890	1975	1248	2722	2994	2920	2720	186	1031	1099	2548	2043	645	3096	1225	1828	2874	1142	1353	2454	2768	493	2484	1510	1816	3216	
2600	3685	1620	1922	491	2865	1794	2619	2557	2271	1277	1620	3575	2975	2826	2674	1285	3109	1230	0	2746	2307	2613	1318	2776	1723	878	603	2713	4219	1933	3360	1388	2081	176	1324	2748	1458	1994	1803	2925	1907	1817	125	3119	2518	767	3002	957	2816	2120	
2565	4315	4184	2966	2648	2815	4239	5345	5163	1669	4022	1163	3948	3255	2992	2039	3211	490	2069	2746	0	4993	445	3864	4417	4399	2932	3113	4784	3195	4679	652	1922	2689	2571	3696	68	2660	4716	3224	3088	4652	3111	2852	388	4834	2166	510	3455	3293	4843	
4620	5107	1837	3689	2616	4827	2123	455	440	4512	1203	3913	5177	4769	4710	4851	2806	5297	3447	2307	4993	0	4785	1174	3659	594	2152	2231	3088	6305	797	5566	3626	4007	2480	1444	5004	3387	388	3382	4786	873	3479	2187	5346	2583	3047	5169	2115	4556	315	
2852	4590	4135	3127	2595	3120	4222	5159	4924	1952	3885	1163	4245	3539	3279	2370	3252	513	2139	2613	445	4785	0	3632	4554	4195	2672	3047	4856	3612	4535	789	2019	2892	2443	3436	509	2766	4532	3345	3380	4515	3244	2706	615	4857	2133	390	3406	3553	4659	
3872	4722	1768	3071	1744	4120	2068	1593	1300	3589	926	2833	4693	4165	4051	3988	2251	4144	2545	1318	3864	1174	3632	0	3499	619	978	1507	3145	5521	1255	4417	2706	3308	1470	330	3880	2667	1015	2848	4142	1285	2907	1194	4206	2748	2084	4011	1593	3980	1128	
2234	1582	1837	1456	2378	2208	1538	3607	4092	2884	2645	3412	1826	1836	1976	2811	1509	4903	2435	2776	4417	3659	4554	3499	0	3384	3615	2204	774	3571	2864	5049	2537	1792	2812	3724	4378	1792	3288	1211	1971	2788	1311	2815	4783	1263	2628	4876	1953	1620	3344	
4116	4745	1555	3223	2059	4338	1862	981	858	3954	759	3321	4774	4317	4237	4311	2351	4706	2890	1723	4399	594	4195	619	3384	0	1581	1706	2909	5794	734	4974	3065	3515	1894	928	4410	2883	401	2944	4319	787	3028	1601	4753	2450	2473	4579	1652	4113	510	
3392	4562	2205	2791	1360	3671	2450	2561	2254	2921	1546	1987	4441	3822	3656	3374	2151	3184	1975	878	2932	2152	2672	978	3615	1581	0	1411	3464	4945	2095	3460	2096	2919	923	766	2953	2316	1958	2681	3759	2101	2694	810	3259	3185	1482	3046	1697	3674	2080	
2411	3245	1090	1564	466	2640	1220	2452	2563	2301	1047	1951	3191	2660	2554	2621	771	3520	1248	603	3113	2231	3047	1507	2204	1706	1411	0	2110	4088	1673	3752	1433	1820	700	1635	3104	1181	1866	1353	2643	1627	1403	617	3498	1929	953	3431	373	2473	1982	
2861	2348	1380	1943	2419	2884	1076	2971	3528	3384	2230	3692	2599	2557	2664	3399	1614	5254	2722	2713	4784	3088	4856	3145	774	2909	3464	2110	0	4305	2296	5432	2862	2331	2795	3413	4753	2131	2742	1603	2675	2222	1735	2718	5164	533	2782	5206	1774	2331	2777	
1685	2345	4684	2665	3777	1509	4521	6466	6650	2050	5102	3189	1913	1749	1684	1573	3531	3562	2994	4219	3195	6305	3612	5521	3571	5794	4945	4088	4305	0	5648	3490	2854	2307	4092	5541	3128	2917	5927	3023	1647	5585	2899	4340	3329	4685	3481	3662	4198	1979	6034	
3966	4330	1055	2996	2115	4150	1331	820	1235	3968	657	3541	4420	4052	4014	4258	2118	5037	2920	1933	4679	797	4535	1255	2864	734	2095	1673	2296	5648	0	5291	3105	3340	2108	1585	4680	2750	451	2665	4083	76	2773	1831	5052	1799	2589	4925	1463	3832	483	
3113	4857	4828	3594	3289	3340	4889	5933	5711	2241	4636	1807	4470	3797	3536	2548	3863	283	2720	3360	652	5566	789	4417	5049	4974	3460	3752	5432	3490	5291	0	2571	3298	3186	4225	679	3304	5305	3863	3625	5267	3748	3460	267	5486	2810	441	4098	3857	5432	
1329	2815	2387	1140	1010	1623	2385	3878	3917	890	2473	880	2571	1876	1660	1291	1306	2394	186	1388	1922	3626	2019	2706	2537	3065	2096	1433	2862	2854	3105	2571	0	1016	1247	2696	1892	748	3277	1326	1770	3059	1229	1512	2304	2928	629	2353	1695	1793	3398	
629	1798	2393	403	1595	823	2262	4159	4366	1093	2803	1843	1569	905	746	1074	1224	3179	1031	2081	2689	4007	2892	3308	1792	3515	2919	1820	2331	2307	3340	3298	1016	0	1998	3384	2642	641	3626	779	845	3278	641	2187	3037	2573	1475	3175	1894	786	3730	
2493	3649	1757	1871	453	2765	1914	2795	2723	2123	1451	1444	3519	2900	2739	2538	1306	2937	1099	176	2571	2480	2443	1470	2812	1894	923	700	2795	4092	2108	3186	1247	1998	0	1450	2573	1393	2169	1786	2841	2081	1786	293	2945	2628	618	2832	1069	2751	2296	
3921	4879	2047	3180	1792	4181	2340	1881	1497	3564	1224	2720	4822	4263	4130	3987	2402	3948	2548	1324	3696	1444	3436	330	3724	928	766	1635	3413	5541	1585	4225	2696	3384	1450	0	3717	2748	1329	2989	4226	1615	3035	1207	4025	3038	2067	3809	1784	4088	1436	
2508	4258	4170	2925	2638	2756	4221	5352	5180	1615	4023	1153	3889	3198	2935	1978	3186	540	2043	2748	68	5004	509	3880	4378	4410	2953	3104	4753	3128	4680	679	1892	2642	2573	3717	0	2626	4723	3187	3031	4652	3073	2855	412	4810	2154	572	3443	3238	4851	
1234	2278	1867	492	968	1459	1792	3562	3737	1333	2185	1619	2126	1519	1385	1524	685	3137	645	1458	2660	3387	2766	2667	1792	2883	2316	1181	2131	2917	2750	3304	748	641	1393	2748	2626	0	3011	581	1479	2692	498	1559	3037	2245	950	3099	1289	1359	3119	
4242	4723	1458	3304	2268	4445	1750	629	806	4159	826	3612	4789	4382	4325	4486	2421	5041	3096	1994	4716	388	4532	1015	3288	401	1958	1866	2742	5927	451	5305	3277	3626	2169	1329	4723	3011	0	2995	4400	523	3093	1878	5078	2249	2714	4919	1732	4168	127	
1388	1895	1664	377	1333	1515	1501	3484	3771	1783	2196	2200	1846	1388	1356	1846	600	3705	1225	1803	3224	3382	3345	2848	1211	2944	2681	1353	1603	3023	2665	3863	1326	779	1786	2989	3187	581	2995	0	1419	2598	139	1878	3596	1800	1467	3673	1293	1174	3089	
528	1232	3079	1097	2439	295	2895	4902	5161	1428	3588	2483	866	178	110	1084	1979	3566	1828	2925	3088	4786	3380	4142	1971	4319	3759	2643	2675	1647	4083	3625	1770	845	2841	4226	3031	1479	4400	1419	0	4016	1310	3031	3383	3039	2299	3597	2674	352	4498	
3905	4256	982	2931	2075	4086	1256	886	1310	3918	630	3510	4348	3984	3948	4203	2055	5014	2874	1907	4652	873	4515	1285	2788	787	2101	1627	2222	5585	76	5267	3059	3278	2081	1615	4652	2692	523	2598	4016	0	2707	1809	5026	1727	2551	4904	1406	3763	558	
1254	1869	1785	241	1336	1391	1631	3593	3862	1649	2287	2108	1788	1291	1241	1707	678	3595	1142	1817	3111	3479	3244	2907	1311	3028	2694	1403	1735	2899	2773	3748	1229	641	1786	3035	3073	498	3093	139	1310	2707	0	1899	3481	1939	1424	3566	1377	1085	3190	
2714	3767	1576	2015	592	2976	1769	2505	2433	2396	1179	1734	3668	3077	2933	2797	1341	3206	1353	125	2852	2187	2706	1194	2815	1601	810	617	2718	4340	1831	3460	1512	2187	293	1207	2855	1559	1878	1878	3031	1809	1899	0	3222	2499	891	3096	948	2914	2005	
2867	4615	4571	3329	3034	3101	4627	5706	5504	1987	4396	1549	4234	3554	3292	2312	3597	239	2454	3119	388	5346	615	4206	4783	4753	3259	3498	5164	3329	5052	267	2304	3037	2945	4025	412	3037	5078	3596	3383	5026	3481	3222	0	5220	2552	378	3842	3607	5205	
3153	2845	997	2171	2311	3218	737	2445	3023	3561	1822	3700	3063	2940	3012	3645	1624	5287	2768	2518	4834	2583	4857	2748	1263	2450	3185	1929	533	4685	1799	5486	2928	2573	2628	3038	4810	2245	2249	1800	3039	1727	1939	2499	5220	0	2733	5224	1561	2708	2275	
1911	3219	2018	1440	487	2194	2090	3329	3316	1506	1938	1003	3037	2379	2193	1921	1171	2587	493	767	2166	3047	2133	2084	2628	2473	1482	953	2782	3481	2589	2810	629	1475	618	2067	2154	950	2714	1467	2299	2551	1424	891	2552	2733	0	2509	1289	2255	2838	
3073	4822	4517	3435	2976	3325	4599	5545	5300	2175	4275	1523	4458	3763	3501	2549	3611	164	2484	3002	510	5169	390	4011	4876	4579	3046	3431	5206	3662	4925	441	2353	3175	2832	3809	572	3099	4919	3673	3597	4904	3566	3096	378	5224	2509	0	3788	3797	5046	
2513	3135	730	1577	812	2713	847	2274	2487	2526	914	2292	3132	2667	2596	2797	699	3873	1510	957	3455	2115	3406	1593	1953	1652	1697	373	1774	4198	1463	4098	1695	1894	1069	1784	3443	1289	1732	1293	2674	1406	1377	948	3842	1561	1289	3788	0	2461	1837	
753	1044	2808	909	2325	615	2606	4648	4944	1624	3369	2580	783	233	375	1354	1762	3778	1816	2816	3293	4556	3553	3980	1620	4113	3674	2473	2331	1979	3832	3857	1793	786	2751	4088	3238	1359	4168	1174	352	3763	1085	2914	3607	2708	2255	3797	2461	0	4262	
4349	4797	1524	3404	2389	4548	1809	501	752	4278	937	3738	4873	4477	4425	4601	2521	5168	3216	2120	4843	315	4659	1128	3344	510	2080	1982	2777	6034	483	5432	3398	3730	2296	1436	4851	3119	127	3089	4498	558	3190	2005	5205	2275	2838	5046	1837	4262	0	


0	 CF142PG 	 0 	 0 	 540  	 1080  	 0  	 0 

1	 CF52SP 	 1 	 3 	 720  	 960  	 9  	 4 
2	 CF146RN	 0 	 6 	 540  	 780  	 10  	 5 
3	 CF141DB 	 1 	 6 	 540  	 780  	 10  	 5 
4	 CF144NT 	 0 	 25 	 600  	 840  	 5  	 2 
5	 CF142JE 	 0 	 8 	 660  	 900  	 10  	 5 
6	 CF146SD 	 0 	 6 	 660  	 900  	 9  	 4 
7	 CF149HL 	 1 	 5 	 600  	 840  	 5  	 2 
8	 CF149HH  	1 	 4 	 540  	 780  	 7  	 3 
9	 CF142RW	 1 	 5 	 720  	 960  	 8  	 4 
10	 CF145JN 	 1 	 2 	 600  	 840  	 7  	 3 
11	 CF144XN  	1 	 3 	 660  	 900  	 6  	 3 
12	 CF52RS 	 1 	 1 	 540  	 780  	 6  	 3 
13	 CF142HA	 0 	 15 	 540  	 780  	 10  	 5 
14	 CF142LX 	 1 	 5 	 660  	 900  	 5  	 2 
15	 CF142QW 	1 	 9 	 720  	 960  	 7  	 3 
16	 CF146BW	 1 	 9 	 660  	 900  	 6  	 3 
17	 CF244EH 	 1 	 5 	 600  	 840  	 9  	 4 
18	 CF141UR 	 1 	 9 	 600  	 840  	 7  	 3 
19	 CF144HY 	 1 	 9 	 600  	 840  	 8  	 4 
20	 CF143JS 	 1 	 7 	 720  	 960  	 8  	 4 
21	 CF149EN 	 1 	 1 	 540  	 780  	 10  	 5 
22	 CF244QF 	 1 	 6 	 600  	 840  	 7  	 3 
23	 CF145YL 	 1 	 8 	 660  	 900  	 6  	 3 
24	 CF147DX 	 1 	 4 	 600  	 840  	 5  	 2 
25	 CF149DQ  	1 	 1 	 660  	 900  	 5  	 2 
26	 CF145QG	 1 	 1 	 600  	 840  	 7  	 3 
27	 CF144SW  	1 	 9 	 600  	 840  	 8  	 4 
28	 CF147HJ 	 1 	 7 	 540  	 780  	 10  	 5 
29	 CF52BL 	 1 	 9 	 720  	 960  	 10  	 5 
30	 CF149AG  	1 	 2 	 540  	 780  	 10  	 5 
31	 CF244ED 	 1 	 8 	 540  	 780  	 10  	 5 
32	 CF141RG 	 1 	 10 	 660  	 900  	 6  	 3 
33	 CF141NQ 	1 	 5 	 600  	 840  	 6  	 3 
34	 CF144HE 	 1 	 1 	 600  	 840  	 9  	 4 
35	 CF145RD 	 1 	 8 	 600  	 840  	 6  	 3 
36	 CF244JZ 	 1 	 5 	 720  	 960  	 6  	 3 
37	 CF141QG	 0 	 4 	 540  	 780  	 10  	 5 
38	 CF149HT 	 1 	 3 	 600  	 840  	 6  	 3 
39	 CF141AF 	 1 	 6 	 720  	 960  	 5  	 2 
40	 CF142LZ 	 1 	 8 	 540  	 780  	 6  	 3 
41	 CF149AF 	 1 	 10 	 660  	 900  	 6  	 3 
42	 CF141LG 	 1 	 8 	 720  	 960  	 5  	 2 
43	 CF143WE  	1 	 3 	 600  	 840  	 9  	 4 
44	 CF244ET 	 1 	 6 	 660  	 900  	 5  	 2 
45	 CF147TT 	 1 	 8 	 720  	 960  	 5  	 2 
46	 CF144NU 	1 	 8 	 720  	 960  	 5  	 2 
47	 CF244PE 	 1 	 4 	 660  	 900  	 9  	 4 
48	 CF146NE 	 1 	 1 	 720  	 960  	 7  	 3 
49	 CF142FE 	 1 	 7 	 600  	 840  	 10  	 5 
50	 CF149HU  	1 	 1 	 600  	 840  	 5  	 2 
