50

1200
32
10
500

0	1662	2208	2976	3771	3087	5611	1395	1710	316	4285	3785	4334	3908	4079	4192	5122	2864	3183	3724	3631	5210	908	4105	2583	2277	2394	2358	3380	1423	3220	555	2488	600	1139	4196	4338	3948	436	3610	6204	2484	4361	3765	5519	2192	5994	1458	4352	4014	3343	
1662	0	1582	3523	4536	1565	4175	2624	57	1673	2725	3536	2805	3584	2821	2555	3791	1262	2060	2158	3032	3913	996	3506	1095	1563	1899	1534	2049	521	2357	1955	1005	1697	857	2812	2960	2786	1321	4034	4949	1086	3228	2357	4296	1884	4796	281	3557	3065	3752	
2208	1582	0	2259	3322	1582	3615	2225	1619	1980	2606	1954	2579	2005	1993	2793	3041	1666	1088	2151	1512	3099	1351	1998	1259	112	320	256	1461	1169	1013	2068	1224	1769	2191	2224	2348	1806	1783	2640	4048	1069	2188	1880	3358	419	3816	1402	2166	1807	2373	
2976	3523	2259	0	1063	3823	5322	1784	3576	2664	4711	1712	4638	1901	3759	4997	4651	3925	3058	4337	2269	4629	2703	2490	3516	2356	2019	2491	3539	3003	2610	2459	3475	2392	3723	4128	4210	3481	2791	647	5319	3326	3664	3921	4689	1841	5009	3257	2991	3092	424	
3771	4536	3322	1063	0	4883	6252	2419	4591	3476	5743	2464	5661	2642	4740	6049	5570	4987	4091	5387	3170	5529	3659	3287	4578	3419	3079	3553	4578	4016	3617	3221	4536	3231	4650	5127	5199	4454	3668	936	6123	4388	4588	4949	5533	2903	5800	4264	3810	4011	1073	
3087	1565	1582	3823	4883	0	2611	3633	1545	2994	1198	3086	1253	3050	1402	1227	2265	395	1024	645	2330	2404	2218	2699	504	1477	1804	1337	677	1664	1559	3207	599	2901	2419	1284	1429	1477	2673	4137	3442	629	1892	833	2822	1995	3326	1665	2534	1955	3888	
5611	4175	3615	5322	6252	2611	0	5836	4156	5464	1564	3836	1423	3682	1634	2062	685	2953	2527	2077	3082	767	4707	3036	3089	3511	3628	3384	2234	4207	2783	5622	3183	5311	5030	1418	1280	1875	5179	5334	1186	3147	1664	1847	1046	3895	1311	4254	2527	2241	5181	
1395	2624	2225	1784	2419	3633	5836	0	2681	1137	4774	3065	4770	3229	4205	4850	5242	3548	3311	4265	3220	5283	1628	3625	3171	2333	2223	2468	3673	2169	3113	842	3091	966	2428	4449	4574	3994	1420	2429	6175	3010	4331	4092	5490	1957	5911	2350	4010	3851	2198	
1710	57	1619	3576	4591	1545	4156	2681	0	1726	2697	3572	2781	3618	2818	2517	3780	1232	2068	2131	3059	3904	1053	3531	1083	1597	1937	1563	2044	575	2377	2009	995	1753	875	2800	2947	2788	1374	4085	4941	1084	3230	2344	4291	1927	4791	338	3575	3077	3803	
316	1673	1980	2664	3476	2994	5464	1137	1726	0	4190	3486	4227	3613	3902	4141	4951	2806	2996	3638	3363	5030	776	3832	2493	2058	2141	2151	3230	1344	2991	311	2400	285	1305	4046	4186	3754	352	3296	6010	2375	4157	3628	5322	1925	5789	1434	4098	3784	3028	
4285	2725	2606	4711	5743	1198	1564	4774	2697	4190	0	3607	187	3512	1220	601	1472	1465	1653	567	2779	1652	3415	2984	1702	2495	2744	2350	1175	2862	2143	4397	1797	4089	3563	803	851	1487	3871	4908	2606	1817	1685	796	2123	2983	2589	2853	2622	2080	4692	
3785	3536	1954	1712	2464	3086	3836	3065	3572	3486	3607	0	3484	189	2454	4045	3152	3345	2086	3401	829	3093	3120	824	3000	1980	1638	2039	2558	3101	1539	3418	3006	3208	4087	2877	2915	2162	3437	1528	3662	2834	2194	2831	3071	1704	3342	3346	1348	1628	1435	
4334	2805	2579	4638	5661	1253	1423	4770	2781	4227	187	3484	0	3383	1066	787	1290	1554	1583	660	2655	1469	3453	2840	1755	2467	2696	2324	1124	2911	2049	4423	1850	4114	3652	640	674	1343	3915	4813	2435	1853	1515	718	1940	2942	2410	2919	2463	1931	4603	
3908	3584	2005	1901	2642	3050	3682	3229	3618	3613	3512	189	3383	0	2340	3968	2998	3326	2036	3332	741	2933	3215	653	2994	2021	1696	2068	2495	3165	1492	3556	3006	3337	4165	2766	2797	2050	3549	1705	3482	2835	2052	2747	2898	1789	3160	3405	1177	1497	1620	
4079	2821	1993	3759	4740	1402	1634	4205	2818	3902	1220	2454	1066	2340	0	1763	1052	1797	911	1253	1631	1131	3172	1776	1748	1892	1993	1773	776	2730	1165	4034	1829	3726	3665	430	463	293	3643	3855	2143	1736	519	625	1476	2260	1975	2832	1403	866	3668	
4192	2555	2793	4997	6049	1227	2062	4850	2517	4141	601	4045	787	3968	1763	0	2060	1335	1994	664	3227	2242	3373	3483	1682	2684	2985	2541	1503	2797	2527	4378	1766	4079	3345	1372	1440	2004	3803	5257	3165	1841	2254	1227	2714	3198	3170	2734	3160	2597	5023	
5122	3791	3041	4651	5570	2265	685	5242	3780	4951	1472	3152	1290	2998	1052	2060	0	2643	1964	1855	2401	185	4215	2353	2697	2942	3021	2825	1761	3753	2150	5086	2786	4779	4646	983	836	1250	4687	4651	1182	2720	987	1438	655	3288	1120	3833	1848	1562	4501	
2864	1262	1666	3925	4987	395	2953	3548	1232	2806	1465	3345	1554	3326	1797	1335	2643	0	1346	900	2627	2787	2039	3023	411	1573	1933	1448	1061	1462	1851	3045	469	2748	2099	1666	1810	1865	2470	4291	3824	600	2285	1222	3212	2085	3715	1410	2893	2321	4030	
3183	2060	1088	3058	4091	1024	2527	3311	2068	2996	1653	2086	1583	2036	911	1994	1964	1346	0	1334	1308	2035	2279	1679	1108	984	1134	862	493	1879	548	3123	1159	2816	2867	1146	1264	768	2747	3270	3021	1014	1197	865	2338	1393	2820	2017	1567	1023	3045	
3724	2158	2151	4337	5387	645	2077	4265	2131	3638	567	3401	660	3332	1253	664	1855	900	1334	0	2592	2018	2862	2878	1145	2041	2330	1896	846	2303	1873	3852	1238	3546	2999	951	1069	1446	3314	4594	3031	1273	1770	642	2474	2549	2966	2288	2600	2021	4360	
3631	3032	1512	2269	3170	2330	3082	3220	3059	3363	2779	829	2655	741	1631	3227	2401	2627	1308	2592	0	2367	2837	485	2321	1494	1253	1500	1756	2672	776	3369	2344	3109	3701	2050	2093	1338	3232	2256	3072	2176	1419	2007	2425	1439	2774	2890	792	841	2100	
5210	3913	3099	4629	5529	2404	767	5283	3904	5030	1652	3093	1469	2933	1131	2242	185	2787	2035	2018	2367	0	4303	2283	2821	3003	3060	2891	1871	3855	2176	5156	2909	4850	4766	1121	978	1294	4774	4604	1039	2835	977	1572	472	3327	949	3945	1767	1538	4464	
908	996	1351	2703	3659	2218	4707	1628	1053	776	3415	3120	3453	3215	3172	3373	4215	2039	2279	2862	2837	4303	0	3320	1718	1406	1584	1471	2475	580	2351	1007	1626	720	1032	3291	3433	3046	473	3277	5300	1600	3464	2865	4617	1431	5095	724	3517	3141	2995	
4105	3506	1998	2490	3287	2699	3036	3625	3531	3832	2984	824	2840	653	1776	3483	2353	3023	1679	2878	485	2283	3320	0	2745	1978	1737	1978	2076	3155	1191	3826	2777	3573	4185	2206	2218	1498	3710	2352	2844	2612	1430	2257	2247	1913	2526	3370	524	910	2248	
2583	1095	1259	3516	4578	504	3089	3171	1083	2493	1702	3000	1755	2994	1748	1682	2697	411	1108	1145	2321	2821	1718	2745	0	1169	1534	1048	972	1160	1556	2712	96	2408	1952	1717	1865	1750	2170	3891	3859	190	2189	1262	3214	1677	3716	1169	2675	2126	3628	
2277	1563	112	2356	3419	1477	3511	2333	1597	2058	2495	1980	2467	2021	1892	2684	2942	1573	984	2041	1494	3003	1406	1978	1169	0	375	145	1350	1178	946	2157	1139	1855	2207	2116	2242	1712	1849	2723	3960	980	2102	1769	3270	519	3733	1400	2120	1739	2459	
2394	1899	320	2019	3079	1804	3628	2223	1937	2141	2744	1638	2696	1696	1993	2985	3021	1933	1134	2330	1253	3060	1584	1737	1534	375	0	486	1572	1470	896	2187	1509	1904	2479	2277	2389	1771	1985	2357	3967	1346	2113	1981	3279	268	3717	1710	1959	1669	2097	
2358	1534	256	2491	3553	1337	3384	2468	1563	2151	2350	2039	2324	2068	1773	2541	2825	1448	862	1896	1500	2891	1471	1978	1048	145	486	0	1209	1188	889	2264	1025	1959	2220	1984	2111	1605	1926	2844	3859	861	2006	1629	3171	659	3639	1393	2085	1672	2583	
3380	2049	1461	3539	4578	677	2234	3673	2044	3230	1175	2558	1124	2495	776	1503	1761	1061	493	846	1756	1871	2475	2076	972	1350	1572	1209	0	1993	1027	3394	1053	3083	2898	816	958	805	2947	3763	2902	966	1232	420	2247	1817	2748	2074	1869	1286	3536	
1423	521	1169	3003	4016	1664	4207	2169	575	1344	2862	3101	2911	3165	2730	2797	3753	1462	1879	2303	2672	3855	580	3155	1160	1178	1470	1188	1993	0	2067	1587	1065	1298	1033	2801	2946	2642	1012	3520	4873	1064	3076	2360	4200	1413	4690	260	3270	2827	3238	
3220	2357	1013	2610	3617	1559	2783	3113	2377	2991	2143	1539	2049	1492	1165	2527	2150	1851	548	1873	776	2176	2351	1191	1556	946	896	889	1027	2067	0	3065	1586	2773	3096	1518	1604	908	2794	2766	3071	1421	1218	1347	2383	1159	2823	2255	1205	794	2555	
555	1955	2068	2459	3221	3207	5622	842	2009	311	4397	3418	4423	3556	4034	4378	5086	3045	3123	3852	3369	5156	1007	3826	2712	2157	2187	2264	3394	1587	3065	0	2622	311	1616	4205	4342	3868	646	3100	6116	2581	4257	3800	5426	1951	5883	1704	4127	3852	2841	
2488	1005	1224	3475	4536	599	3183	3091	995	2400	1797	3006	1850	3006	1829	1766	2786	469	1159	1238	2344	2909	1626	2777	96	1139	1509	1025	1053	1065	1586	2622	0	2319	1861	1808	1956	1822	2076	3862	3946	172	2263	1354	3298	1638	3800	1074	2723	2181	3596	
600	1697	1769	2392	3231	2901	5311	966	1753	285	4089	3208	4114	3337	3726	4079	4779	2748	2816	3546	3109	4850	720	3573	2408	1855	1904	1959	3083	1298	2773	311	2319	0	1470	3895	4032	3564	458	3019	5815	2274	3956	3489	5126	1677	5586	1435	3855	3563	2750	
1139	857	2191	3723	4650	2419	5030	2428	875	1305	3563	4087	3652	4165	3665	3345	4646	2099	2867	2999	3701	4766	1032	4185	1952	2207	2479	2220	2898	1033	3096	1616	1861	1470	0	3669	3816	3613	1012	4307	5800	1932	4053	3214	5142	2383	5640	851	4300	3845	4025	
4196	2812	2224	4128	5127	1284	1418	4449	2800	4046	803	2877	640	2766	430	1372	983	1666	1146	951	2050	1121	3291	2206	1717	2116	2277	1984	816	2801	1518	4205	1808	3895	3669	0	148	717	3763	4254	2159	1752	885	456	1552	2538	2053	2865	1822	1296	4059	
4338	2960	2348	4210	5199	1429	1280	4574	2947	4186	851	2915	674	2797	463	1440	836	1810	1264	1069	2093	978	3433	2218	1865	2242	2389	2111	958	2946	1604	4342	1956	4032	3816	148	0	756	3905	4317	2014	1899	846	603	1416	2652	1915	3012	1809	1309	4128	
3948	2786	1806	3481	4454	1477	1875	3994	2788	3754	1487	2162	1343	2050	293	2004	1250	1865	768	1446	1338	1294	3046	1498	1750	1712	1771	1605	805	2642	908	3868	1822	3564	3613	717	756	0	3512	3565	2257	1706	442	804	1571	2039	2052	2767	1159	595	3381	
436	1321	1783	2791	3668	2673	5179	1420	1374	352	3871	3437	3915	3549	3643	3803	4687	2470	2747	3314	3232	4774	473	3710	2170	1849	1985	1926	2947	1012	2794	646	2076	458	1012	3763	3905	3512	0	3404	5768	2062	3926	3335	5083	1799	5559	1085	3939	3587	3128	
3610	4034	2640	647	936	4137	5334	2429	4085	3296	4908	1528	4813	1705	3855	5257	4651	4291	3270	4594	2256	4604	3277	2352	3891	2723	2357	2844	3763	3520	2766	3100	3862	3019	4307	4254	4317	3565	3404	0	5187	3702	3674	4112	4598	2235	4864	3779	2875	3097	283	
6204	4949	4048	5319	6123	3442	1186	6175	4941	6010	2606	3662	2435	3482	2143	3165	1182	3824	3021	3031	3072	1039	5300	2844	3859	3960	3967	3859	2902	4873	3071	6116	3946	5815	5800	2159	2014	2257	5768	5187	0	3868	1860	2611	690	4229	334	4973	2330	2329	5092	
2484	1086	1069	3326	4388	629	3147	3010	1084	2375	1817	2834	1853	2835	1736	1841	2720	600	1014	1273	2176	2835	1600	2612	190	980	1346	861	966	1064	1421	2581	172	2274	1932	1752	1899	1706	2062	3702	3868	0	2148	1303	3211	1486	3710	1114	2570	2037	3439	
4361	3228	2188	3664	4588	1892	1664	4331	3230	4157	1685	2194	1515	2052	519	2254	987	2285	1197	1770	1419	977	3464	1430	2189	2102	2113	2006	1232	3076	1218	4257	2263	3956	4053	885	846	442	3926	3674	1860	2148	0	1143	1171	2377	1633	3207	977	578	3517	
3765	2357	1880	3921	4949	833	1847	4092	2344	3628	796	2831	718	2747	625	1227	1438	1222	865	642	2007	1572	2865	2257	1262	1769	1981	1629	420	2360	1347	3800	1354	3489	3214	456	603	804	3335	4112	2611	1303	1143	0	1990	2231	2493	2415	1960	1384	3896	
5519	4296	3358	4689	5533	2822	1046	5490	4291	5322	2123	3071	1940	2898	1476	2714	655	3212	2338	2474	2425	472	4617	2247	3214	3270	3279	3171	2247	4200	2383	5426	3298	5126	5142	1552	1416	1571	5083	4598	690	3211	1171	1990	0	3541	504	4308	1723	1653	4484	
2192	1884	419	1841	2903	1995	3895	1957	1927	1925	2983	1704	2942	1789	2260	3198	3288	2085	1393	2549	1439	3327	1431	1913	1677	519	268	659	1817	1413	1159	1951	1638	1677	2383	2538	2652	2039	1799	2235	4229	1486	2377	2231	3541	0	3975	1666	2178	1921	1964	
5994	4796	3816	5009	5800	3326	1311	5911	4791	5789	2589	3342	2410	3160	1975	3170	1120	3715	2820	2966	2774	949	5095	2526	3716	3733	3717	3639	2748	4690	2823	5883	3800	5586	5640	2053	1915	2052	5559	4864	334	3710	1633	2493	504	3975	0	4803	2018	2060	4774	
1458	281	1402	3257	4264	1665	4254	2350	338	1434	2853	3346	2919	3405	2832	2734	3833	1410	2017	2288	2890	3945	724	3370	1169	1400	1710	1393	2074	260	2255	1704	1074	1435	851	2865	3012	2767	1085	3779	4973	1114	3207	2415	4308	1666	4803	0	3460	2996	3496	
4352	3557	2166	2991	3810	2534	2527	4010	3575	4098	2622	1348	2463	1177	1403	3160	1848	2893	1567	2600	792	1767	3517	524	2675	2120	1959	2085	1869	3270	1205	4127	2723	3855	4300	1822	1809	1159	3939	2875	2330	2570	977	1960	1723	2178	2018	3460	0	585	2765	
4014	3065	1807	3092	4011	1955	2241	3851	3077	3784	2080	1628	1931	1497	866	2597	1562	2321	1023	2021	841	1538	3141	910	2126	1739	1669	1672	1286	2827	794	3852	2181	3563	3845	1296	1309	595	3587	3097	2329	2037	578	1384	1653	1921	2060	2996	585	0	2939	
3343	3752	2373	424	1073	3888	5181	2198	3803	3028	4692	1435	4603	1620	3668	5023	4501	4030	3045	4360	2100	4464	2995	2248	3628	2459	2097	2583	3536	3238	2555	2841	3596	2750	4025	4059	4128	3381	3128	283	5092	3439	3517	3896	4484	1964	4774	3496	2765	2939	0	


0	 CF52HL 	 0 	 0 	 540  	 1080  	 0  	 0 

1	 CF142FT 	 1 	 10 	 660  	 900  	 8  	 4 
2	 CF141HB 	 1 	 1 	 720  	 960  	 9  	 4 
3	 CF244JX 	 1 	 10 	 660  	 900  	 5  	 2 
4	 CF244AP 	 0 	 20 	 600  	 840  	 8  	 4 
5	 CF141BJ 	 1 	 5 	 660  	 900  	 9  	 4 
6	 CF149FN 	 1 	 1 	 600  	 840  	 8  	 4 
7	 CF52AD 	 1 	 5 	 720  	 960  	 8  	 4 
8	 CF142FS 	 1 	 10 	 540  	 780  	 6  	 3 
9	 CF52LH 	 1 	 2 	 660  	 900  	 8  	 4 
10	 CF146TT 	 1 	 6 	 660  	 900  	 7  	 3 
11	 CF143PL 	 1 	 6 	 660  	 900  	 8  	 4 
12	 CF146SB 	 1 	 2 	 540  	 780  	 5  	 2 
13	 CF143QL 	 1 	 8 	 660  	 900  	 9  	 4 
14	 CF146PA 	 1 	 5 	 660  	 900  	 7  	 3 
15	 CF147HQ	 1 	 5 	 540  	 780  	 6  	 3 
16	 CF149BD 	 1 	 7 	 660  	 900  	 8  	 4 
17	 CF147BD 	 1 	 4 	 720  	 960  	 8  	 4 
18	 CF141UU	 1 	 8 	 720  	 960  	 7  	 3 
19	 CF146HW 	1 	 8 	 660  	 900  	 9  	 4 
20	 CF144BR 	 1 	 2 	 720  	 960  	 8  	 4 
21	 CF149AS 	 1 	 1 	 720  	 960  	 9  	 4 
22	 CF142JG 	 1 	 3 	 600  	 840  	 7  	 3 
23	 CF144GH	 1 	 8 	 540  	 780  	 7  	 3 
24	 CF141AT 	 1 	 4 	 720  	 960  	 10  	 5 
25	 CF141DX 	 1 	 4 	 600  	 840  	 8  	 4 
26	 CF141HT 	 1 	 4 	 660  	 900  	 7  	 3 
27	 CF141QL 	 1 	 2 	 540  	 780  	 6  	 3 
28	 CF146EP 	 1 	 6 	 600  	 840  	 6  	 3 
29	 CF142LH 	 1 	 10 	 540  	 780  	 9  	 4 
30	 CF144QE 	 1 	 4 	 600  	 840  	 9  	 4 
31	 CF52BT 	 1 	 8 	 720  	 960  	 9  	 4 
32	 CF142AD	 1 	 3 	 540  	 780  	 10  	 5 
33	 CF52EF 	 1 	 4 	 720  	 960  	 5  	 2 
34	 CF52QP 	 1 	 6 	 660  	 900  	 8  	 4 
35	 CF146LN 	 1 	 8 	 600  	 840  	 7  	 3 
36	 CF146RE 	 1 	 1 	 720  	 960  	 5  	 2 
37	 CF145ES 	 1 	 3 	 600  	 840  	 6  	 3 
38	 CF52XJ 	 1 	 9 	 720  	 960  	 9  	 4 
39	 CF244PE 	 1 	 7 	 540  	 780  	 9  	 4 
40	 CF149DS 	 1 	 5 	 600  	 840  	 6  	 3 
41	 CF142AF 	 0 	 24 	 660  	 900  	 9  	 4 
42	 CF145ZL 	 1 	 6 	 720  	 960  	 8  	 4 
43	 CF146JN 	 1 	 7 	 540  	 780  	 9  	 4 
44	 CF149BJ 	 1 	 5 	 540  	 780  	 10  	 5 
45	 CF141HZ 	 1 	 6 	 720  	 960  	 8  	 4 
46	 CF149DH	 1 	 9 	 720  	 960  	 9  	 4 
47	 CF142FD 	 1 	 8 	 720  	 960  	 7  	 3 
48	 CF145LF 	 1 	 2 	 600  	 840  	 8  	 4 
49	 CF148FA 	 1 	 2 	 660  	 900  	 5  	 2 
50	 CF244QJ 	 0 	 6 	 720  	 960  	 8  	 4 
