50

1200
32
10
500

0	3847	3853	3302	3938	626	2898	1672	3891	4029	3914	3927	2245	2328	2445	5364	3960	4348	2946	5652	5176	1045	3636	5637	2673	2027	3666	2231	4029	4405	416	984	1207	5221	547	1832	3081	1651	3241	5917	2895	1829	364	4219	3196	967	4040	2071	3064	3141	2843	
3847	0	3716	5691	4444	3242	5160	4466	5441	3509	4650	2978	4548	3404	3734	5076	380	5354	2192	5610	5391	2813	3177	5443	4195	3234	4284	3263	3509	4292	3477	3198	2781	5484	3334	4500	5134	3686	3530	6000	5067	3262	3483	2984	3602	2917	258	3447	4982	2964	3139	
3853	3716	0	2927	811	3702	2534	2861	2112	378	1075	862	2393	1536	1525	1603	4085	1747	1629	2036	1711	3534	539	1937	1626	1825	793	1622	378	641	3828	4149	3856	1797	3442	2743	2334	2288	617	2395	2412	2023	3685	1089	681	3662	3962	1802	2149	889	1039	
3302	5691	2927	0	2298	3648	532	1641	1152	3302	2054	3667	1211	2297	1978	3587	5982	1886	3628	3546	3036	3821	3223	3667	1544	2463	2168	2431	3302	3006	3589	4171	4165	3019	3312	1498	611	2125	2570	3620	626	2467	3431	3961	2466	3865	5946	2248	796	3045	2716	
3938	4444	811	2298	0	3915	1997	2647	1345	1163	275	1673	2073	1670	1493	1485	4804	940	2279	1714	1249	3832	1313	1713	1347	2006	272	1812	1163	710	3999	4410	4179	1305	3615	2498	1756	2289	960	1992	1882	2180	3841	1889	924	3945	4695	1895	1585	1493	1443	
626	3242	3702	3648	3915	0	3192	2013	4079	3824	3936	3642	2497	2248	2444	5272	3342	4448	2573	5612	5164	429	3408	5571	2762	1917	3646	2118	3824	4297	236	533	599	5219	340	2149	3336	1722	3113	5907	3167	1736	279	3913	3088	340	3428	2023	3285	2908	2664	
2898	5160	2534	532	1997	3192	0	1228	1137	2899	1788	3222	707	1770	1457	3394	5450	1808	3111	3434	2916	3337	2776	3524	1041	1931	1822	1901	2899	2703	3154	3722	3687	2916	2853	1067	270	1609	2116	3565	122	1937	2991	3526	2012	3390	5415	1716	414	2558	2216	
1672	4466	2861	1641	2647	2013	1228	0	2273	3155	2539	3283	629	1481	1352	4132	4701	2822	2733	4306	3798	2222	2874	4343	1302	1405	2394	1512	3155	3261	1948	2532	2551	3823	1681	170	1425	820	2277	4512	1233	1285	1790	3605	2192	2250	4708	1258	1436	2477	2099	
3891	5441	2112	1152	1345	4079	1137	2273	0	2485	1071	2950	1655	2142	1821	2462	5774	736	3258	2394	1887	4138	2537	2521	1380	2428	1324	2306	2485	2009	4085	4611	4498	1867	3742	2103	879	2367	1971	2474	1078	2522	3919	3200	1880	4217	5699	2230	837	2531	2303	
4029	3509	378	3302	1163	3824	2899	3155	2485	0	1435	552	2721	1759	1804	1632	3885	2084	1541	2128	1882	3618	432	1991	1961	2013	1169	1817	0	785	3969	4243	3922	1976	3587	3047	2706	2527	878	2509	2778	2212	3834	726	966	3752	3747	2025	2520	921	1186	
3914	4650	1075	2054	275	3936	1788	2539	1071	1435	0	1935	1940	1715	1493	1625	5005	706	2469	1770	1271	3882	1558	1806	1263	2051	369	1868	1435	957	4003	4442	4235	1309	3624	2382	1536	2264	1128	2005	1678	2211	3843	2159	1072	3989	4903	1915	1374	1686	1584	
3927	2978	862	3667	1673	3642	3222	3283	2950	552	1935	0	2934	1811	1952	2112	3355	2609	1161	2635	2424	3385	445	2478	2216	1991	1628	1820	552	1333	3811	4015	3660	2519	3443	3197	3058	2566	1106	3023	3101	2180	3690	323	1210	3524	3212	2061	2871	821	1189	
2245	4548	2393	1211	2073	2497	707	629	1655	2721	1940	2934	0	1248	999	3553	4820	2194	2601	3699	3187	2631	2501	3746	770	1322	1834	1344	2721	2723	2471	3028	2982	3208	2157	461	842	915	1858	3893	670	1289	2307	3254	1761	2685	4799	1118	821	2177	1804	
2328	3404	1536	2297	1670	2248	1770	1481	2142	1759	1715	1811	1248	0	333	3043	3709	2306	1357	3364	2918	2168	1423	3330	799	337	1403	165	1759	2078	2344	2740	2520	2975	1957	1413	1730	770	919	3660	1671	514	2191	2133	869	2277	3661	267	1579	998	622	
2445	3734	1525	1978	1493	2444	1457	1352	1821	1804	1493	1952	999	333	0	2931	4041	2034	1654	3207	2737	2409	1530	3194	465	611	1221	490	1804	1994	2513	2954	2767	2786	2132	1252	1402	802	927	3480	1353	736	2353	2274	846	2509	3991	434	1248	1179	805	
5364	5076	1603	3587	1485	5272	3394	4132	2462	1632	1625	2112	3553	3043	2931	0	5455	1746	3171	561	691	5127	2048	367	2832	3363	1743	3159	1632	977	5383	5736	5454	771	4995	3983	3132	3733	2160	953	3289	3554	5232	2100	2185	5253	5302	3295	2984	2484	2630	
3960	380	4085	5982	4804	3342	5450	4701	5774	3885	5005	3355	4820	3709	4041	5455	0	5708	2540	5989	5766	2916	3547	5822	4505	3519	4638	3562	3885	4666	3574	3238	2838	5858	3469	4745	5436	3941	3881	6378	5361	3532	3597	3363	3950	3007	213	3734	5288	3318	3477	
4348	5354	1747	1886	940	4448	1808	2822	736	2084	706	2609	2194	2306	2034	1746	5708	0	3170	1659	1152	4441	2253	1786	1688	2632	1070	2468	2084	1453	4488	4969	4799	1133	4122	2654	1538	2732	1828	1759	1726	2769	4324	2808	1764	4537	5608	2467	1439	2390	2266	
2946	2192	1629	3628	2279	2573	3111	2733	3258	1541	2469	1161	2601	1357	1654	3171	2540	3170	0	3649	3340	2271	1126	3526	2087	1329	2101	1260	1541	2260	2765	2897	2522	3425	2423	2704	3038	1918	1342	4018	3005	1457	2664	1378	1411	2414	2449	1501	2870	786	957	
5652	5610	2036	3546	1714	5612	3434	4306	2394	2128	1770	2635	3699	3364	3207	561	5989	1659	3649	0	519	5500	2524	243	3031	3695	1986	3495	2128	1395	5705	6095	5838	527	5320	4148	3165	4002	2534	394	3341	3878	5549	2646	2540	5620	5840	3601	3040	2925	3022	
5176	5391	1711	3036	1249	5164	2916	3798	1887	1882	1271	2424	3187	2918	2737	691	5766	1152	3340	519	0	5074	2235	638	2534	3253	1520	3057	1882	1100	5247	5657	5418	99	4864	3638	2646	3525	2136	743	2821	3429	5089	2496	2128	5190	5630	3144	2520	2583	2630	
1045	2813	3534	3821	3832	429	3337	2222	4138	3618	3882	3385	2631	2168	2409	5127	2916	4441	2271	5500	5074	0	3191	5442	2779	1831	3568	2020	3618	4150	665	630	361	5135	602	2338	3452	1776	2972	5814	3297	1675	682	3638	2960	143	3000	1976	3379	2697	2498	
3636	3177	539	3223	1313	3408	2776	2874	2537	432	1558	445	2501	1423	1530	2048	3547	2253	1126	2524	2235	3191	0	2401	1774	1643	1226	1457	432	1141	3559	3818	3492	2323	3180	2781	2614	2190	661	2896	2656	1839	3427	756	765	3327	3423	1684	2427	500	814	
5637	5443	1937	3667	1713	5571	3524	4343	2521	1991	1806	2478	3746	3330	3194	367	5822	1786	3526	243	638	5442	2401	0	3053	3656	1981	3453	1991	1299	5673	6044	5774	678	5287	4188	3257	3995	2470	607	3426	3843	5520	2467	2486	5565	5669	3574	3122	2825	2949	
2673	4195	1626	1544	1347	2762	1041	1302	1380	1961	1263	2216	770	799	465	2832	4505	1688	2087	3031	2534	2779	1774	3053	0	1054	1091	954	1961	1965	2801	3287	3140	2569	2435	1160	951	1044	1116	3265	928	1142	2636	2530	1015	2868	4452	851	788	1519	1175	
2027	3234	1825	2463	2006	1917	1931	1405	2428	2013	2051	1991	1322	337	611	3363	3519	2632	1329	3695	3253	1831	1643	3656	1054	0	1739	205	2013	2392	2020	2405	2184	3311	1633	1375	1932	602	1216	3995	1844	199	1870	2306	1179	1941	3488	216	1800	1172	831	
3666	4284	793	2168	272	3646	1822	2394	1324	1169	369	1628	1834	1403	1221	1743	4638	1070	2101	1986	1520	3568	1226	1981	1091	1739	0	1548	1169	897	3727	4143	3917	1573	3344	2249	1596	2017	760	2263	1703	1911	3570	1878	704	3680	4538	1624	1417	1320	1220	
2231	3263	1622	2431	1812	2118	1901	1512	2306	1817	1868	1820	1344	165	490	3159	3562	2468	1260	3495	3057	2020	1457	3453	954	205	1548	0	1817	2188	2224	2602	2370	3116	1837	1462	1874	746	1011	3798	1806	401	2075	2139	974	2133	3519	254	1729	1000	643	
4029	3509	378	3302	1163	3824	2899	3155	2485	0	1435	552	2721	1759	1804	1632	3885	2084	1541	2128	1882	3618	432	1991	1961	2013	1169	1817	0	785	3969	4243	3922	1976	3587	3047	2706	2527	878	2509	2778	2212	3834	726	966	3752	3747	2025	2520	921	1186	
4405	4292	641	3006	710	4297	2703	3261	2009	785	957	1333	2723	2078	1994	977	4666	1453	2260	1395	1100	4150	1141	1299	1965	2392	897	2188	785	0	4411	4759	4479	1192	4024	3124	2465	2791	1184	1758	2586	2586	4262	1445	1214	4276	4531	2335	2292	1531	1654	
416	3477	3828	3589	3999	236	3154	1948	4085	3969	4003	3811	2471	2344	2513	5383	3574	4488	2765	5705	5247	665	3559	5673	2801	2020	3727	2224	3969	4411	0	599	792	5298	387	2095	3314	1757	3230	5990	3137	1830	166	4089	3198	567	3662	2105	3276	3058	2796	
984	3198	4149	4171	4410	533	3722	2532	4611	4243	4442	4015	3028	2740	2954	5736	3238	4969	2897	6095	5657	630	3818	6044	3287	2405	4143	2602	4243	4759	599	0	432	5715	873	2673	3868	2250	3577	6399	3698	2233	746	4267	3559	492	3353	2527	3818	3322	3111	
1207	2781	3856	4165	4179	599	3687	2551	4498	3922	4235	3660	2982	2520	2767	5454	2838	4799	2522	5838	5418	361	3492	5774	3140	2184	3917	2370	3922	4479	792	432	0	5481	884	2675	3807	2135	3306	6156	3649	2031	877	3899	3298	301	2944	2333	3737	3004	2825	
5221	5484	1797	3019	1305	5219	2916	3823	1867	1976	1309	2519	3208	2975	2786	771	5858	1133	3425	527	99	5135	2323	678	2569	3311	1573	3116	1976	1192	5298	5715	5481	0	4916	3662	2645	3569	2208	697	2824	3484	5139	2593	2196	5250	5723	3197	2525	2664	2702	
547	3334	3442	3312	3615	340	2853	1681	3742	3587	3624	3443	2157	1957	2132	4995	3469	4122	2423	5320	4864	602	3180	5287	2435	1633	3344	1837	3587	4024	387	873	884	4916	0	1814	2996	1392	2843	5607	2827	1444	247	3726	2811	587	3537	1720	2946	2680	2412	
1832	4500	2743	1498	2498	2149	1067	170	2103	3047	2382	3197	461	1413	1252	3983	4745	2654	2704	4148	3638	2338	2781	4188	1160	1375	2249	1462	3047	3124	2095	2673	2675	3662	1814	0	1258	821	2169	4349	1067	1276	1935	3520	2081	2374	4745	1210	1266	2402	2022	
3081	5134	2334	611	1756	3336	270	1425	879	2706	1536	3058	842	1730	1402	3132	5436	1538	3038	3165	2646	3452	2614	3257	951	1932	1596	1874	2706	2465	3314	3868	3807	2645	2996	1258	0	1690	1960	3295	200	1966	3149	3355	1856	3514	5391	1717	187	2436	2114	
1651	3686	2288	2125	2289	1722	1609	820	2367	2527	2264	2566	915	770	802	3733	3941	2732	1918	4002	3525	1776	2190	3995	1044	602	2017	746	2527	2791	1757	2250	2135	3569	1392	821	1690	0	1673	4265	1551	464	1593	2885	1609	1850	3933	507	1606	1745	1381	
3241	3530	617	2570	960	3113	2116	2277	1971	878	1128	1106	1858	919	927	2160	3881	1828	1342	2534	2136	2972	661	2470	1116	1216	760	1011	878	1184	3230	3577	3306	2208	2843	2169	1960	1673	0	2863	1996	1412	3083	1415	104	3095	3785	1185	1774	569	494	
5917	6000	2395	3620	1992	5907	3565	4512	2474	2509	2005	3023	3893	3660	3480	953	6378	1759	4018	394	743	5814	2896	607	3265	3995	2263	3798	2509	1758	5990	6399	6156	697	5607	4349	3295	4265	2863	0	3480	4172	5832	3040	2860	5930	6231	3887	3187	3281	3355	
2895	5067	2412	626	1882	3167	122	1233	1078	2778	1678	3101	670	1671	1353	3289	5361	1726	3005	3341	2821	3297	2656	3426	928	1844	1703	1806	2778	2586	3137	3698	3649	2824	2827	1067	200	1551	1996	3480	0	1859	2973	3405	1892	3354	5323	1628	305	2442	2103	
1829	3262	2023	2467	2180	1736	1937	1285	2522	2212	2211	2180	1289	514	736	3554	3532	2769	1457	3878	3429	1675	1839	3843	1142	199	1911	401	2212	2586	1830	2233	2031	3484	1444	1276	1966	464	1412	4172	1859	0	1678	2493	1372	1778	3512	302	1848	1363	1029	
364	3483	3685	3431	3841	279	2991	1790	3919	3834	3843	3690	2307	2191	2353	5232	3597	4324	2664	5549	5089	682	3427	5520	2636	1870	3570	2075	3834	4262	166	746	877	5139	247	1935	3149	1593	3083	5832	2973	1678	0	3973	3049	614	3676	1949	3110	2928	2656	
4219	2984	1089	3961	1889	3913	3526	3605	3200	726	2159	323	3254	2133	2274	2100	3363	2808	1378	2646	2496	3638	756	2467	2530	2306	1878	2139	726	1445	4089	4267	3899	2593	3726	3520	3355	2885	1415	3040	3405	2493	3973	0	1518	3779	3205	2381	3168	1140	1511	
3196	3602	681	2466	924	3088	2012	2192	1880	966	1072	1210	1761	869	846	2185	3950	1764	1411	2540	2128	2960	765	2486	1015	1179	704	974	966	1214	3198	3559	3298	2196	2811	2081	1856	1609	104	2860	1892	1372	3049	1518	0	3081	3858	1131	1670	652	519	
967	2917	3662	3865	3945	340	3390	2250	4217	3752	3989	3524	2685	2277	2509	5253	3007	4537	2414	5620	5190	143	3327	5565	2868	1941	3680	2133	3752	4276	567	492	301	5250	587	2374	3514	1850	3095	5930	3354	1778	614	3779	3081	0	3098	2077	3447	2831	2625	
4040	258	3962	5946	4695	3428	5415	4708	5699	3747	4903	3212	4799	3661	3991	5302	213	5608	2449	5840	5630	3000	3423	5669	4452	3488	4538	3519	3747	4531	3662	3353	2944	5723	3537	4745	5391	3933	3785	6231	5323	3512	3676	3205	3858	3098	0	3701	5239	3218	3397	
2071	3447	1802	2248	1895	2023	1716	1258	2230	2025	1915	2061	1118	267	434	3295	3734	2467	1501	3601	3144	1976	1684	3574	851	216	1624	254	2025	2335	2105	2527	2333	3197	1720	1210	1717	507	1185	3887	1628	302	1949	2381	1131	2077	3701	0	1586	1242	874	
3064	4982	2149	796	1585	3285	414	1436	837	2520	1374	2871	821	1579	1248	2984	5288	1439	2870	3040	2520	3379	2427	3122	788	1800	1417	1729	2520	2292	3276	3818	3737	2525	2946	1266	187	1606	1774	3187	305	1848	3110	3168	1670	3447	5239	1586	0	2256	1939	
3141	2964	889	3045	1493	2908	2558	2477	2531	921	1686	821	2177	998	1179	2484	3318	2390	786	2925	2583	2697	500	2825	1519	1172	1320	1000	921	1531	3058	3322	3004	2664	2680	2402	2436	1745	569	3281	2442	1363	2928	1140	652	2831	3218	1242	2256	0	380	
2843	3139	1039	2716	1443	2664	2216	2099	2303	1186	1584	1189	1804	622	805	2630	3477	2266	957	3022	2630	2498	814	2949	1175	831	1220	643	1186	1654	2796	3111	2825	2702	2412	2022	2114	1381	494	3355	2103	1029	2656	1511	519	2625	3397	874	1939	380	0	


0	 CF52NT 	 0 	 0 	 540  	 1080  	 0  	 0 

1	 CF244DP 	 1 	 5 	 660  	 900  	 10  	 5 
2	 CF145EU 	 1 	 10 	 660  	 900  	 5  	 2 
3	 CF147EW  	0 	 13 	 660  	 900  	 6  	 3 
4	 CF146NQ	 0 	 25 	 660  	 900  	 10  	 5 
5	 CF52LB 	 1 	 7 	 600  	 840  	 7  	 3 
6	 CF147DY 	 1 	 9 	 660  	 900  	 5  	 2 
7	 CF142HB 	 1 	 10 	 720  	 960  	 9  	 4 
8	 CF147TR 	 1 	 1 	 660  	 900  	 8  	 4 
9	 CF143TG 	 1 	 1 	 600  	 840  	 7  	 3 
10	 CF146JB 	 0 	 22 	 600  	 840  	 10  	 5 
11	 CF144LT 	 1 	 5 	 720  	 960  	 6  	 3 
12	 CF142TJ 	 1 	 7 	 540  	 780  	 8  	 4 
13	 CF141PZ 	 0 	 14 	 600  	 840  	 5  	 2 
14	 CF141AQ  	1 	 6 	 600  	 840  	 10  	 5 
15	 CF149DR 	 1 	 9 	 600  	 840  	 6  	 3 
16	 CF244AU  	1 	 7 	 540  	 780  	 9  	 4 
17	 CF146TP 	 1 	 5 	 600  	 840  	 9  	 4 
18	 CF144DL 	 1 	 10 	 600  	 840  	 7  	 3 
19	 CF149HX 	 1 	 5 	 660  	 900  	 9  	 4 
20	 CF149AE 	 1 	 1 	 540  	 780  	 7  	 3 
21	 CF52DQ 	 1 	 1 	 660  	 900  	 6  	 3 
22	 CF144PD 	 1 	 3 	 540  	 780  	 8  	 4 
23	 CF149EE 	 1 	 4 	 660  	 900  	 5  	 2 
24	 CF147AD  	1 	 1 	 600  	 840  	 9  	 4 
25	 CF141LF 	 1 	 7 	 540  	 780  	 9  	 4 
26	 CF146NW 	1 	 1 	 720  	 960  	 5  	 2 
27	 CF141PX 	 1 	 3 	 660  	 900  	 5  	 2 
28	 CF148JH 	 1 	 8 	 540  	 780  	 10  	 5 
29	 CF145HD	 1 	 6 	 660  	 900  	 9  	 4 
30	 CF52HN 	 0 	 13 	 600  	 840  	 9  	 4 
31	 CF51DP 	 1 	 1 	 600  	 840  	 6  	 3 
32	 CF52AL 	 0 	 15 	 660  	 900  	 5  	 2 
33	 CF149AA 	 1 	 6 	 540  	 780  	 9  	 4 
34	 CF52XJ 	 1 	 8 	 600  	 840  	 9  	 4 
35	 CF142BN  	1 	 6 	 600  	 840  	 9  	 4 
36	 CF147EJ 	 1 	 9 	 720  	 960  	 7  	 3 
37	 CF141ND  	1 	 1 	 720  	 960  	 5  	 2 
38	 CF146AB 	 1 	 4 	 720  	 960  	 6  	 3 
39	 CF149HN  	1 	 5 	 600  	 840  	 9  	 4 
40	 CF147DS 	 1 	 10 	 600  	 840  	 6  	 3 
41	 CF141NX  	1 	 3 	 720  	 960  	 5  	 2 
42	 CF52NA 	 1 	 6 	 540  	 780  	 9  	 4 
43	 CF144HW 	1 	 7 	 660  	 900  	 5  	 2 
44	 CF146AA 	 1 	 5 	 600  	 840  	 7  	 3 
45	 CF52JE 	 1 	 2 	 720  	 960  	 9  	 4 
46	 CF244BN  	1 	 5 	 660  	 900  	 8  	 4 
47	 CF141EN 	 1 	 3 	 540  	 780  	 10  	 5 
48	 CF147TG 	 1 	 4 	 720  	 960  	 9  	 4 
49	 CF144QD 	1 	 4 	 720  	 960  	 8  	 4 
50	 CF141TX 	 1 	 3 	 600  	 840  	 8  	 4 
