50

1200
32
10
500

0	2218	2200	2881	1476	3407	2083	4558	2939	2191	3656	1186	3170	4647	1656	4085	2819	3490	1741	3761	2440	4954	4168	2083	1740	1651	1534	3070	448	1967	2268	2394	1944	3440	927	3532	1188	1941	1548	3127	3889	2083	1387	3262	3516	3411	1730	4730	2582	3219	3721	
2218	0	1746	919	863	2144	1668	2508	724	2424	1824	2904	1355	2725	900	1933	667	1965	3489	2267	744	3020	2035	1668	3013	1388	2860	1376	1772	654	643	3800	1507	1315	2313	1419	2603	2490	2768	1388	1976	1668	2564	1358	1358	1314	2454	2571	393	1074	1505	
2200	1746	0	2645	1956	3872	3084	4058	2203	3667	1867	3340	3090	4360	2194	2676	2314	1486	3926	1693	2471	4636	2699	3084	3760	2638	3560	3121	1952	2192	2335	4506	2894	2889	2890	2164	3215	3584	3524	3131	2137	3084	3318	1675	2875	2921	3450	3250	1788	2019	2776	
2881	919	2645	0	1405	1375	1535	1681	654	2317	2211	3285	447	1833	1251	1869	394	2537	3814	2813	464	2135	1998	1535	3205	1533	3099	524	2441	918	619	3947	1460	609	2701	1547	2927	2503	2984	509	2258	1535	2809	1785	725	554	2550	2409	906	1249	1126	
1476	863	1956	1405	0	2142	1129	3084	1530	1749	2626	2042	1714	3192	264	2795	1368	2665	2626	2968	970	3499	2898	1129	2169	689	2008	1635	1037	497	796	2960	939	1970	1451	2280	1742	1736	1922	1684	2804	1129	1714	2169	2053	1937	1659	3430	1256	1936	2304	
3407	2144	3872	1375	2142	0	1370	1871	2024	1825	3571	3320	996	1648	1883	3078	1769	3912	3696	4187	1403	1908	3210	1370	2967	1756	2949	856	3041	1727	1538	3547	1474	1645	2845	2869	2934	2141	2820	891	3592	1370	2722	3156	1777	1554	2301	3496	2255	2604	2254	
2083	1668	3084	1535	1129	1370	0	2922	2037	793	3473	1976	1542	2855	893	3360	1772	3631	2412	3934	1146	3149	3483	0	1730	486	1664	1368	1768	1016	1107	2433	190	2120	1476	2946	1590	973	1539	1443	3595	0	1403	3007	2249	2047	1051	3932	1990	2605	2659	
4558	2508	4058	1681	3084	1871	2922	0	1871	3584	2874	4854	1422	479	2912	1991	1841	3388	5330	3572	2120	632	2096	2922	4650	3096	4585	1569	4120	2591	2290	5316	2927	1198	4294	2150	4477	3858	4461	1498	2753	2922	4315	2650	1187	1194	3968	2095	2304	2112	1361	
2939	724	2203	654	1530	2024	2037	1871	0	2831	1558	3557	1050	2158	1484	1331	279	1893	4125	2163	895	2435	1451	2037	3588	1902	3455	1168	2491	1157	945	4361	1921	687	2963	921	3231	2966	3351	1139	1616	2037	3158	1133	685	722	2974	1936	435	602	783	
2191	2424	3667	2317	1749	1825	793	3584	2831	0	4244	1630	2271	3446	1570	4153	2566	4369	1901	4674	1939	3721	4277	793	1158	1068	1178	2087	2019	1771	1895	1735	923	2889	1336	3737	1274	342	1053	2162	4376	793	1021	3777	3020	2811	553	4722	2766	3394	3443	
3656	1824	1867	2211	2626	3571	3473	2874	1558	4244	0	4588	2579	3302	2716	984	1831	554	5190	697	2390	3506	948	3473	4793	3211	4625	2716	3265	2473	2378	5584	3322	2015	4022	750	4336	4313	4545	2680	270	3473	4335	467	1916	2095	4269	1432	1483	966	1540	
1186	2904	3340	3285	2042	3320	1976	4854	3557	1630	4588	0	3436	4824	2079	4837	3362	4511	604	4800	2823	5121	4939	1976	672	1765	512	3286	1397	2418	2688	1210	1935	3893	595	4317	387	1292	608	3356	4793	1976	614	4153	3999	3839	1078	5472	3297	3976	4313	
3170	1355	3090	447	1714	996	1542	1422	1050	2271	2579	3436	0	1479	1514	2104	822	2942	3926	3209	748	1786	2236	1542	3268	1675	3188	190	2743	1217	926	3971	1521	681	2872	1873	3062	2507	3066	121	2596	1542	2911	2176	819	592	2592	2572	1349	1614	1293	
4647	2725	4360	1833	3192	1648	2855	479	2158	3446	3302	4824	1479	0	2991	2450	2073	3800	5263	3998	2223	307	2559	2855	4557	3099	4513	1581	4221	2695	2400	5180	2891	1472	4288	2564	4440	3743	4385	1521	3197	2855	4258	3044	1500	1440	3877	2574	2577	2485	1766	
1656	900	2194	1251	264	1883	893	2912	1484	1570	2716	2079	1514	2991	0	2792	1284	2804	2641	3108	794	3298	2902	893	2122	504	1978	1418	1233	342	633	2906	706	1842	1485	2303	1747	1600	1880	1472	2875	893	1681	2252	1938	1799	1555	3414	1280	1954	2234	
4085	1933	2676	1869	2795	3078	3360	1991	1331	4153	984	4837	2104	2450	2792	0	1588	1537	5419	1650	2214	2617	132	3360	4910	3230	4770	2279	3652	2477	2276	5687	3249	1434	4245	559	4529	4297	4670	2222	794	3360	4473	1001	1301	1524	4304	646	1541	869	826	
2819	667	2314	394	1368	1769	1772	1841	279	2566	1831	3362	822	2073	1284	1588	0	2144	3919	2421	626	2364	1711	1772	3358	1667	3232	917	2371	945	700	4123	1663	649	2769	1200	3025	2713	3125	898	1895	1772	2937	1397	703	648	2731	2174	535	880	951	
3490	1965	1486	2537	2665	3912	3631	3388	1893	4369	554	4511	2942	3800	2804	1537	2144	0	5115	304	2629	4018	1500	3631	4791	3308	4610	3058	3138	2615	2581	5577	3464	2445	3975	1238	4298	4396	4543	3032	787	3631	4330	778	2362	2516	4324	1962	1698	1359	2034	
1741	3489	3926	3814	2626	3696	2412	5330	4125	1901	5190	604	3926	5263	2641	5419	3919	5115	0	5403	3357	5553	5524	2412	746	2281	751	3765	1993	2975	3232	785	2406	4423	1177	4906	894	1565	879	3838	5393	2412	1015	4753	4535	4364	1396	6050	3882	4562	4869	
3761	2267	1693	2813	2968	4187	3934	3572	2163	4674	697	4800	3209	3998	3108	1650	2421	304	5403	0	2922	4203	1591	3934	5089	3612	4907	3331	3420	2918	2879	5874	3768	2684	4268	1439	4592	4700	4841	3302	858	3934	4629	1033	2593	2759	4627	1987	1992	1606	2234	
2440	744	2471	464	970	1403	1146	2120	895	1939	2390	2823	748	2223	794	2214	626	2629	3357	2922	0	2530	2337	1146	2762	1078	2649	699	2005	474	177	3517	1041	1070	2238	1811	2468	2092	2537	735	2484	1146	2356	1934	1179	1018	2120	2794	931	1477	1538	
4954	3020	4636	2135	3499	1908	3149	632	2435	3721	3506	5121	1786	307	3298	2617	2364	4018	5553	4203	2530	0	2718	3149	4842	3402	4802	1887	4529	3002	2707	5451	3190	1749	4589	2780	4736	4024	4674	1828	3384	3149	4550	3275	1764	1724	4163	2672	2860	2728	1988	
4168	2035	2699	1998	2898	3210	3483	2096	1451	4277	948	4939	2236	2559	2902	132	1711	1500	5524	1591	2337	2718	0	3483	5022	3345	4880	2411	3739	2591	2395	5801	3371	1566	4349	635	4636	4417	4782	2354	733	3483	4583	1028	1433	1656	4421	572	1642	964	958	
2083	1668	3084	1535	1129	1370	0	2922	2037	793	3473	1976	1542	2855	893	3360	1772	3631	2412	3934	1146	3149	3483	0	1730	486	1664	1368	1768	1016	1107	2433	190	2120	1476	2946	1590	973	1539	1443	3595	0	1403	3007	2249	2047	1051	3932	1990	2605	2659	
1740	3013	3760	3205	2169	2967	1730	4650	3588	1158	4793	672	3268	4557	2122	4910	3358	4791	746	5089	2762	4842	5022	1730	0	1690	207	3098	1824	2433	2659	791	1755	3810	873	4425	559	827	249	3172	4973	1730	461	4338	3930	3744	682	5524	3400	4076	4298	
1651	1388	2638	1533	689	1756	486	3096	1902	1068	3211	1765	1675	3099	504	3230	1667	3308	2281	3612	1078	3402	3345	486	1690	0	1571	1532	1303	758	968	2459	309	2142	1198	2765	1398	1102	1460	1601	3362	486	1278	2746	2255	2083	1077	3836	1755	2416	2608	
1534	2860	3560	3099	2008	2949	1664	4585	3455	1178	4625	512	3188	4513	1978	4770	3232	4610	751	4907	2649	4802	4880	1664	207	1571	0	3023	1620	2298	2537	967	1667	3707	670	4276	353	836	129	3097	4810	1664	297	4174	3823	3644	649	5389	3250	3928	4178	
3070	1376	3121	524	1635	856	1368	1569	1168	2087	2716	3286	190	1581	1418	2279	917	3058	3765	3331	699	1887	2411	1368	3098	1532	3023	0	2651	1145	872	3793	1359	865	2730	2025	2908	2328	2900	75	2746	1368	2749	2301	1004	777	2419	2757	1423	1750	1474	
448	1772	1952	2441	1037	3041	1768	4120	2491	2019	3265	1397	2743	4221	1233	3652	2371	3138	1993	3420	2005	4529	3739	1768	1824	1303	1620	2651	0	1532	1832	2555	1609	2994	951	3104	1270	1825	1598	2705	3490	1768	1402	2857	3069	2966	1640	4298	2140	2785	3274	
1967	654	2192	918	497	1727	1016	2591	1157	1771	2473	2418	1217	2695	342	2477	945	2615	2975	2918	474	3002	2591	1016	2433	758	2298	1145	1532	0	301	3210	853	1503	1825	2007	2080	1852	2195	1191	2612	1016	2001	2007	1597	1462	1835	3092	1001	1658	1896	
2268	643	2335	619	796	1538	1107	2290	945	1895	2378	2688	926	2400	633	2276	700	2581	3232	2879	177	2707	2395	1107	2659	968	2537	872	1832	301	0	3424	978	1212	2098	1842	2340	2021	2428	910	2490	1107	2242	1915	1313	1167	2032	2872	897	1499	1641	
2394	3800	4506	3947	2960	3547	2433	5316	4361	1735	5584	1210	3971	5180	2906	5687	4123	5577	785	5874	3517	5451	5801	2433	791	2459	967	3793	2555	3210	3424	0	2487	4546	1622	5209	1295	1465	1039	3868	5763	2433	1250	5129	4670	4476	1398	6295	4186	4860	5055	
1944	1507	2894	1460	939	1474	190	2927	1921	923	3322	1935	1521	2891	706	3249	1663	3464	2406	3768	1041	3190	3371	190	1755	309	1667	1359	1609	853	978	2487	0	2059	1403	2819	1553	1051	1546	1432	3453	190	1391	2856	2183	1991	1091	3835	1843	2474	2574	
3440	1315	2889	609	1970	1645	2120	1198	687	2889	2015	3893	681	1472	1842	1434	649	2445	4423	2684	1070	1749	1566	2120	3810	2142	3707	865	2994	1503	1212	4546	2059	0	3307	1274	3536	3093	3591	801	1991	2120	3417	1667	139	91	3150	1892	1112	1086	614	
927	2313	2890	2701	1451	2845	1476	4294	2963	1336	4022	595	2872	4288	1485	4245	2769	3975	1177	4268	2238	4589	4349	1476	873	1198	670	2730	951	1825	2098	1622	1403	3307	0	3729	328	1046	649	2798	4221	1476	465	3581	3411	3255	824	4879	2707	3386	3719	
3532	1419	2164	1547	2280	2869	2946	2150	921	3737	750	4317	1873	2564	2303	559	1200	1238	4906	1439	1811	2780	635	2946	4425	2765	4276	2025	3104	2007	1842	5209	2819	1274	3729	0	4022	3853	4182	1981	723	2946	3979	527	1170	1357	3842	1201	1027	349	797	
1188	2603	3215	2927	1742	2934	1590	4477	3231	1274	4336	387	3062	4440	1747	4529	3025	4298	894	4592	2468	4736	4636	1590	559	1398	353	2908	1270	2080	2340	1295	1553	3536	328	4022	0	945	364	2979	4530	1590	259	3891	3646	3479	722	5158	2996	3677	3975	
1941	2490	3584	2503	1736	2141	973	3858	2966	342	4313	1292	2507	3743	1600	4297	2713	4396	1565	4700	2092	4024	4417	973	827	1102	836	2328	1825	1852	2021	1465	1051	3093	1046	3853	945	0	711	2403	4462	973	688	3848	3220	3020	226	4885	2853	3505	3622	
1548	2768	3524	2984	1922	2820	1539	4461	3351	1053	4545	608	3066	4385	1880	4670	3125	4543	879	4841	2537	4674	4782	1539	249	1460	129	2900	1598	2195	2428	1039	1546	3591	649	4182	364	711	0	2974	4726	1539	212	4091	3709	3528	521	5287	3156	3833	4069	
3127	1388	3131	509	1684	891	1443	1498	1139	2162	2680	3356	121	1521	1472	2222	898	3032	3838	3302	735	1828	2354	1443	3172	1601	3097	75	2705	1191	910	3868	1432	801	2798	1981	2979	2403	2974	0	2703	1443	2822	2270	940	712	2494	2692	1414	1714	1413	
3889	1976	2137	2258	2804	3592	3595	2753	1616	4376	270	4793	2596	3197	2875	794	1895	787	5393	858	2484	3384	733	3595	4973	3362	4810	2746	3490	2612	2490	5763	3453	1991	4221	723	4530	4462	4726	2703	0	3595	4518	640	1879	2075	4429	1176	1612	1015	1462	
2083	1668	3084	1535	1129	1370	0	2922	2037	793	3473	1976	1542	2855	893	3360	1772	3631	2412	3934	1146	3149	3483	0	1730	486	1664	1368	1768	1016	1107	2433	190	2120	1476	2946	1590	973	1539	1443	3595	0	1403	3007	2249	2047	1051	3932	1990	2605	2659	
1387	2564	3318	2809	1714	2722	1403	4315	3158	1021	4335	614	2911	4258	1681	4473	2937	4330	1015	4629	2356	4550	4583	1403	461	1278	297	2749	1402	2001	2242	1250	1391	3417	465	3979	259	688	212	2822	4518	1403	0	3882	3533	3356	467	5092	2953	3632	3883	
3262	1358	1675	1785	2169	3156	3007	2650	1133	3777	467	4153	2176	3044	2252	1001	1397	778	4753	1033	1934	3275	1028	3007	4338	2746	4174	2301	2857	2007	1915	5129	2856	1667	3581	527	3891	3848	4091	2270	640	3007	3882	0	1587	1738	3806	1589	1019	582	1289	
3516	1358	2875	725	2053	1777	2249	1187	685	3020	1916	3999	819	1500	1938	1301	703	2362	4535	2593	1179	1764	1433	2249	3930	2255	3823	1004	3069	1597	1313	4670	2183	139	3411	1170	3646	3220	3709	940	1879	2249	3533	1587	0	228	3273	1753	1119	1009	478	
3411	1314	2921	554	1937	1554	2047	1194	722	2811	2095	3839	592	1440	1799	1524	648	2516	4364	2759	1018	1724	1656	2047	3744	2083	3644	777	2966	1462	1167	4476	1991	91	3255	1357	3479	3020	3528	712	2075	2047	3356	1738	228	0	3081	1980	1137	1157	704	
1730	2454	3450	2550	1659	2301	1051	3968	2974	553	4269	1078	2592	3877	1555	4304	2731	4324	1396	4627	2120	4163	4421	1051	682	1077	649	2419	1640	1835	2032	1398	1091	3150	824	3842	722	226	521	2494	4429	1051	467	3806	3273	3081	0	4905	2829	3493	3658	
4730	2571	3250	2409	3430	3496	3932	2095	1936	4722	1432	5472	2572	2574	3414	646	2174	1962	6050	1987	2794	2672	572	3932	5524	3836	5389	2757	4298	3092	2872	6295	3835	1892	4879	1201	5158	4885	5287	2692	1176	3932	5092	1589	1753	1980	4905	0	2180	1514	1290	
2582	393	1788	906	1256	2255	1990	2304	435	2766	1483	3297	1349	2577	1280	1541	535	1698	3882	1992	931	2860	1642	1990	3400	1755	3250	1423	2140	1001	897	4186	1843	1112	2707	1027	2996	2853	3156	1414	1612	1990	2953	1019	1119	1137	2829	2180	0	680	1169	
3219	1074	2019	1249	1936	2604	2605	2112	602	3394	966	3976	1614	2485	1954	869	880	1359	4562	1606	1477	2728	964	2605	4076	2416	3928	1750	2785	1658	1499	4860	2474	1086	3386	349	3677	3505	3833	1714	1015	2605	3632	582	1009	1157	3493	1514	680	0	768	
3721	1505	2776	1126	2304	2254	2659	1361	783	3443	1540	4313	1293	1766	2234	826	951	2034	4869	2234	1538	1988	958	2659	4298	2608	4178	1474	3274	1896	1641	5055	2574	614	3719	797	3975	3622	4069	1413	1462	2659	3883	1289	478	704	3658	1290	1169	768	0	


0	 CF146TP 	 0 	 0 	 540  	 1080  	 0  	 0 

1	 CF141PW	 0 	 18 	 720  	 960  	 8  	 4 
2	 CF147JS 	 1 	 5 	 660  	 900  	 8  	 4 
3	 CF141SD 	 1 	 9 	 540  	 780  	 10  	 5 
4	 CF146AG	 1 	 6 	 540  	 780  	 7  	 3 
5	 CF144EN 	 1 	 7 	 720  	 960  	 5  	 2 
6	 CF148NG	 1 	 3 	 660  	 900  	 9  	 4 
7	 CF143AB 	 1 	 2 	 600  	 840  	 10  	 5 
8	 CF141HL 	 0 	 18 	 660  	 900  	 10  	 5 
9	 CF145BE 	 1 	 8 	 660  	 900  	 5  	 2 
10	 CF52QG 	 1 	 10 	 720  	 960  	 5  	 2 
11	 CF149AB 	 1 	 5 	 720  	 960  	 10  	 5 
12	 CF144DL 	 1 	 9 	 720  	 960  	 8  	 4 
13	 CF244JZ 	 1 	 9 	 540  	 780  	 6  	 3 
14	 CF146AT 	 1 	 4 	 660  	 900  	 9  	 4 
15	 CF52YE 	 1 	 3 	 720  	 960  	 10  	 5 
16	 CF141HP 	 1 	 1 	 660  	 900  	 6  	 3 
17	 CF52RT 	 1 	 10 	 720  	 960  	 5  	 2 
18	 CF149DZ 	 1 	 6 	 660  	 900  	 10  	 5 
19	 CF52RA 	 1 	 4 	 600  	 840  	 7  	 3 
20	 CF144QS 	 1 	 5 	 720  	 960  	 10  	 5 
21	 CF244HU	 1 	 10 	 720  	 960  	 10  	 5 
22	 CF52EJ 	 1 	 3 	 660  	 900  	 8  	 4 
23	 CF148NA	 1 	 7 	 540  	 780  	 7  	 3 
24	 CF149BB 	 1 	 7 	 720  	 960  	 10  	 5 
25	 CF144NG	 0 	 12 	 600  	 840  	 10  	 5 
26	 CF149AT 	 1 	 5 	 720  	 960  	 5  	 2 
27	 CF144DB 	 1 	 2 	 720  	 960  	 5  	 2 
28	 CF146SD 	 0 	 13 	 540  	 780  	 9  	 4 
29	 CF141UH	 1 	 8 	 660  	 900  	 5  	 2 
30	 CF141TH 	 1 	 8 	 720  	 960  	 7  	 3 
31	 CF149HH	 1 	 3 	 540  	 780  	 10  	 5 
32	 CF145DJ 	 1 	 1 	 600  	 840  	 5  	 2 
33	 CF143HQ	 1 	 1 	 540  	 780  	 6  	 3 
34	 CF145HL 	 1 	 9 	 720  	 960  	 5  	 2 
35	 CF142JZ 	 1 	 3 	 540  	 780  	 8  	 4 
36	 CF149AY 	 0 	 6 	 600  	 840  	 10  	 5 
37	 CF145YN	 1 	 1 	 540  	 780  	 5  	 2 
38	 CF149AR 	 1 	 10 	 540  	 780  	 8  	 4 
39	 CF144EA 	 1 	 7 	 540  	 780  	 6  	 3 
40	 CF52QD 	 1 	 4 	 720  	 960  	 5  	 2 
41	 CF148NN	 1 	 9 	 660  	 900  	 10  	 5 
42	 CF145JZ 	 1 	 9 	 660  	 900  	 6  	 3 
43	 CF142NA	 1 	 10 	 600  	 840  	 8  	 4 
44	 CF143HP 	 1 	 8 	 660  	 900  	 7  	 3 
45	 CF143HU	 1 	 6 	 720  	 960  	 9  	 4 
46	 CF145BT 	 1 	 1 	 720  	 960  	 6  	 3 
47	 CF52BS 	 1 	 1 	 540  	 780  	 5  	 2 
48	 CF142NQ	 1 	 10 	 660  	 900  	 5  	 2 
49	 CF142PR 	 1 	 2 	 540  	 780  	 7  	 3 
50	 CF142SG 	 1 	 1 	 720  	 960  	 7  	 3 
