50

1200
32
10
500

0	4920	2152	2055	3042	5205	3011	594	6611	647	4651	4470	3479	2111	2352	3270	258	6365	3315	6235	423	3186	4265	2580	5340	4702	6078	6152	2080	4051	4434	3952	4586	3916	2429	5696	6605	6283	1584	2750	2952	5478	4142	4890	4113	6118	4025	4268	2714	5261	3988	
4920	0	2785	3648	1983	1006	2022	4326	3557	4321	417	491	1442	3164	3085	1722	4771	1542	1609	1397	4683	2009	1320	2525	740	329	1159	1317	2876	1037	515	1422	1415	1932	2513	2164	1740	1503	3357	3177	2085	2460	914	431	821	3128	920	1677	2212	844	1415	
2152	2785	0	1683	907	3069	1098	1563	5072	1597	2551	2357	1359	763	941	1119	1988	4213	1208	4083	1898	1383	2163	951	3270	2553	3943	4053	507	2010	2289	2043	2508	1943	277	3916	4454	4131	709	1439	1061	3833	2079	2802	1970	4558	1920	2239	658	3114	2082	
2055	3648	1683	0	2370	4278	1660	1656	4600	1469	3278	3156	2348	2321	2561	2454	2092	5189	2188	5045	2137	1641	3549	1172	3835	3543	4730	4670	1191	2624	3270	2346	3915	3510	1821	3823	5383	5144	1153	3082	1600	3533	2742	3463	2981	4120	2746	3733	1707	4253	2372	
3042	1983	907	2370	0	2165	1021	2459	4770	2504	1829	1619	723	1186	1144	265	2862	3337	665	3211	2756	1312	1260	1286	2566	1714	3124	3291	1232	1436	1470	1656	1612	1141	643	3484	3585	3248	1599	1395	1037	3515	1460	2088	1167	4263	1232	1376	689	2219	1694	
5205	1006	3069	4278	2165	0	2622	4624	4504	4666	1380	1341	1930	3216	3060	1956	5018	1282	2094	1193	4904	2710	982	3107	1634	855	1412	1820	3310	1856	1071	2297	787	1541	2797	3127	1554	1164	3739	2981	2680	3455	1738	1436	1311	4100	1606	1167	2645	212	2301	
3011	2022	1098	1660	1021	2622	0	2428	3980	2378	1688	1536	700	1802	1897	959	2904	3554	556	3412	2850	311	1961	503	2339	1889	3149	3164	935	1053	1615	966	2323	2078	928	2823	3761	3501	1430	2295	63	2736	1156	1908	1321	3465	1105	2209	470	2593	1004	
594	4326	1563	1656	2459	4624	2428	0	6114	226	4059	3877	2885	1601	1858	2682	487	5775	2721	5644	487	2615	3693	2012	4751	4109	5484	5560	1494	3463	3840	3377	4021	3373	1839	5149	6014	5694	998	2303	2370	4954	3552	4299	3520	5613	3432	3715	2121	4676	3414	
6611	3557	5072	4600	4770	4504	3980	6114	0	5978	3325	3495	4055	5776	5843	4552	6594	4161	4108	4063	6594	3688	4782	4204	2871	3841	3478	3012	4782	3377	3836	3116	4954	5316	4904	1395	4105	4249	5207	6165	4012	1256	3397	3149	3927	514	3663	5157	4445	4304	3078	
647	4321	1597	1469	2504	4666	2378	226	5978	0	4036	3861	2879	1733	1996	2713	626	5792	2712	5658	672	2543	3753	1936	4714	4117	5476	5532	1455	3425	3845	3311	4089	3465	1869	5049	6025	5715	964	2462	2318	4835	3519	4270	3525	5481	3415	3796	2108	4708	3346	
4651	417	2551	3278	1829	1380	1688	4059	3325	4036	0	213	1193	3012	2967	1565	4516	1929	1346	1782	4440	1637	1460	2184	737	553	1462	1504	2582	655	515	1009	1641	2022	2287	1933	2107	1901	3073	3125	1752	2165	538	259	694	2869	632	1834	1939	1239	1001	
4470	491	2357	3156	1619	1341	1536	3877	3495	3861	213	0	998	2803	2755	1354	4330	2033	1157	1889	4250	1517	1290	2037	948	486	1619	1697	2410	553	350	967	1503	1831	2090	2110	2229	1992	2897	2912	1600	2312	429	471	483	3029	446	1665	1756	1228	967	
3479	1442	1359	2348	723	1930	700	2885	4055	2879	1193	998	0	1857	1853	498	3334	2931	170	2793	3252	863	1279	1177	1917	1250	2600	2694	1442	716	974	956	1635	1497	1095	2761	3155	2865	1916	2115	755	2802	753	1445	658	3551	562	1560	772	1916	991	
2111	3164	763	2321	1186	3216	1802	1601	5776	1733	3012	2803	1857	0	267	1451	1886	4452	1744	4335	1748	2104	2239	1714	3748	2883	4293	4476	1233	2567	2649	2689	2527	1819	874	4566	4710	4351	1186	779	1775	4526	2611	3271	2352	5262	2402	2186	1333	3308	2729	
2352	3085	941	2561	1144	3060	1897	1858	5843	1996	2967	2755	1853	267	0	1405	2120	4314	1760	4202	1976	2206	2078	1874	3702	2791	4194	4402	1437	2569	2571	2735	2345	1613	984	4600	4577	4209	1440	522	1879	4589	2601	3225	2289	5331	2376	1990	1428	3165	2774	
3270	1722	1119	2454	265	1956	959	2682	4552	2713	1565	1354	498	1451	1405	0	3097	3098	489	2970	2997	1218	1105	1316	2301	1459	2866	3027	1373	1195	1209	1453	1468	1120	844	3249	3343	3013	1783	1625	991	3300	1210	1824	904	4049	973	1285	747	1996	1488	
258	4771	1988	2092	2862	5018	2904	487	6594	626	4516	4330	3334	1886	2120	3097	0	6195	3173	6067	166	3098	4067	2497	5216	4542	5929	6020	1969	3931	4277	3858	4381	3699	2264	5636	6439	6109	1476	2504	2847	5439	4017	4760	3958	6095	3887	4057	2578	5081	3895	
6365	1542	4213	5189	3337	1282	3554	5775	4161	5792	1929	2033	2931	4452	4314	3098	6195	0	3102	147	6093	3551	2250	4058	1618	1682	700	1148	4372	2575	1958	2930	2066	2823	3936	2940	273	141	4837	4261	3617	3392	2453	1795	2274	3869	2450	2447	3699	1151	2917	
3315	1609	1208	2188	665	2094	556	2721	4108	2712	1346	1157	170	1744	1760	489	3173	3102	0	2964	3094	759	1406	1016	2063	1420	2765	2849	1272	824	1144	992	1767	1567	950	2840	3325	3036	1749	2057	606	2852	879	1595	829	3600	714	1664	604	2083	1030	
6235	1397	4083	5045	3211	1193	3412	5644	4063	5658	1782	1889	2793	4335	4202	2970	6067	147	2964	0	5966	3406	2147	3915	1479	1544	587	1054	4235	2430	1820	2783	1980	2731	3806	2823	375	186	4702	4161	3475	3269	2308	1649	2138	3761	2308	2359	3562	1046	2770	
423	4683	1898	2137	2756	4904	2850	487	6594	672	4440	4250	3252	1748	1976	2997	166	6093	3094	5966	0	3057	3947	2461	5146	4447	5841	5944	1918	3865	4185	3810	4256	3566	2172	5608	6339	6004	1432	2348	2795	5425	3948	4686	3867	6091	3808	3927	2506	4972	3847	
3186	2009	1383	1641	1312	2710	311	2615	3688	2543	1637	1517	863	2104	2206	1218	3098	3551	759	3406	3057	0	2142	607	2228	1925	3093	3062	1145	983	1661	769	2495	2323	1232	2568	3742	3509	1626	2607	329	2453	1101	1830	1400	3174	1124	2419	778	2658	804	
4265	1320	2163	3549	1260	982	1961	3693	4782	3753	1460	1290	1279	2239	2078	1105	4067	2250	1406	2147	3947	2142	0	2391	2058	993	2235	2546	2474	1575	947	2005	366	627	1903	3393	2518	2138	2859	2016	2009	3600	1498	1660	919	4320	1254	375	1848	1101	2026	
2580	2525	951	1172	1286	3107	503	2012	4204	1936	2184	2037	1177	1714	1874	1316	2497	4058	1016	3915	2461	607	2391	0	2814	2391	3646	3645	578	1539	2116	1376	2756	2417	911	3149	4264	4004	1031	2342	440	2994	1648	2396	1817	3693	1608	2600	598	3087	1411	
5340	740	3270	3835	2566	1634	2339	4751	2871	4714	737	948	1917	3748	3702	2301	5216	1618	2063	1479	5146	2228	2058	2814	0	1065	977	836	3261	1289	1179	1489	2149	2664	3011	1500	1714	1645	3756	3847	2401	1871	1199	478	1420	2475	1357	2417	2641	1434	1464	
4702	329	2553	3543	1714	855	1889	4109	3841	4117	553	486	1250	2883	2791	1459	4542	1682	1420	1544	4447	1925	993	2391	1065	0	1411	1624	2690	1013	277	1446	1114	1603	2277	2446	1909	1617	3158	2861	1951	2708	892	692	593	3398	801	1354	2018	751	1449	
6078	1159	3943	4730	3124	1412	3149	5484	3478	5476	1462	1619	2600	4293	4194	2866	5929	700	2765	587	5841	3093	2235	3646	977	1411	0	482	4027	2113	1660	2405	2161	2856	3670	2240	743	773	4512	4226	3212	2693	2000	1267	1975	3173	2063	2518	3368	1212	2386	
6152	1317	4053	4670	3291	1820	3164	5560	3012	5532	1504	1697	2694	4476	4402	3027	6020	1148	2849	1054	5944	3062	2546	3645	836	1624	482	0	4078	2111	1830	2324	2525	3173	3787	1824	1118	1240	4571	4484	3226	2300	2013	1262	2124	2729	2135	2860	3442	1611	2299	
2080	2876	507	1191	1232	3310	935	1494	4782	1455	2582	2410	1442	1233	1437	1373	1969	4372	1272	4235	1918	1145	2474	578	3261	2690	4027	4078	0	1972	2415	1892	2834	2350	634	3711	4597	4303	496	1943	878	3570	2065	2816	2097	4270	1964	2607	674	3325	1930	
4051	1037	2010	2624	1436	1856	1053	3463	3377	3425	655	553	716	2567	2569	1195	3931	2575	824	2430	3865	983	1575	1539	1289	1013	2113	2111	1972	0	789	450	1864	1996	1764	2055	2760	2540	2468	2820	1115	2135	124	857	659	2881	322	1931	1364	1764	463	
4434	515	2289	3270	1470	1071	1615	3840	3836	3845	515	350	974	2649	2571	1209	4277	1958	1144	1820	4185	1661	947	2116	1179	277	1660	1830	2415	789	0	1236	1153	1510	2014	2447	2182	1894	2885	2677	1677	2661	676	735	320	3375	540	1321	1743	999	1244	
3952	1422	2043	2346	1656	2297	966	3377	3116	3311	1009	967	956	2689	2735	1453	3858	2930	992	2783	3810	769	2005	1376	1489	1446	2405	2324	1892	450	1236	0	2306	2381	1834	1879	3093	2908	2382	3050	1018	1860	560	1144	1099	2608	757	2352	1386	2194	40	
4586	1415	2508	3915	1612	787	2323	4021	4954	4089	1641	1503	1635	2527	2345	1468	4381	2066	1767	1980	4256	2495	366	2756	2149	1114	2161	2525	2834	1864	1153	2306	0	766	2253	3560	2338	1943	3209	2216	2371	3806	1774	1805	1207	4508	1549	382	2213	959	2324	
3916	1932	1943	3510	1141	1541	2078	3373	5316	3465	2022	1831	1497	1819	1613	1120	3699	2823	1567	2731	3566	2323	627	2417	2664	1603	2856	3173	2350	1996	1510	2381	766	0	1724	3939	3095	2703	2652	1450	2111	4103	1946	2243	1390	4838	1681	387	1825	1691	2410	
2429	2513	277	1821	643	2797	928	1839	4904	1869	2287	2090	1095	874	984	844	2264	3936	950	3806	2172	1232	1903	911	3011	2277	3670	3787	634	1764	2014	1834	2253	1724	0	3713	4177	3854	956	1432	903	3656	1827	2540	1695	4390	1656	1999	459	2840	1874	
5696	2164	3916	3823	3484	3127	2823	5149	1395	5049	1933	2110	2761	4566	4600	3249	5636	2940	2840	2823	5608	2568	3393	3149	1500	2446	2240	1824	3711	2055	2447	1879	3560	3939	3713	0	2940	3007	4180	4874	2867	506	2055	1755	2557	975	2317	3767	3263	2931	1839	
6605	1740	4454	5383	3585	1554	3761	6014	4105	6025	2107	2229	3155	4710	4577	3343	6439	273	3325	375	6339	3742	2518	4264	1714	1909	743	1118	4597	2760	2182	3093	2338	3095	4177	2940	0	406	5067	4530	3825	3410	2641	1950	2501	3843	2658	2720	3925	1417	3078	
6283	1503	4131	5144	3248	1164	3501	5694	4249	5715	1901	1992	2865	4351	4209	3013	6109	141	3036	186	6004	3509	2138	4004	1645	1617	773	1240	4303	2540	1894	2908	1943	2703	3854	3007	406	0	4763	4145	3564	3449	2417	1785	2207	3946	2399	2325	3629	1044	2897	
1584	3357	709	1153	1599	3739	1430	998	5207	964	3073	2897	1916	1186	1440	1783	1476	4837	1749	4702	1432	1626	2859	1031	3756	3158	4512	4571	496	2468	2885	2382	3209	2652	956	4180	5067	4763	0	1961	1372	4014	2559	3309	2566	4699	2451	2947	1145	3768	2419	
2750	3177	1439	3082	1395	2981	2295	2303	6165	2462	3125	2912	2115	779	522	1625	2504	4261	2057	4161	2348	2607	2016	2342	3847	2861	4226	4484	1943	2820	2677	3050	2216	1450	1432	4874	4530	4145	1961	0	2287	4909	2831	3379	2431	5657	2583	1837	1841	3116	3087	
2952	2085	1061	1600	1037	2680	63	2370	4012	2318	1752	1600	755	1775	1879	991	2847	3617	606	3475	2795	329	2009	440	2401	1951	3212	3226	878	1115	1677	1018	2371	2111	903	2867	3825	3564	1372	2287	0	2772	1219	1970	1381	3498	1168	2250	451	2653	1056	
5478	2460	3833	3533	3515	3455	2736	4954	1256	4835	2165	2312	2802	4526	4589	3300	5439	3392	2852	3269	5425	2453	3600	2994	1871	2708	2693	2300	3570	2135	2661	1860	3806	4103	3656	506	3410	3449	4014	4909	2772	0	2165	2032	2715	749	2432	3974	3198	3271	1822	
4142	914	2079	2742	1460	1738	1156	3552	3397	3519	538	429	753	2611	2601	1210	4017	2453	879	2308	3948	1101	1498	1648	1199	892	2000	2013	2065	124	676	560	1774	1946	1827	2055	2641	2417	2559	2831	1219	2165	0	753	579	2907	268	1860	1442	1642	568	
4890	431	2802	3463	2088	1436	1908	4299	3149	4270	259	471	1445	3271	3225	1824	4760	1795	1595	1649	4686	1830	1660	2396	478	692	1267	1262	2816	857	735	1144	1805	2243	2540	1755	1950	1785	3309	3379	1970	2032	753	0	948	2710	884	2030	2181	1268	1128	
4113	821	1970	2981	1167	1311	1321	3520	3927	3525	694	483	658	2352	2289	904	3958	2274	829	2138	3867	1400	919	1817	1420	593	1975	2124	2097	659	320	1099	1207	1390	1695	2557	2501	2207	2566	2431	1381	2715	579	948	0	3448	342	1282	1424	1272	1117	
6118	3128	4558	4120	4263	4100	3465	5613	514	5481	2869	3029	3551	5262	5331	4049	6095	3869	3600	3761	6091	3174	4320	3693	2475	3398	3173	2729	4270	2881	3375	2608	4508	4838	4390	975	3843	3946	4699	5657	3498	749	2907	2710	3448	0	3174	4695	3931	3906	2570	
4025	920	1920	2746	1232	1606	1105	3432	3663	3415	632	446	562	2402	2376	973	3887	2450	714	2308	3808	1124	1254	1608	1357	801	2063	2135	1964	322	540	757	1549	1681	1656	2317	2658	2399	2451	2583	1168	2432	268	884	342	3174	0	1609	1311	1538	775	
4268	1677	2239	3733	1376	1167	2209	3715	5157	3796	1834	1665	1560	2186	1990	1285	4057	2447	1664	2359	3927	2419	375	2600	2417	1354	2518	2860	2607	1931	1321	2352	382	387	1999	3767	2720	2325	2947	1837	2250	3974	1860	2030	1282	4695	1609	0	2027	1329	2375	
2714	2212	658	1707	689	2645	470	2121	4445	2108	1939	1756	772	1333	1428	747	2578	3699	604	3562	2506	778	1848	598	2641	2018	3368	3442	674	1364	1743	1386	2213	1825	459	3263	3925	3629	1145	1841	451	3198	1442	2181	1424	3931	1311	2027	0	2654	1426	
5261	844	3114	4253	2219	212	2593	4676	4304	4708	1239	1228	1916	3308	3165	1996	5081	1151	2083	1046	4972	2658	1101	3087	1434	751	1212	1611	3325	1764	999	2194	959	1691	2840	2931	1417	1044	3768	3116	2653	3271	1642	1268	1272	3906	1538	1329	2654	0	2195	
3988	1415	2082	2372	1694	2301	1004	3414	3078	3346	1001	967	991	2729	2774	1488	3895	2917	1030	2770	3847	804	2026	1411	1464	1449	2386	2299	1930	463	1244	40	2324	2410	1874	1839	3078	2897	2419	3087	1056	1822	568	1128	1117	2570	775	2375	1426	2195	0	


0	 CF140FL 	 0 	 0 	 540  	 1080  	 0  	 0 

1	 CF142PS 	 1 	 5 	 660  	 900  	 8  	 4 
2	 CF146PN	 1 	 7 	 600  	 840  	 7  	 3 
3	 CF140NP	 1 	 6 	 660  	 900  	 8  	 4 
4	 CF146EP 	 1 	 5 	 540  	 780  	 10  	 5 
5	 CF142FW	 1 	 2 	 600  	 840  	 5  	 2 
6	 CF144NP	 1 	 4 	 540  	 780  	 6  	 3 
7	 CF149EH 	 1 	 9 	 540  	 780  	 7  	 3 
8	 CF244BF 	 0 	 24 	 540  	 780  	 9  	 4 
9	 CF149BS 	 1 	 8 	 600  	 840  	 9  	 4 
10	 CF141EP 	 0 	 9 	 720  	 960  	 9  	 4 
11	 CF141HL 	 1 	 9 	 540  	 780  	 7  	 3 
12	 CF141TD 	 1 	 8 	 600  	 840  	 7  	 3 
13	 CF146SQ 	 0 	 11 	 660  	 900  	 6  	 3 
14	 CF146SU 	 1 	 2 	 540  	 780  	 6  	 3 
15	 CF146DG	 1 	 1 	 600  	 840  	 5  	 2 
16	 CF149JE 	 1 	 5 	 720  	 960  	 10  	 5 
17	 CF52NQ 	 1 	 10 	 600  	 840  	 8  	 4 
18	 CF141UH	 1 	 8 	 720  	 960  	 10  	 5 
19	 CF52NS 	 1 	 9 	 540  	 780  	 6  	 3 
20	 CF149JL 	 1 	 7 	 600  	 840  	 8  	 4 
21	 CF144JZ 	 1 	 3 	 720  	 960  	 10  	 5 
22	 CF142AQ	 0 	 1 	 600  	 840  	 7  	 3 
23	 CF148NN	 1 	 8 	 720  	 960  	 7  	 3 
24	 CF142SF 	 1 	 8 	 720  	 960  	 5  	 2 
25	 CF141LR 	 1 	 5 	 660  	 900  	 5  	 2 
26	 CF52LS 	 1 	 9 	 540  	 780  	 7  	 3 
27	 CF52AT 	 1 	 2 	 720  	 960  	 5  	 2 
28	 CF145ZG 	 1 	 10 	 600  	 840  	 7  	 3 
29	 CF141RU 	 1 	 9 	 660  	 900  	 7  	 3 
30	 CF141NP	 1 	 2 	 600  	 840  	 8  	 4 
31	 CF144DA	 1 	 2 	 600  	 840  	 7  	 3 
32	 CF142BX 	 1 	 10 	 660  	 900  	 5  	 2 
33	 CF147AU	 0 	 3 	 720  	 960  	 10  	 5 
34	 CF146NY	 1 	 4 	 540  	 780  	 10  	 5 
35	 CF103EQ 	 1 	 9 	 660  	 900  	 10  	 5 
36	 CF52JP 	 0 	 24 	 600  	 840  	 7  	 3 
37	 CF52NL 	 1 	 9 	 600  	 840  	 6  	 3 
38	 CF145BS 	 0 	 23 	 660  	 900  	 10  	 5 
39	 CF146UR 	 1 	 5 	 660  	 900  	 7  	 3 
40	 CF144NN	 0 	 4 	 600  	 840  	 10  	 5 
41	 CF244JW 	 1 	 1 	 660  	 900  	 7  	 3 
42	 CF141EB 	 1 	 10 	 600  	 840  	 8  	 4 
43	 CF142RY 	 1 	 3 	 720  	 960  	 7  	 3 
44	 CF141PX 	 1 	 9 	 600  	 840  	 6  	 3 
45	 CF244BL 	 1 	 9 	 600  	 840  	 5  	 2 
46	 CF141SB 	 1 	 8 	 600  	 840  	 7  	 3 
47	 CF142TQ 	 1 	 1 	 600  	 840  	 7  	 3 
48	 CF144SY 	 1 	 6 	 540  	 780  	 10  	 5 
49	 CF142FB 	 1 	 9 	 600  	 840  	 10  	 5 
50	 CF144DD	 0 	 19 	 540  	 780  	 6  	 3 
