50

1200
32
10
500

0	1820	2965	3327	3727	2701	3427	2685	1139	1756	1130	2150	2378	2396	2807	980	1500	388	2013	1065	2836	1471	2309	1338	3195	1154	3661	3465	2431	700	2484	2607	2085	1723	1471	1946	960	3564	2059	2226	3087	2672	1019	2133	2053	1948	2860	1329	3812	1272	2487	
1820	0	1320	2324	3566	2718	1609	2790	2430	1709	1149	425	849	1461	1136	2582	891	2207	2402	1857	2424	565	2616	570	2422	731	3560	1670	1810	1304	1240	1791	2179	1821	1386	1719	1305	3159	595	651	1297	2367	1879	1716	1344	323	1291	1802	3234	2006	2637	
2965	1320	0	1453	3134	3910	925	4000	3211	2981	2468	897	1659	1136	186	3505	1540	3325	3689	3174	3501	1495	3879	1881	1742	2021	3175	735	1553	2309	753	1350	2321	2145	2687	1864	2617	2611	906	743	514	3491	3193	1706	1365	1061	189	3120	2533	2631	2653	
3327	2324	1453	0	1780	5039	2331	5107	3047	4003	3312	1972	2963	959	1559	3467	1896	3593	4661	3930	4735	2116	4902	2746	402	2808	1848	2077	938	2635	1084	723	1694	1800	3650	1480	3393	1226	1729	1703	1961	4688	3929	1259	1278	2002	1306	3981	1087	2426	1775	
3727	3566	3134	1780	0	6079	4052	6114	2907	4999	4215	3349	4364	2163	3190	3369	2788	3829	5539	4646	5927	3127	5819	3777	1411	3754	126	3821	1763	3190	2516	1850	1649	2042	4624	1941	4213	558	3035	3098	3645	5834	4622	1870	2223	3284	2958	4803	845	2474	1251	
2701	2718	3910	5039	6079	0	3678	135	3840	1080	1867	3103	2291	4138	3728	3624	3309	2893	738	1641	638	2995	489	2333	5105	2329	6045	3904	4416	2963	3957	4458	4479	4071	1455	4138	1900	5759	3311	3360	3642	506	1692	4228	3933	3041	3941	1376	5891	3852	4942	
3427	1609	925	2331	4052	3678	0	3790	3904	2934	2649	1307	1427	2038	917	4129	2205	3812	3636	3350	3162	2029	3764	2145	2650	2322	4097	291	2464	2862	1645	2273	3193	2967	2730	2718	2836	3522	1521	1348	443	3202	3385	2586	2215	1514	1110	3214	3418	3375	3554	
2685	2790	4000	5107	6114	135	3790	0	3824	1122	1898	3182	2393	4197	3818	3594	3354	2861	689	1621	773	3046	412	2386	5163	2372	6077	4012	4466	2978	4027	4514	4504	4096	1495	4174	1917	5804	3381	3436	3743	637	1669	4271	3983	3113	4026	1370	5944	3858	4965	
1139	2430	3211	3047	2907	3840	3904	3824	0	2872	2166	2609	3182	2286	3099	465	1702	1035	3149	2203	3951	1900	3444	2140	2792	1985	2818	3858	2114	1159	2540	2359	1430	1248	2556	1575	2036	2889	2387	2564	3494	3794	2156	1798	1942	2408	3056	2467	3206	626	1676	
1756	1709	2981	4003	4999	1080	2934	1122	2872	0	791	2120	1510	3081	2795	2729	2232	2028	712	813	1081	1925	907	1266	4046	1250	4965	3113	3344	1907	2930	3396	3403	2995	375	3058	853	4682	2289	2360	2799	923	874	3150	2861	2026	2983	513	4822	2812	3869	
1130	1149	2468	3312	4215	1867	2649	1898	2166	791	0	1572	1368	2367	2285	2101	1474	1478	1360	713	1823	1198	1621	594	3317	505	4179	2765	2592	1127	2270	2668	2613	2205	422	2276	204	3914	1658	1768	2408	1688	740	2379	2115	1426	2430	673	4072	2039	3078	
2150	425	897	1972	3349	3103	1307	3182	2609	2120	1572	0	1022	1192	714	2822	931	2528	2819	2278	2765	722	3025	985	2116	1131	3358	1316	1590	1556	898	1518	2109	1800	1806	1626	1722	2903	323	270	937	2725	2298	1569	1172	207	868	2227	2939	2111	2539	
2378	849	1659	2963	4364	2291	1427	2393	3182	1510	1368	1022	0	2213	1488	3263	1739	2761	2209	2015	1844	1404	2341	1060	3133	1236	4367	1626	2602	2024	1911	2540	3027	2670	1342	2562	1571	3925	1329	1287	1351	1846	2058	2544	2158	1084	1725	1833	3958	2820	3483	
2396	1461	1136	959	2163	4138	2038	4197	2286	3081	2367	1192	2213	0	1121	2659	938	2687	3723	2973	3883	1169	3971	1816	968	1862	2178	1871	433	1697	393	330	1195	1087	2720	770	2439	1713	889	936	1598	3818	2970	582	356	1154	948	3030	1773	1665	1518	
2807	1136	186	1559	3190	3728	917	3818	3099	2795	2285	714	1488	1121	0	3377	1410	3172	3503	2992	3327	1337	3694	1699	1819	1842	3225	780	1550	2162	729	1371	2281	2076	2501	1811	2436	2680	752	581	477	3314	3012	1671	1308	885	254	2935	2627	2532	2637	
980	2582	3505	3467	3369	3624	4129	3594	465	2729	2101	2822	3263	2659	3377	0	1967	733	2907	1989	3806	2100	3198	2203	3230	2029	3278	4112	2529	1279	2876	2765	1886	1670	2451	1987	1939	3354	2638	2817	3739	3637	1934	2209	2306	2615	3362	2276	3668	1044	2142	
1500	891	1540	1896	2788	3309	2205	3354	1702	2232	1474	931	1739	938	1410	1967	0	1828	2832	2041	3140	351	3094	989	1854	983	2766	2157	1118	805	985	1211	1300	931	1859	865	1521	2450	685	862	1792	3046	2037	922	646	746	1405	2119	2599	1181	1766	
388	2207	3325	3593	3829	2893	3812	2861	1035	2028	1478	2528	2761	2687	3172	733	1828	0	2174	1263	3096	1835	2466	1726	3429	1541	3753	3844	2674	1025	2809	2871	2221	1899	1781	2161	1293	3719	2421	2592	3465	2922	1207	2363	2335	2324	3213	1556	3992	1358	2578	
2013	2402	3689	4661	5539	738	3636	689	3149	712	1360	2819	2209	3723	3503	2907	2832	2174	0	950	1154	2554	296	1917	4677	1861	5495	3822	3950	2364	3601	4027	3907	3503	1019	3611	1329	5263	2968	3052	3511	961	994	3729	3475	2713	3686	737	5430	3218	4359	
1065	1857	3174	3930	4646	1641	3350	1621	2203	813	713	2278	2015	2973	2992	1989	2041	1263	950	0	1845	1826	1246	1293	3892	1166	4595	3475	3139	1457	2924	3252	3002	2604	706	2747	560	4407	2339	2462	3120	1666	61	2888	2684	2123	3128	305	4604	2277	3442	
2836	2424	3501	4735	5927	638	3162	773	3951	1081	1823	2765	1844	3883	3327	3806	3140	3096	1154	1845	0	2800	1021	2153	4846	2200	5906	3406	4206	2949	3653	4211	4387	3982	1407	3999	1921	5560	3015	3033	3178	194	1905	4057	3725	2742	3557	1543	5655	3861	4858	
1471	565	1495	2116	3127	2995	2029	3046	1900	1925	1198	722	1404	1169	1337	2100	351	1835	2554	1826	2800	0	2806	662	2124	694	3109	2026	1422	838	1101	1474	1650	1274	1558	1215	1279	2770	588	757	1649	2713	1830	1257	938	516	1396	1864	2897	1445	2117	
2309	2616	3879	4902	5819	489	3764	412	3444	907	1621	3025	2341	3971	3694	3198	3094	2466	296	1246	1021	2806	0	2157	4930	2116	5777	3966	4212	2652	3833	4280	4192	3787	1252	3887	1607	5534	3194	3267	3670	840	1290	3999	3734	2933	3887	1025	5693	3512	4646	
1338	570	1881	2746	3777	2333	2145	2386	2140	1266	594	985	1060	1816	1699	2203	989	1726	1917	1293	2153	662	2157	0	2779	185	3753	2229	2084	983	1687	2130	2244	1846	905	1845	736	3431	1065	1174	1860	2057	1312	1910	1600	832	1837	1264	3559	1844	2716	
3195	2422	1742	402	1411	5105	2650	5163	2792	4046	3317	2116	3133	968	1819	3230	1854	3429	4677	3892	4846	2124	4930	2779	0	2816	1469	2412	766	2523	1222	650	1389	1565	3682	1270	3374	872	1836	1847	2255	4784	3884	1066	1208	2107	1575	3972	826	2186	1406	
1154	731	2021	2808	3754	2329	2322	2372	1985	1250	505	1131	1236	1862	1842	2029	983	1541	1861	1166	2200	694	2116	185	2816	0	3725	2398	2098	838	1770	2166	2187	1782	877	1814	607	3432	1173	1298	2027	2090	1179	1900	1618	962	1965	1175	3578	1725	2658	
3661	3560	3175	1848	126	6045	4097	6077	2818	4965	4179	3358	4367	2178	3225	3278	2766	3753	5495	4595	5906	3109	5777	3753	1469	3725	0	3871	1768	3139	2540	1872	1594	1993	4590	1911	4171	641	3041	3111	3684	5809	4569	1854	2217	3285	2997	4758	953	2401	1177	
3465	1670	735	2077	3821	3904	291	4012	3858	3113	2765	1316	1626	1871	780	4112	2157	3844	3822	3475	3406	2026	3966	2229	2412	2398	3871	0	2288	2864	1485	2080	3051	2856	2884	2587	2944	3283	1475	1297	378	3438	3505	2438	2085	1521	924	3360	3163	3304	3388	
2431	1810	1553	938	1763	4416	2464	4466	2114	3344	2592	1590	2602	433	1550	2529	1118	2674	3950	3139	4206	1422	4212	2084	766	2098	1768	2288	0	1757	824	262	843	866	2973	542	2634	1354	1274	1347	2027	4127	3129	320	484	1523	1365	3234	1480	1491	1104	
700	1304	2309	2635	3190	2963	2862	2978	1159	1907	1127	1556	2024	1697	2162	1279	805	1025	2364	1457	2949	838	2652	983	2523	838	3139	2864	1757	0	1789	1918	1546	1148	1547	1309	1063	2963	1410	1585	2487	2814	1433	1474	1358	1349	2191	1627	3181	914	1995	
2484	1240	753	1084	2516	3957	1645	4027	2540	2930	2270	898	1911	393	729	2876	985	2809	3601	2924	3653	1101	3833	1687	1222	1770	2540	1485	824	1789	0	668	1568	1408	2584	1114	2371	2037	646	628	1205	3604	2930	953	625	917	569	2943	2047	1935	1909	
2607	1791	1350	723	1850	4458	2273	4514	2359	3396	2668	1518	2540	330	1371	2765	1211	2871	4027	3252	4211	1474	4280	2130	650	2166	1872	2080	262	1918	668	0	1104	1115	3032	785	2729	1386	1218	1258	1843	4144	3246	563	570	1484	1164	3325	1444	1734	1338	
2085	2179	2321	1694	1649	4479	3193	4504	1430	3403	2613	2109	3027	1195	2281	1886	1300	2221	3907	3002	4387	1650	4192	2244	1389	2187	1594	3051	843	1546	1568	1104	0	408	3030	486	2589	1499	1792	1925	2750	4275	2976	615	981	1972	2136	3170	1789	874	472	
1723	1821	2145	1800	2042	4071	2967	4096	1248	2995	2205	1800	2670	1087	2076	1670	931	1899	3503	2604	3982	1274	3787	1846	1565	1782	1993	2856	866	1148	1408	1115	408	0	2623	330	2183	1841	1498	1648	2529	3869	2580	552	783	1644	1968	2766	2096	627	876	
1471	1386	2687	3650	4624	1455	2730	1495	2556	375	422	1806	1342	2720	2501	2451	1859	1781	1019	706	1407	1558	1252	905	3682	877	4590	2884	2973	1547	2584	3032	3030	2623	0	2683	521	4308	1949	2034	2551	1268	759	2775	2492	1695	2674	491	4453	2457	3497	
1946	1719	1864	1480	1941	4138	2718	4174	1575	3058	2276	1626	2562	770	1811	1987	865	2161	3611	2747	3999	1215	3887	1845	1270	1814	1911	2587	542	1309	1114	785	486	330	2683	0	2283	1660	1308	1439	2276	3899	2730	223	504	1495	1682	2879	1873	950	921	
960	1305	2617	3393	4213	1900	2836	1917	2036	853	204	1722	1571	2439	2436	1939	1521	1293	1329	560	1921	1279	1607	736	3374	607	4171	2944	2634	1063	2371	2729	2589	2183	521	2283	0	3935	1780	1902	2582	1773	576	2403	2167	1563	2568	601	4110	1960	3048	
3564	3159	2611	1226	558	5759	3522	5804	2889	4682	3914	2903	3925	1713	2680	3354	2450	3719	5263	4407	5560	2770	5534	3431	872	3432	641	3283	1354	2963	2037	1386	1499	1841	4308	1660	3935	0	2600	2643	3124	5480	4389	1535	1836	2861	2441	4534	377	2371	1230	
2059	595	906	1729	3035	3311	1521	3381	2387	2289	1658	323	1329	889	752	2638	685	2421	2968	2339	3015	588	3194	1065	1836	1173	3041	1475	1274	1410	646	1218	1792	1498	1949	1308	1780	2600	0	179	1108	2961	2351	1246	849	273	812	2329	2654	1855	2219	
2226	651	743	1703	3098	3360	1348	3436	2564	2360	1768	270	1287	936	581	2817	862	2592	3052	2462	3033	757	3267	1174	1847	1298	3111	1297	1347	1585	628	1258	1925	1648	2034	1439	1902	2643	179	0	930	2990	2477	1356	959	342	668	2435	2672	2027	2338	
3087	1297	514	1961	3645	3642	443	3743	3494	2799	2408	937	1351	1598	477	3739	1792	3465	3511	3120	3178	1649	3670	1860	2255	2027	3684	378	2027	2487	1205	1843	2750	2529	2551	2276	2582	3124	1108	930	0	3192	3148	2143	1772	1142	688	3018	3044	2951	3113	
2672	2367	3491	4688	5834	506	3202	637	3794	923	1688	2725	1846	3818	3314	3637	3046	2922	961	1666	194	2713	840	2057	4784	2090	5809	3438	4127	2814	3604	4144	4275	3869	1268	3899	1773	5480	2961	2990	3192	0	1725	3967	3644	2688	3537	1366	5587	3725	4745	
1019	1879	3193	3929	4622	1692	3385	1669	2156	874	740	2298	2058	2970	3012	1934	2037	1207	994	61	1905	1830	1290	1312	3884	1179	4569	3505	3129	1433	2930	3246	2976	2580	759	2730	576	4389	2351	2477	3148	1725	0	2874	2677	2139	3144	365	4590	2241	3413	
2133	1716	1706	1259	1870	4228	2586	4271	1798	3150	2379	1569	2544	582	1671	2209	922	2363	3729	2888	4057	1257	3999	1910	1066	1900	1854	2438	320	1474	953	563	615	552	2775	223	2403	1535	1246	1356	2143	3967	2874	0	398	1462	1521	3003	1716	1173	983	
2053	1344	1365	1278	2223	3933	2215	3983	1942	2861	2115	1172	2158	356	1308	2306	646	2335	3475	2684	3725	938	3734	1600	1208	1618	2217	2085	484	1358	625	570	981	783	2492	504	2167	1836	849	959	1772	3644	2677	398	0	1074	1187	2765	1961	1325	1379	
1948	323	1061	2002	3284	3041	1514	3113	2408	2026	1426	207	1084	1154	885	2615	746	2324	2713	2123	2742	516	2933	832	2107	962	3285	1521	1523	1349	917	1484	1972	1644	1695	1495	1563	2861	273	342	1142	2688	2139	1462	1074	0	1005	2092	2923	1922	2415	
2860	1291	189	1306	2958	3941	1110	4026	3056	2983	2430	868	1725	948	254	3362	1405	3213	3686	3128	3557	1396	3887	1837	1575	1965	2997	924	1365	2191	569	1164	2136	1968	2674	1682	2568	2441	812	668	688	3537	3144	1521	1187	1005	0	3092	2377	2468	2465	
1329	1802	3120	3981	4803	1376	3214	1370	2467	513	673	2227	1833	3030	2935	2276	2119	1556	737	305	1543	1864	1025	1264	3972	1175	4758	3360	3234	1627	2943	3325	3170	2766	491	2879	601	4534	2329	2435	3018	1366	365	3003	2765	2092	3092	0	4711	2491	3622	
3812	3234	2533	1087	845	5891	3418	5944	3206	4822	4072	2939	3958	1773	2627	3668	2599	3992	5430	4604	5655	2897	5693	3559	826	3578	953	3163	1480	3181	2047	1444	1789	2096	4453	1873	4110	377	2654	2672	3044	5587	4590	1716	1961	2923	2377	4711	0	2661	1573	
1272	2006	2631	2426	2474	3852	3375	3858	626	2812	2039	2111	2820	1665	2532	1044	1181	1358	3218	2277	3861	1445	3512	1844	2186	1725	2401	3304	1491	914	1935	1734	874	627	2457	950	1960	2371	1855	2027	2951	3725	2241	1173	1325	1922	2468	2491	2661	0	1224	
2487	2637	2653	1775	1251	4942	3554	4965	1676	3869	3078	2539	3483	1518	2637	2142	1766	2578	4359	3442	4858	2117	4646	2716	1406	2658	1177	3388	1104	1995	1909	1338	472	876	3497	921	3048	1230	2219	2338	3113	4745	3413	983	1379	2415	2465	3622	1573	1224	0	


0	 CF142TQ 	 0 	 0 	 540  	 1080  	 0  	 0 

1	 CF141RJ 	 1 	 9 	 600  	 840  	 7  	 3 
2	 CF144BN	 1 	 3 	 540  	 780  	 9  	 4 
3	 CF145LS 	 1 	 4 	 720  	 960  	 7  	 3 
4	 CF149DZ 	 1 	 9 	 540  	 780  	 5  	 2 
5	 CF52HG 	 1 	 6 	 540  	 780  	 8  	 4 
6	 CF143RB 	 1 	 8 	 660  	 900  	 9  	 4 
7	 CF52JW 	 0 	 24 	 660  	 900  	 5  	 2 
8	 CF147HG	 1 	 1 	 600  	 840  	 7  	 3 
9	 CF142JF 	 1 	 6 	 660  	 900  	 7  	 3 
10	 CF141NW 	1 	 1 	 600  	 840  	 7  	 3 
11	 CF144QH	 1 	 4 	 720  	 960  	 8  	 4 
12	 CF143HU	 1 	 1 	 720  	 960  	 5  	 2 
13	 CF145FE 	 1 	 10 	 540  	 780  	 5  	 2 
14	 CF144BL 	 1 	 9 	 660  	 900  	 9  	 4 
15	 CF147EH 	 1 	 4 	 660  	 900  	 9  	 4 
16	 CF146AD	 1 	 9 	 540  	 780  	 8  	 4 
17	 CF147BF 	 1 	 5 	 660  	 900  	 5  	 2 
18	 CF52PU 	 1 	 4 	 720  	 960  	 10  	 5 
19	 CF142FL 	 1 	 5 	 600  	 840  	 6  	 3 
20	 CF52BQ 	 1 	 9 	 540  	 780  	 8  	 4 
21	 CF141SW	 1 	 4 	 720  	 960  	 5  	 2 
22	 CF52ND 	 1 	 2 	 720  	 960  	 9  	 4 
23	 CF141PT 	 0 	 4 	 720  	 960  	 7  	 3 
24	 CF145BU 	 1 	 3 	 600  	 840  	 10  	 5 
25	 CF141PS 	 1 	 1 	 660  	 900  	 6  	 3 
26	 CF149HW 	1 	 4 	 600  	 840  	 5  	 2 
27	 CF143RL 	 1 	 4 	 540  	 780  	 5  	 2 
28	 CF145EN 	 1 	 2 	 720  	 960  	 5  	 2 
29	 CF141AX 	 1 	 6 	 600  	 840  	 6  	 3 
30	 CF144XP 	 1 	 10 	 600  	 840  	 9  	 4 
31	 CF145YA 	 1 	 7 	 600  	 840  	 5  	 2 
32	 CF146RJ 	 0 	 13 	 540  	 780  	 5  	 2 
33	 CF146JW 	 1 	 4 	 600  	 840  	 10  	 5 
34	 CF142HT 	 1 	 1 	 720  	 960  	 8  	 4 
35	 CF146LP 	 1 	 7 	 540  	 780  	 6  	 3 
36	 CF141PF 	 1 	 5 	 600  	 840  	 8  	 4 
37	 CF149EA 	 1 	 3 	 720  	 960  	 7  	 3 
38	 CF144QE 	 1 	 1 	 660  	 900  	 6  	 3 
39	 CF144PN	 1 	 9 	 600  	 840  	 5  	 2 
40	 CF144AW	 1 	 7 	 660  	 900  	 5  	 2 
41	 CF52JD 	 1 	 5 	 720  	 960  	 5  	 2 
42	 CF142FU 	 0 	 16 	 660  	 900  	 5  	 2 
43	 CF146NH	 1 	 4 	 600  	 840  	 7  	 3 
44	 CF144SR 	 1 	 10 	 600  	 840  	 5  	 2 
45	 CF144QR	 0 	 1 	 540  	 780  	 10  	 5 
46	 CF144LX 	 1 	 4 	 540  	 780  	 6  	 3 
47	 CF142FB 	 0 	 1 	 660  	 900  	 5  	 2 
48	 CF149BT 	 1 	 1 	 720  	 960  	 10  	 5 
49	 CF146JA 	 0 	 8 	 600  	 840  	 10  	 5 
50	 CF146QU	 1 	 3 	 600  	 840  	 6  	 3 
