50

1200
32
10
500

0	587	3591	1328	4724	3439	3699	3873	808	4175	2806	1279	1927	1616	588	3804	3307	4874	1871	3224	3171	5164	5365	5809	2686	3756	1149	2734	1554	3724	604	2283	2086	4721	5260	4885	4698	3787	4434	827	4047	3102	3146	3086	4460	4131	3088	3105	4249	3851	3255	
587	0	3004	803	4520	3274	3406	3898	737	3910	2439	1468	2047	1310	25	3316	2724	4502	2071	2932	3335	4888	5065	5604	2100	3609	1246	2485	1966	3492	242	1944	2241	4427	4966	4703	4424	3202	4050	966	3480	3023	2562	2503	4320	3855	2875	2695	3981	3525	2726	
3591	3004	0	2402	4583	3926	3365	5149	3295	3825	2578	3931	4146	2786	3003	1936	405	3573	4346	3140	5195	4466	4460	5440	920	4223	3658	3165	4681	3745	3051	2648	4358	4019	4420	4836	4129	366	3177	3618	1075	4135	488	571	4759	3730	3491	2366	3863	3247	1356	
1328	803	2402	0	4827	3666	3619	4472	894	4148	2586	2222	2743	1691	817	3151	2193	4550	2808	3170	4026	5087	5223	5892	1483	4012	1973	2811	2767	3792	725	2183	2950	4609	5136	5035	4635	2541	4086	1219	2732	3522	2017	1976	4714	4078	3224	2740	4214	3683	2465	
4724	4520	4583	4827	0	1298	1269	1836	5256	761	2288	3680	3136	3214	4495	2715	4224	1531	3379	1667	2796	758	1063	1086	4491	1033	3657	2039	4196	1036	4759	2644	3139	773	951	255	601	4944	1623	5460	5656	1772	4262	4190	570	854	1646	2301	720	1338	3233	
3439	3274	3926	3666	1298	0	842	1299	4009	964	1360	2385	1867	1994	3249	2364	3529	2064	2125	801	1860	1868	2134	2374	3608	347	2359	874	2939	485	3515	1525	1900	1533	2015	1446	1438	4290	1831	4194	4958	570	3519	3436	1051	981	465	1576	1029	1108	2605	
3699	3406	3365	3619	1269	842	0	2107	4133	533	1039	2856	2466	2103	3383	1613	2991	1315	2743	477	2688	1483	1666	2287	3223	986	2755	982	3523	428	3637	1467	2553	1024	1563	1511	1022	3730	1010	4368	4431	1370	3016	2941	1397	459	756	1035	597	268	2009	
3873	3898	5149	4472	1836	1299	2107	0	4588	2018	2575	2615	1962	2808	3873	3663	4747	3149	2100	2088	1061	2591	2896	2611	4724	1136	2726	1987	2840	1690	4133	2572	1847	2459	2781	1792	2306	5509	3024	4694	6148	1028	4715	4631	1273	2080	1674	2848	2056	2359	3866	
808	737	3295	894	5256	4009	4133	4588	0	4641	3149	2051	2680	2045	761	3924	3085	5197	2654	3661	3950	5616	5788	6341	2377	4343	1877	3221	2357	4228	498	2667	2856	5152	5690	5440	5153	3422	4740	326	3553	3744	2910	2867	5054	4584	3611	3379	4712	4243	3278	
4175	3910	3825	4148	761	964	533	2018	4641	0	1571	3252	2793	2601	3886	1981	3464	1140	3061	984	2782	989	1213	1754	3736	909	3181	1442	3866	500	4144	1983	2846	581	1100	1012	525	4188	1029	4867	4898	1533	3502	3430	1026	96	1116	1547	74	578	2474	
2806	2439	2578	2586	2288	1360	1039	2575	3149	1571	0	2217	2048	1193	2418	1326	2178	2070	2318	632	2764	2501	2648	3325	2264	1678	2040	615	2980	1287	2660	529	2209	2024	2556	2517	2049	2941	1629	3404	3600	1575	2161	2078	2296	1497	913	393	1635	1101	1304	
1279	1468	3931	2222	3680	2385	2856	2615	2051	3252	2217	0	654	1209	1447	3476	3566	4144	607	2413	1899	4224	4465	4743	3148	2661	276	1889	791	2761	1666	1722	808	3829	4350	3806	3771	4213	3755	2106	4650	1948	3444	3365	3334	3229	2137	2596	3325	3065	3143	
1927	2047	4146	2743	3136	1867	2466	1962	2680	2793	2048	654	0	1366	2024	3370	3758	3780	280	2073	1289	3734	3994	4174	3453	2104	807	1574	1073	2294	2265	1644	218	3374	3876	3239	3296	4459	3432	2754	4967	1368	3660	3576	2746	2786	1713	2441	2864	2704	3174	
1616	1310	2786	1691	3214	1994	2103	2808	2045	2601	1193	1209	1366	0	1286	2321	2403	3258	1561	1627	2524	3582	3768	4298	2096	2337	965	1177	1998	2184	1547	667	1581	3127	3666	3404	3118	3094	2821	2266	3607	1834	2298	2215	3045	2548	1574	1518	2673	2239	1936	
588	25	3003	817	4495	3249	3383	3873	761	3886	2418	1447	2024	1286	0	3301	2720	4481	2049	2909	3312	4865	5043	5580	2100	3584	1223	2461	1951	3468	267	1921	2219	4405	4943	4678	4401	3203	4029	987	3486	2998	2559	2499	4295	3831	2850	2675	3958	3503	2713	
3804	3316	1936	3151	2715	2364	1613	3663	3924	1981	1326	3476	3370	2321	3301	0	1636	1651	3636	1589	4036	2533	2526	3511	2145	2583	3265	1893	4258	2037	3489	1759	3535	2095	2484	2970	2216	2282	1241	4227	3003	2761	1730	1680	2983	1885	2037	937	2005	1423	738	
3307	2724	405	2193	4224	3529	2991	4747	3085	3464	2178	3566	3758	2403	2720	1636	0	3286	3963	2748	4793	4145	4157	5109	745	3831	3296	2762	4326	3362	2796	2245	3968	3688	4110	4476	3790	762	2871	3410	1441	3731	178	222	4380	3370	3091	1979	3504	2886	991	
4874	4502	3573	4550	1531	2064	1315	3149	5197	1140	2070	4144	3780	3258	4481	1651	3286	0	4057	1731	3912	1013	911	1983	3764	2049	4020	2256	4832	1578	4716	2591	3867	758	901	1747	930	3906	464	5465	4625	2630	3379	3327	2027	1095	2070	1821	1096	1081	2356	
1871	2071	4346	2808	3379	2125	2743	2100	2654	3061	2318	607	280	1561	2049	3636	3963	4057	0	2352	1301	3993	4256	4404	3621	2346	835	1853	817	2561	2273	1898	256	3641	4138	3471	3559	4650	3711	2695	5134	1607	3858	3775	2969	3056	1989	2711	3131	2982	3417	
3224	2932	3140	3170	1667	801	477	2088	3661	984	632	2413	2073	1627	2909	1589	2748	1731	2352	0	2481	1956	2143	2723	2888	1083	2297	524	3107	655	3164	999	2183	1500	2039	1891	1493	3506	1360	3893	4185	1179	2749	2669	1668	923	457	778	1054	653	1808	
3171	3335	5195	4026	2796	1860	2688	1061	3950	2782	2764	1899	1289	2524	3312	4036	4793	3912	1301	2481	0	3526	3824	3656	4604	1884	2091	2156	1901	2341	3550	2552	1097	3306	3705	2797	3175	5533	3689	3996	6102	1321	4723	4637	2263	2818	2025	3121	2837	2956	4047	
5164	4888	4466	5087	758	1868	1483	2591	5616	989	2501	4224	3734	3582	4865	2533	4145	1013	3993	1956	3526	0	305	987	4528	1685	4163	2430	4807	1464	5120	2950	3765	482	196	879	465	4814	1301	5849	5535	2407	4214	4151	1328	1035	2098	2392	915	1406	3168	
5365	5065	4460	5223	1063	2134	1666	2896	5788	1213	2648	4465	3994	3768	5043	2526	4157	911	4256	2143	3824	305	0	1098	4584	1971	4391	2637	5067	1706	5293	3122	4033	644	120	1175	698	4800	1285	6029	5521	2683	4238	4180	1634	1242	2329	2498	1139	1547	3198	
5809	5604	5440	5892	1086	2374	2287	2611	6341	1754	3325	4743	4174	4298	5580	3511	5109	1983	4404	2723	3656	987	1098	0	5456	2082	4732	3121	5217	2114	5843	3714	4156	1422	1084	937	1326	5791	2287	6546	6512	2807	5170	5105	1440	1833	2732	3282	1692	2284	4125	
2686	2100	920	1483	4491	3608	3223	4724	2377	3736	2264	3148	3453	2096	2100	2145	745	3764	3621	2888	4604	4528	4584	5456	0	3937	2872	2763	3863	3538	2135	2152	3670	4053	4522	4734	4131	1105	3319	2701	1514	3696	568	555	4557	3648	3146	2190	3788	3176	1413	
3756	3609	4223	4012	1033	347	986	1136	4343	909	1678	2661	2104	2337	3584	2583	3831	2049	2346	1083	1884	1685	1971	2082	3937	0	2656	1220	3163	560	3851	1870	2107	1424	1851	1145	1299	4588	1891	4521	5265	739	3828	3747	711	959	807	1859	958	1228	2887	
1149	1246	3658	1973	3657	2359	2755	2726	1877	3181	2040	276	807	965	1223	3265	3296	4020	835	2297	2091	4163	4391	4732	2872	2656	0	1775	1040	2700	1459	1527	996	3750	4280	3799	3704	3938	3616	1968	4374	1972	3172	3093	3348	3150	2065	2408	3254	2949	2901	
2734	2485	3165	2811	2039	874	982	1987	3221	1442	615	1889	1574	1177	2461	1893	2762	2256	1853	524	2156	2430	2637	3121	2763	1220	1775	0	2591	1007	2723	650	1702	1992	2529	2233	1965	3523	1875	3434	4163	970	2728	2644	1907	1398	416	966	1515	1177	1918	
1554	1966	4681	2767	4196	2939	3523	2840	2357	3866	2980	791	1073	1998	1951	4258	4326	4832	817	3107	1901	4807	5067	5217	3863	3163	1040	2591	0	3366	2102	2500	1061	4447	4949	4287	4369	4948	4465	2301	5344	2424	4197	4120	3780	3856	2776	3365	3937	3751	3934	
3724	3492	3745	3792	1036	485	428	1690	4228	500	1287	2761	2294	2184	3468	2037	3362	1578	2561	655	2341	1464	1706	2114	3538	560	2700	1007	3366	0	3730	1609	2347	1081	1591	1245	1010	4111	1360	4440	4803	1053	3375	3297	1023	502	638	1384	571	669	2394	
604	242	3051	725	4759	3515	3637	4133	498	4144	2660	1666	2265	1547	267	3489	2796	4716	2273	3164	3550	5120	5293	5843	2135	3851	1459	2723	2102	3730	0	2172	2453	4657	5195	4944	4657	3224	4261	750	3453	3265	2628	2574	4562	4087	3114	2902	4215	3751	2874	
2283	1944	2648	2183	2644	1525	1467	2572	2667	1983	529	1722	1644	667	1921	1759	2245	2591	1898	999	2552	2950	3122	3714	2152	1870	1527	650	2500	1609	2172	0	1829	2485	3023	2853	2489	2994	2155	2909	3597	1545	2185	2099	2553	1921	1064	881	2053	1582	1539	
2086	2241	4358	2950	3139	1900	2553	1847	2856	2846	2209	808	218	1581	2219	3535	3968	3867	256	2183	1097	3765	4033	4156	3670	2107	996	1702	1061	2347	2453	1829	0	3425	3914	3225	3337	4673	3536	2913	5184	1368	3872	3788	2719	2846	1797	2601	2916	2799	3365	
4721	4427	4019	4609	773	1533	1024	2459	5152	581	2024	3829	3374	3127	4405	2095	3688	758	3641	1500	3306	482	644	1422	4053	1424	3750	1992	4447	1081	4657	2485	3425	0	539	996	172	4371	901	5390	5092	2097	3751	3686	1280	600	1691	1909	510	926	2705	
5260	4966	4420	5136	951	2015	1563	2781	5690	1100	2556	4350	3876	3666	4943	2484	4110	901	4138	2039	3705	196	120	1084	4522	1851	4280	2529	4949	1591	5195	3023	3914	539	0	1075	581	4764	1243	5929	5485	2564	4187	4127	1522	1132	2216	2418	1026	1454	3144	
4885	4703	4836	5035	255	1446	1511	1792	5440	1012	2517	3806	3239	3404	4678	2970	4476	1747	3471	1891	2797	879	1175	937	4734	1145	3799	2233	4287	1245	4944	2853	3225	996	1075	0	829	5198	1868	5634	5909	1871	4513	4440	534	1106	1830	2545	974	1590	3485	
4698	4424	4129	4635	601	1438	1022	2306	5153	525	2049	3771	3296	3118	4401	2216	3790	930	3559	1493	3175	465	698	1326	4131	1299	3704	1965	4369	1010	4657	2489	3337	172	581	829	0	4485	1050	5384	5204	1994	3847	3781	1112	570	1639	1966	451	969	2803	
3787	3202	366	2541	4944	4290	3730	5509	3422	4188	2941	4213	4459	3094	3203	2282	762	3906	4650	3506	5533	4814	4800	5791	1105	4588	3938	3523	4948	4111	3224	2994	4673	4371	4764	5198	4485	0	3520	3740	721	4492	810	896	5125	4093	3853	2733	4224	3610	1721	
4434	4050	3177	4086	1623	1831	1010	3024	4740	1029	1629	3755	3432	2821	4029	1241	2871	464	3711	1360	3689	1301	1285	2287	3319	1891	3616	1875	4465	1360	4261	2155	3536	901	1243	1868	1050	3520	0	5010	4242	2377	2954	2898	2032	953	1748	1361	1013	746	1919	
827	966	3618	1219	5460	4194	4368	4694	326	4867	3404	2106	2754	2266	987	4227	3410	5465	2695	3893	3996	5849	6029	6546	2701	4521	1968	3434	2301	4440	750	2909	2913	5390	5929	5634	5384	3740	5010	0	3852	3894	3236	3193	5230	4814	3814	3652	4939	4490	3591	
4047	3480	1075	2732	5656	4958	4431	6148	3553	4898	3600	4650	4967	3607	3486	3003	1441	4625	5134	4185	6102	5535	5521	6512	1514	5265	4374	4163	5344	4803	3453	3597	5184	5092	5485	5909	5204	721	4242	3852	0	5124	1439	1522	5821	4803	4512	3420	4936	4320	2425	
3102	3023	4135	3522	1772	570	1370	1028	3744	1533	1575	1948	1368	1834	2998	2761	3731	2630	1607	1179	1321	2407	2683	2807	3696	739	1972	970	2424	1053	3265	1545	1368	2097	2564	1871	1994	4492	2377	3894	5124	0	3694	3609	1387	1551	724	1884	1597	1637	2878	
3146	2562	488	2017	4262	3519	3016	4715	2910	3502	2161	3444	3660	2298	2559	1730	178	3379	3858	2749	4723	4214	4238	5170	568	3828	3172	2728	4197	3375	2628	2185	3872	3751	4187	4513	3847	810	2954	3236	1439	3694	0	86	4396	3409	3073	1991	3545	2926	1046	
3086	2503	571	1976	4190	3436	2941	4631	2867	3430	2078	3365	3576	2215	2499	1680	222	3327	3775	2669	4637	4151	4180	5105	555	3747	3093	2644	4120	3297	2574	2099	3788	3686	4127	4440	3781	896	2898	3193	1522	3609	86	0	4318	3337	2989	1914	3474	2855	984	
4460	4320	4759	4714	570	1051	1397	1273	5054	1026	2296	3334	2746	3045	4295	2983	4380	2027	2969	1668	2263	1328	1634	1440	4557	711	3348	1907	3780	1023	4562	2553	2719	1280	1522	534	1112	5125	2032	5230	5821	1387	4396	4318	0	1117	1492	2404	1025	1560	3404	
4131	3855	3730	4078	854	981	459	2080	4584	96	1497	3229	2786	2548	3831	1885	3370	1095	3056	923	2818	1035	1242	1833	3648	959	3150	1398	3856	502	4087	1921	2846	600	1132	1106	570	4093	953	4814	4803	1551	3409	3337	1117	0	1092	1460	141	484	2379	
3088	2875	3491	3224	1646	465	756	1674	3611	1116	913	2137	1713	1574	2850	2037	3091	2070	1989	457	2025	2098	2329	2732	3146	807	2065	416	2776	638	3114	1064	1797	1691	2216	1830	1639	3853	1748	3814	4512	724	3073	2989	1492	1092	0	1177	1190	1005	2193	
3105	2695	2366	2740	2301	1576	1035	2848	3379	1547	393	2596	2441	1518	2675	937	1979	1821	2711	778	3121	2392	2498	3282	2190	1859	2408	966	3365	1384	2902	881	2601	1909	2418	2545	1966	2733	1361	3652	3420	1884	1991	1914	2404	1460	1177	0	1600	998	1029	
4249	3981	3863	4214	720	1029	597	2056	4712	74	1635	3325	2864	2673	3958	2005	3504	1096	3131	1054	2837	915	1139	1692	3788	958	3254	1515	3937	571	4215	2053	2916	510	1026	974	451	4224	1013	4939	4936	1597	3545	3474	1025	141	1190	1600	0	619	2513	
3851	3525	3247	3683	1338	1108	268	2359	4243	578	1101	3065	2704	2239	3503	1423	2886	1081	2982	653	2956	1406	1547	2284	3176	1228	2949	1177	3751	669	3751	1582	2799	926	1454	1590	969	3610	746	4490	4320	1637	2926	2855	1560	484	1005	998	619	0	1896	
3255	2726	1356	2465	3233	2605	2009	3866	3278	2474	1304	3143	3174	1936	2713	738	991	2356	3417	1808	4047	3168	3198	4125	1413	2887	2901	1918	3934	2394	2874	1539	3365	2705	3144	3485	2803	1721	1919	3591	2425	2878	1046	984	3404	2379	2193	1029	2513	1896	0	


0	 CF52NP 	 0 	 0 	 540  	 1080  	 0  	 0 

1	 CF52EH 	 1 	 7 	 660  	 900  	 8  	 4 
2	 CF244NN	 1 	 7 	 660  	 900  	 5  	 2 
3	 CF52AA 	 1 	 7 	 540  	 780  	 6  	 3 
4	 CF145JX 	 0 	 19 	 600  	 840  	 8  	 4 
5	 CF146NA	 1 	 1 	 720  	 960  	 8  	 4 
6	 CF145BB 	 1 	 5 	 660  	 900  	 10  	 5 
7	 CF146US 	 1 	 7 	 720  	 960  	 6  	 3 
8	 CF51DP 	 1 	 9 	 540  	 780  	 9  	 4 
9	 CF145YA 	 1 	 8 	 600  	 840  	 7  	 3 
10	 CF144QB	 1 	 6 	 600  	 840  	 7  	 3 
11	 CF142FL 	 1 	 10 	 540  	 780  	 5  	 2 
12	 CF142BR 	 1 	 4 	 720  	 960  	 6  	 3 
13	 CF141JT 	 1 	 10 	 540  	 780  	 6  	 3 
14	 CF52EG 	 1 	 6 	 540  	 780  	 6  	 3 
15	 CF143RH 	 1 	 9 	 720  	 960  	 7  	 3 
16	 CF244QB	 0 	 18 	 660  	 900  	 6  	 3 
17	 CF140NG	 0 	 1 	 660  	 900  	 9  	 4 
18	 CF142BW	 1 	 2 	 540  	 780  	 9  	 4 
19	 CF144SG 	 1 	 4 	 540  	 780  	 6  	 3 
20	 CF147EF 	 1 	 9 	 720  	 960  	 6  	 3 
21	 CF145AD	 1 	 10 	 540  	 780  	 8  	 4 
22	 CF145AW	 1 	 1 	 660  	 900  	 6  	 3 
23	 CF149EX 	 1 	 10 	 660  	 900  	 7  	 3 
24	 CF103HA	 1 	 10 	 660  	 900  	 9  	 4 
25	 CF146NR	 0 	 20 	 660  	 900  	 6  	 3 
26	 CF142LU 	 1 	 1 	 660  	 900  	 7  	 3 
27	 CF141TD 	 1 	 4 	 600  	 840  	 9  	 4 
28	 CF52DJ 	 1 	 6 	 540  	 780  	 9  	 4 
29	 CF144SQ 	 1 	 2 	 660  	 900  	 6  	 3 
30	 CF52JD 	 1 	 6 	 660  	 900  	 10  	 5 
31	 CF141RX 	 1 	 4 	 660  	 900  	 5  	 2 
32	 CF142DF 	 1 	 9 	 720  	 960  	 7  	 3 
33	 CF145DE 	 1 	 8 	 540  	 780  	 9  	 4 
34	 CF145AQ	 1 	 4 	 540  	 780  	 7  	 3 
35	 CF149AY 	 1 	 7 	 660  	 900  	 10  	 5 
36	 CF145BX 	 1 	 8 	 720  	 960  	 5  	 2 
37	 CF244DL 	 1 	 1 	 660  	 900  	 7  	 3 
38	 CF145PR 	 1 	 1 	 720  	 960  	 10  	 5 
39	 CF52BX 	 1 	 6 	 660  	 900  	 9  	 4 
40	 CF244DS 	 1 	 1 	 600  	 840  	 6  	 3 
41	 CF146EF 	 1 	 5 	 600  	 840  	 6  	 3 
42	 CF244JY 	 1 	 8 	 540  	 780  	 5  	 2 
43	 CF244JZ 	 1 	 10 	 720  	 960  	 8  	 4 
44	 CF146QL 	 1 	 1 	 720  	 960  	 10  	 5 
45	 CF145ZA 	 1 	 2 	 600  	 840  	 7  	 3 
46	 CF146AH	 1 	 3 	 660  	 900  	 5  	 2 
47	 CF144BP 	 1 	 8 	 660  	 900  	 9  	 4 
48	 CF145FT 	 1 	 3 	 540  	 780  	 10  	 5 
49	 CF144TS 	 1 	 4 	 720  	 960  	 5  	 2 
50	 CF144UJ 	 1 	 2 	 540  	 780  	 10  	 5 
