50

1200
32
10
500

0	2398	2808	4114	1425	3772	4518	985	6060	3744	4644	4384	4643	557	3618	6217	4956	397	3588	1125	1310	1644	3273	4923	2593	5987	5368	5906	3539	2388	6230	2799	4716	3806	4508	1652	2268	3622	2388	5869	4792	3647	3075	5512	4342	2406	4190	3949	2494	4873	5135	
2398	0	1504	1717	975	1909	3028	1420	3667	1370	2558	2008	2729	1868	1220	3833	2718	2332	1914	1868	1670	1095	900	2674	1453	3818	3239	3990	1190	58	4102	946	2498	2240	2405	1241	1760	2275	58	3887	2550	1295	720	3289	2549	483	2070	1839	1882	2535	2773	
2808	1504	0	2317	1734	1041	1749	2116	3870	2270	1968	2283	1867	2473	1946	3951	2416	2535	795	1761	2758	2314	1541	2403	222	3303	4315	3106	2229	1561	5122	651	2174	1000	1860	1163	750	871	1561	3085	2278	1657	1408	4244	1543	1022	1603	1398	669	2546	2856	
4114	1717	2317	0	2691	1790	2882	3134	1966	481	1711	487	2122	3581	497	2150	1489	4037	2052	3490	3252	2675	893	1429	2436	2552	2086	3088	713	1727	2836	1742	1381	2324	1584	2790	2961	2579	1727	2906	1354	660	1094	1951	2194	1828	1381	1325	2961	1061	1186	
1425	975	1734	2691	0	2527	3472	465	4635	2336	3330	2962	3402	912	2195	4794	3583	1368	2416	1055	1029	702	1850	3546	1565	4649	4092	4683	2142	969	4961	1494	3349	2695	3185	746	1542	2605	969	4615	3417	2230	1654	4189	3148	1027	2855	2613	1750	3464	3718	
3772	1909	1041	1790	2527	0	1189	2968	2954	1962	928	1558	877	3374	1625	3002	1409	3532	323	2779	3483	2952	1380	1405	1259	2264	3875	2157	2033	1963	4598	1039	1177	534	827	2125	1780	820	1963	2101	1288	1222	1387	3715	641	1548	623	503	1654	1639	1951	
4518	3028	1749	2882	3472	1189	0	3865	3536	3121	1375	2544	922	4217	2793	3503	1937	4210	1114	3420	4485	4001	2570	1971	1946	2227	4930	1611	3211	3084	5585	2092	1806	792	1421	2901	2274	897	3084	1693	1913	2385	2571	4719	696	2606	1511	1565	2063	2388	2656	
985	1420	2116	3134	465	2968	3865	0	5087	2759	3788	3420	3845	449	2639	5250	4048	1003	2837	974	783	767	2307	4012	1927	5112	4426	5125	2554	1406	5293	1944	3814	3101	3643	1003	1792	2982	1406	5063	3882	2691	2114	4551	3579	1490	3315	3073	2016	3927	4179	
6060	3667	3870	1966	4635	2954	3536	5087	0	2403	2196	1688	2618	5535	2452	250	1619	5955	3277	5344	5213	4639	2789	1598	4050	1770	2440	2729	2636	3683	2636	3460	1807	3391	2208	4631	4606	3729	3683	2490	1692	2431	2990	2048	2925	3699	2331	2491	4536	1327	1015	
3744	1370	2270	481	2336	1962	3121	2759	2403	0	2077	951	2447	3199	343	2600	1933	3700	2173	3214	2812	2243	731	1874	2349	3017	2045	3501	236	1368	2867	1638	1796	2479	1937	2540	2832	2688	1368	3331	1786	740	892	2005	2459	1587	1681	1564	2869	1535	1667	
4644	2558	1968	1711	3330	928	1375	3788	2196	2077	0	1281	465	4213	1811	2196	577	4427	1216	3690	4215	3651	1783	603	2185	1348	3642	1463	2238	2604	4245	1850	433	1235	155	3015	2708	1577	2604	1335	538	1443	1888	3397	729	2307	488	724	2576	1017	1282	
4384	2008	2283	487	2962	1558	2544	3420	1688	951	1281	0	1720	3869	841	1834	1004	4269	1858	3660	3621	3037	1113	944	2438	2067	2387	2612	1170	2030	3057	1797	914	2083	1171	2947	2987	2376	2030	2426	876	743	1309	2182	1848	2011	1037	1057	2949	587	770	
4643	2729	1867	2122	3402	877	922	3845	2618	2447	465	1720	0	4251	2153	2595	1015	4392	1072	3627	4343	3800	2049	1050	2090	1493	4096	1281	2585	2780	4709	1909	898	968	549	2992	2568	1293	2780	1227	999	1759	2117	3858	369	2408	768	936	2406	1482	1739	
557	1868	2473	3581	912	3374	4217	449	5535	3199	4213	3869	4251	0	3087	5699	4489	694	3223	1025	844	1093	2757	4453	2271	5544	4813	5527	2990	1854	5676	2364	4253	3470	4071	1317	2048	3324	1854	5474	4323	3140	2563	4955	3972	1929	3746	3503	2278	4375	4628	
3618	1220	1946	497	2195	1625	2793	2639	2452	343	1811	841	2153	3087	0	2627	1743	3541	1831	3003	2787	2205	427	1688	2037	2852	2371	3259	432	1233	3177	1327	1576	2139	1664	2309	2537	2346	1233	3103	1585	408	616	2304	2141	1346	1385	1247	2561	1418	1607	
6217	3833	3951	2150	4794	3002	3503	5250	250	2600	2196	1834	2595	5699	2627	0	1625	6100	3324	5471	5402	4825	2945	1614	4139	1617	2687	2591	2835	3852	2857	3573	1834	3415	2226	4758	4694	3755	3852	2353	1720	2575	3143	2292	2919	3839	2382	2559	4613	1410	1109	
4956	2718	2416	1489	3583	1409	1937	4048	1619	1933	577	1004	1015	4489	1743	1625	0	4773	1722	4070	4387	3807	1851	61	2622	1115	3221	1619	2134	2755	3761	2170	245	1791	602	3371	3165	2132	2755	1424	168	1460	2004	2940	1306	2560	814	1035	3056	534	736	
397	2332	2535	4037	1368	3532	4210	1003	5955	3700	4427	4269	4392	694	3541	6100	4773	0	3326	791	1535	1750	3169	4744	2314	5774	5427	5640	3509	2332	6295	2602	4530	3523	4296	1411	1941	3317	2332	5616	4613	3526	2967	5544	4077	2262	3988	3750	2162	4730	5004	
3588	1914	795	2052	2416	323	1114	2837	3277	2173	1216	1858	1072	3223	1831	3324	1722	3326	0	2556	3407	2902	1531	1722	1018	2525	4136	2318	2217	1971	4878	981	1494	334	1131	1936	1507	527	1971	2291	1607	1444	1496	3993	754	1499	945	815	1362	1962	2274	
1125	1868	1761	3490	1055	2779	3420	974	5344	3214	3690	3660	3627	1025	3003	5471	4070	791	2556	0	1743	1686	2599	4046	1539	5037	5093	4863	3053	1885	5960	1911	3826	2740	3566	714	1151	2528	1885	4847	3915	2920	2397	5157	3304	1664	3270	3037	1374	4076	4364	
1310	1670	2758	3252	1029	3483	4485	783	5213	2812	4215	3621	4343	844	2787	5402	4387	1535	3407	1743	0	584	2548	4342	2594	5488	4173	5620	2582	1631	5020	2446	4167	3700	4063	1737	2540	3628	1631	5533	4218	2947	2384	4362	4118	1936	3728	3491	2757	4176	4390	
1644	1095	2314	2675	702	2952	4001	767	4639	2243	3651	3037	3800	1093	2205	4825	3807	1750	2902	1686	584	0	1965	3762	2176	4911	3726	5071	2017	1054	4587	1926	3590	3209	3498	1443	2228	3171	1054	4975	3639	2363	1803	3883	3592	1408	3163	2929	2426	3592	3807	
3273	900	1541	893	1850	1380	2570	2307	2789	731	1783	1113	2049	2757	427	2945	1851	3169	1531	2599	2548	1965	0	1803	1619	2964	2776	3245	704	928	3595	908	1646	1856	1628	1897	2112	2022	928	3114	1684	398	203	2726	1965	936	1308	1112	2141	1636	1874	
4923	2674	2403	1429	3546	1405	1971	4012	1598	1874	603	944	1050	4453	1688	1614	61	4744	1722	4046	4342	3762	1803	0	2607	1167	3164	1680	2076	2711	3710	2143	229	1801	613	3345	3153	2142	2711	1485	131	1411	1958	2886	1331	2524	801	1016	3048	477	692	
2593	1453	222	2436	1565	1259	1946	1927	4050	2349	2185	2438	2090	2271	2037	4139	2622	2314	1018	1539	2594	2176	1619	2607	0	3522	4393	3326	2287	1507	5213	711	2379	1214	2073	956	555	1056	1507	3307	2480	1780	1466	4341	1764	971	1808	1595	525	2730	3038	
5987	3818	3303	2552	4649	2264	2227	5112	1770	3017	1348	2067	1493	5544	2852	1617	1115	5774	2525	5037	5488	4911	2964	1167	3522	0	3978	982	3229	3858	4345	3188	1321	2460	1479	4363	4032	2784	3858	748	1281	2575	3110	3633	1861	3622	1799	2041	3883	1497	1485	
5368	3239	4315	2086	4092	3875	4930	4426	2440	2045	3642	2387	4096	4813	2371	2687	3221	5427	4136	5093	4173	3726	2776	3164	4393	3978	0	4789	2119	3215	869	3683	3230	4409	3548	4478	4863	4663	3215	4567	3154	2708	2929	408	4234	3574	3419	3400	4911	2687	2548	
5906	3990	3106	3088	4683	2157	1611	5125	2729	3501	1463	2612	1281	5527	3259	2591	1619	5640	2318	4863	5620	5071	3245	1680	3326	982	4789	0	3679	4038	5238	3190	1709	2129	1617	4253	3761	2390	4038	239	1737	2903	3343	4474	1564	3687	1940	2157	3574	2136	2242	
3539	1190	2229	713	2142	2033	3211	2554	2636	236	2238	1170	2585	2990	432	2835	2134	3509	2217	3053	2582	2017	704	2076	2287	3229	2119	3679	0	1182	2963	1583	1984	2534	2092	2395	2745	2719	1182	3517	1982	834	822	2121	2567	1461	1817	1675	2799	1756	1898	
2388	58	1561	1727	969	1963	3084	1406	3683	1368	2604	2030	2780	1854	1233	3852	2755	2332	1971	1885	1631	1054	928	2711	1507	3858	3215	4038	1182	0	4079	1004	2537	2298	2450	1270	1806	2333	0	3934	2587	1324	753	3272	2603	540	2116	1885	1932	2563	2797	
6230	4102	5122	2836	4961	4598	5585	5293	2636	2867	4245	3057	4709	5676	3177	2857	3761	6295	4878	5960	5020	4587	3595	3710	5213	4345	869	5238	2963	4079	0	4502	3816	5130	4172	5338	5698	5405	4079	5005	3725	3484	3758	885	4891	4423	4091	4106	5735	3241	3038	
2799	946	651	1742	1494	1039	2092	1944	3460	1638	1850	1797	1909	2364	1327	3573	2170	2602	981	1911	2446	1926	908	2143	711	3188	3683	3190	1583	1004	4502	0	1928	1301	1711	1204	1219	1332	1004	3121	2012	1096	761	3631	1671	519	1392	1151	1233	2170	2464	
4716	2498	2174	1381	3349	1177	1806	3814	1807	1796	433	914	898	4253	1576	1834	245	4530	1494	3826	4167	3590	1646	229	2379	1321	3230	1709	1984	2537	3816	1928	0	1585	404	3128	2924	1923	2537	1535	116	1263	1789	2974	1143	2324	572	791	2818	584	855	
3806	2240	1000	2324	2695	534	792	3101	3391	2479	1235	2083	968	3470	2139	3415	1791	3523	334	2740	3700	3209	1856	1801	1214	2460	4409	2129	2534	2298	5130	1301	1585	0	1189	2164	1633	342	2298	2133	1700	1743	1828	4248	603	1814	1092	1026	1454	2106	2411	
4508	2405	1860	1584	3185	827	1421	3643	2208	1937	155	1171	549	4071	1664	2226	602	4296	1131	3566	4063	3498	1628	613	2073	1479	3548	1617	2092	2450	4172	1711	404	1189	0	2885	2605	1530	2450	1490	519	1291	1733	3315	743	2160	335	574	2482	973	1257	
1652	1241	1163	2790	746	2125	2901	1003	4631	2540	3015	2947	2992	1317	2309	4758	3371	1411	1936	714	1737	1443	1897	3345	956	4363	4478	4253	2395	1270	5338	1204	3128	2164	2885	0	804	2007	1270	4218	3214	2209	1697	4513	2690	963	2579	2343	1021	3364	3651	
2268	1760	750	2961	1542	1780	2274	1792	4606	2832	2708	2987	2568	2048	2537	4694	3165	1941	1507	1151	2540	2228	2112	3153	555	4032	4863	3761	2745	1806	5698	1219	2924	1633	2605	804	0	1389	1806	3764	3027	2311	1940	4836	2222	1321	2352	2146	230	3285	3593	
3622	2275	871	2579	2605	820	897	2982	3729	2688	1577	2376	1293	3324	2346	3755	2132	3317	527	2528	3628	3171	2022	2142	1056	2784	4663	2390	2719	2333	5405	1332	1923	342	1530	2007	1389	0	2333	2416	2039	1966	1962	4520	924	1816	1416	1323	1189	2435	2743	
2388	58	1561	1727	969	1963	3084	1406	3683	1368	2604	2030	2780	1854	1233	3852	2755	2332	1971	1885	1631	1054	928	2711	1507	3858	3215	4038	1182	0	4079	1004	2537	2298	2450	1270	1806	2333	0	3934	2587	1324	753	3272	2603	540	2116	1885	1932	2563	2797	
5869	3887	3085	2906	4615	2101	1693	5063	2490	3331	1335	2426	1227	5474	3103	2353	1424	5616	2291	4847	5533	4975	3114	1485	3307	748	4567	239	3517	3934	5005	3121	1535	2133	1490	4218	3764	2416	3934	0	1552	2759	3223	4248	1545	3607	1821	2049	3586	1930	2020	
4792	2550	2278	1354	3417	1288	1913	3882	1692	1786	538	876	999	4323	1585	1720	168	4613	1607	3915	4218	3639	1684	131	2480	1281	3154	1737	1982	2587	3725	2012	116	1700	519	3214	3027	2039	2587	1552	0	1294	1836	2889	1255	2394	677	887	2925	486	745	
3647	1295	1657	660	2230	1222	2385	2691	2431	740	1443	743	1759	3140	408	2575	1460	3526	1444	2920	2947	2363	398	1411	1780	2575	2708	2903	834	1324	3484	1096	1263	1743	1291	2209	2311	1966	1324	2759	1294	0	578	2601	1733	1268	994	841	2304	1241	1489	
3075	720	1408	1094	1654	1387	2571	2114	2990	892	1888	1309	2117	2563	616	3143	2004	2967	1496	2397	2384	1803	203	1958	1466	3110	2929	3343	822	753	3758	761	1789	1828	1733	1697	1940	1962	753	3223	1836	578	0	2896	1999	734	1404	1189	1982	1818	2065	
5512	3289	4244	1951	4189	3715	4719	4551	2048	2005	3397	2182	3858	4955	2304	2292	2940	5544	3993	5157	4362	3883	2726	2886	4341	3633	408	4474	2121	3272	885	3631	2974	4248	3315	4513	4836	4520	3272	4248	2889	2601	2896	0	4024	3580	3218	3225	4865	2410	2239	
4342	2549	1543	2194	3148	641	696	3579	2925	2459	729	1848	369	3972	2141	2919	1306	4077	754	3304	4118	3592	1965	1331	1764	1861	4234	1564	2567	2603	4891	1671	1143	603	743	2690	2222	924	2603	1545	1255	1733	1999	4024	0	2186	817	895	2052	1716	1998	
2406	483	1022	1828	1027	1548	2606	1490	3699	1587	2307	2011	2408	1929	1346	3839	2560	2262	1499	1664	1936	1408	936	2524	971	3622	3574	3687	1461	540	4423	519	2324	1814	2160	963	1321	1816	540	3607	2394	1268	734	3580	2186	0	1829	1587	1421	2471	2742	
4190	2070	1603	1381	2855	623	1511	3315	2331	1681	488	1037	768	3746	1385	2382	814	3988	945	3270	3728	3163	1308	801	1808	1799	3419	1940	1817	2116	4091	1392	572	1092	335	2579	2352	1416	2116	1821	677	994	1404	3218	817	1829	0	243	2248	1021	1331	
3949	1839	1398	1325	2613	503	1565	3073	2491	1564	724	1057	936	3503	1247	2559	1035	3750	815	3037	3491	2929	1112	1016	1595	2041	3400	2157	1675	1885	4106	1151	791	1026	574	2343	2146	1323	1885	2049	887	841	1189	3225	895	1587	243	0	2055	1166	1479	
2494	1882	669	2961	1750	1654	2063	2016	4536	2869	2576	2949	2406	2278	2561	4613	3056	2162	1362	1374	2757	2426	2141	3048	525	3883	4911	3574	2799	1932	5735	1233	2818	1454	2482	1021	230	1189	1932	3586	2925	2304	1982	4865	2052	1421	2248	2055	0	3210	3521	
4873	2535	2546	1061	3464	1639	2388	3927	1327	1535	1017	587	1482	4375	1418	1410	534	4730	1962	4076	4176	3592	1636	477	2730	1497	2687	2136	1756	2563	3241	2170	584	2106	973	3364	3285	2435	2563	1930	486	1241	1818	2410	1716	2471	1021	1166	3210	0	313	
5135	2773	2856	1186	3718	1951	2656	4179	1015	1667	1282	770	1739	4628	1607	1109	736	5004	2274	4364	4390	3807	1874	692	3038	1485	2548	2242	1898	2797	3038	2464	855	2411	1257	3651	3593	2743	2797	2020	745	1489	2065	2239	1998	2742	1331	1479	3521	313	0	


0	 CF149HB 	 0 	 0 	 540  	 1080  	 0  	 0 

1	 CF145DN  	1 	 5 	 660  	 900  	 8  	 4 
2	 CF146HZ 	 1 	 2 	 720  	 960  	 6  	 3 
3	 CF143BA 	 1 	 7 	 720  	 960  	 5  	 2 
4	 CF145BX 	 1 	 6 	 600  	 840  	 9  	 4 
5	 CF141AW	 1 	 7 	 540  	 780  	 10  	 5 
6	 CF147JS 	 1 	 8 	 600  	 840  	 7  	 3 
7	 CF145AD  	1 	 10 	 600  	 840  	 7  	 3 
8	 CF52AA 	 1 	 9 	 600  	 840  	 5  	 2 
9	 CF144DB 	 1 	 1 	 540  	 780  	 6  	 3 
10	 CF141NJ 	 1 	 9 	 600  	 840  	 5  	 2 
11	 CF141JR 	 1 	 1 	 660  	 900  	 8  	 4 
12	 CF142EN 	 1 	 4 	 540  	 780  	 6  	 3 
13	 CF149DL 	 1 	 1 	 540  	 780  	 7  	 3 
14	 CF144XF 	 1 	 3 	 600  	 840  	 8  	 4 
15	 CF52AG 	 1 	 4 	 720  	 960  	 9  	 4 
16	 CF142HS 	 1 	 10 	 720  	 960  	 9  	 4 
17	 CF149LA 	 1 	 5 	 540  	 780  	 7  	 3 
18	 CF141AY 	 1 	 7 	 600  	 840  	 6  	 3 
19	 CF149AU  	1 	 1 	 540  	 780  	 5  	 2 
20	 CF140SD 	 1 	 3 	 720  	 960  	 6  	 3 
21	 CF145PA 	 1 	 5 	 600  	 840  	 7  	 3 
22	 CF144QP	 1 	 10 	 720  	 960  	 8  	 4 
23	 CF142NR  	1 	 9 	 720  	 960  	 8  	 4 
24	 CF146JU 	 1 	 3 	 540  	 780  	 9  	 4 
25	 CF52PN 	 1 	 5 	 540  	 780  	 10  	 5 
26	 CF244NX  	1 	 1 	 720  	 960  	 10  	 5 
27	 CF52RE 	 0 	 22 	 600  	 840  	 10  	 5 
28	 CF144DJ 	 0 	 16 	 600  	 840  	 8  	 4 
29	 CF148EB 	 1 	 9 	 660  	 900  	 8  	 4 
30	 CF244AD  	1 	 6 	 660  	 900  	 7  	 3 
31	 CF146AN  	1 	 6 	 660  	 900  	 5  	 2 
32	 CF142LF 	 1 	 1 	 660  	 900  	 7  	 3 
33	 CF147AZ 	 1 	 2 	 600  	 840  	 10  	 5 
34	 CF141PA 	 1 	 7 	 660  	 900  	 10  	 5 
35	 CF145JU 	 1 	 5 	 540  	 780  	 10  	 5 
36	 CF146SY 	 1 	 3 	 540  	 780  	 5  	 2 
37	 CF147DD  	1 	 2 	 600  	 840  	 9  	 4 
38	 CF144TS 	 1 	 7 	 540  	 780  	 10  	 5 
39	 CF52RA 	 1 	 5 	 540  	 780  	 9  	 4 
40	 CF142LD 	 1 	 2 	 720  	 960  	 8  	 4 
41	 CF141UP 	 1 	 8 	 720  	 960  	 6  	 3 
42	 CF144QJ 	 1 	 6 	 540  	 780  	 8  	 4 
43	 CF244JU 	 0 	 11 	 660  	 900  	 10  	 5 
44	 CF142DD  	1 	 7 	 660  	 900  	 9  	 4 
45	 CF144NF 	 1 	 6 	 540  	 780  	 7  	 3 
46	 CF141EH 	 1 	 5 	 720  	 960  	 8  	 4 
47	 CF141DQ  	1 	 3 	 540  	 780  	 8  	 4 
48	 CF146SB 	 1 	 4 	 540  	 780  	 6  	 3 
49	 CF142RT 	 1 	 10 	 600  	 840  	 6  	 3 
50	 CF142QW 	1 	 9 	 720  	 960  	 7  	 3 
