50

1200
32
10
500

0	3053	1913	2877	385	1622	2756	4377	1900	4231	3334	3736	4302	382	2623	2756	2482	1075	4144	1034	1707	3481	4350	3748	2904	2169	2550	4502	1100	3506	2040	625	2828	1544	1620	2715	885	2218	4361	2472	534	1465	4058	4590	2615	4256	3417	2099	1121	2757	2495	
3053	0	3626	767	3420	3803	1043	4402	1156	4527	2954	775	4645	2782	5091	1709	1318	2129	1240	2088	1817	469	4529	870	425	1538	1309	4853	2902	1266	2027	3422	561	2007	2820	841	3002	4731	4697	4808	2867	3505	4006	1615	2509	1463	942	2566	4134	1044	1614	
1913	3626	0	3852	2063	516	2797	2676	2664	2449	2110	4402	2498	2192	1573	2352	3735	1767	4296	1900	1814	3897	2595	4486	3282	3522	3797	2680	2981	4572	1664	1412	3151	1639	806	3733	1066	1313	2554	1248	1451	466	2438	5226	1650	5073	4359	1210	1883	2797	2229	
2877	767	3852	0	3207	3931	1666	5005	1189	5090	3554	981	5205	2545	5198	2302	627	2160	1913	2070	2074	1152	5112	928	1110	929	596	5417	2462	721	2411	3355	1212	2224	3064	168	3051	4814	5259	4945	2827	3642	4606	1767	3012	1382	543	2945	3996	1667	2141	
385	3420	2063	3207	0	1691	3141	4626	2272	4456	3651	4089	4519	662	2525	3129	2775	1459	4525	1419	2085	3854	4584	4093	3283	2448	2842	4713	1164	3812	2400	656	3210	1916	1901	3042	1129	2128	4578	2421	847	1598	4324	4938	2944	4588	3742	2415	842	3142	2871	
1622	3803	516	3931	1691	0	3071	3179	2752	2937	2602	4574	2979	1954	1288	2705	3732	1777	4587	1885	1998	4119	3089	4641	3496	3483	3798	3152	2721	4640	1961	1039	3373	1799	1069	3797	917	943	3034	1014	1259	299	2951	5418	2085	5217	4458	1591	1391	3071	2544	
2756	1043	2797	1666	3141	3071	0	3365	1107	3484	1914	1748	3602	2600	4339	666	2011	1688	1517	1724	1131	1146	3488	1878	619	2080	2035	3810	2996	2287	1133	2947	483	1336	2015	1656	2415	4014	3654	4031	2409	2777	2968	2493	1487	2461	1975	1636	3708	1	607	
4377	4402	2676	5005	4626	3179	3365	0	4063	389	1453	5037	471	4537	3692	2707	5218	3695	4306	3842	3236	4386	229	5189	3978	5161	5259	572	5286	5652	2773	4018	3847	3228	2763	4965	3503	3669	478	3391	3845	3114	399	5628	2063	5740	5340	2394	4559	3365	2869	
1900	1156	2664	1189	2272	2752	1107	4063	0	4090	2654	1877	4197	1650	4029	1509	1174	1002	2272	940	916	1581	4137	1918	1029	1101	1224	4414	1914	1908	1321	2273	981	1044	1880	1071	1894	3652	4255	3767	1722	2460	3670	2737	2003	2477	1707	1822	2978	1108	1262	
4231	4527	2449	5090	4456	2937	3484	389	4090	0	1584	5194	122	4419	3357	2819	5258	3631	4527	3780	3226	4548	180	5339	4102	5177	5304	327	5185	5758	2776	3830	3967	3193	2641	5039	3348	3359	170	3066	3706	2903	607	5823	2093	5903	5455	2343	4327	3483	2950	
3334	2954	2110	3554	3651	2602	1914	1453	2654	1584	0	3610	1704	3403	3568	1255	3788	2459	2983	2593	1903	2965	1575	3757	2530	3755	3827	1906	4087	4199	1436	3140	2397	1947	1774	3518	2546	3388	1753	3231	2809	2413	1054	4249	736	4320	3890	1236	3821	1914	1426	
3736	775	4402	981	4089	4574	1748	5037	1877	5194	3610	0	5314	3435	5861	2401	1598	2873	1149	2818	2591	654	5181	174	1151	1910	1557	5516	3429	948	2793	4148	1292	2780	3595	1141	3757	5497	5364	5580	3599	4276	4647	860	3234	714	659	3330	4840	1748	2346	
4302	4645	2498	5205	4519	2979	3602	471	4197	122	1704	5314	0	4497	3351	2937	5367	3722	4650	3872	3328	4669	243	5459	4221	5281	5413	216	5267	5874	2881	3888	4085	3290	2721	5151	3417	3368	60	3067	3780	2956	726	5945	2203	6024	5572	2440	4370	3602	3065	
382	2782	2192	2545	662	1954	2600	4537	1650	4419	3403	3435	4497	0	3000	2690	2121	994	3920	903	1639	3225	4527	3435	2675	1800	2188	4703	790	3154	2033	998	2613	1510	1779	2381	1130	2595	4557	2840	743	1766	4199	4281	2670	3927	3080	2188	1477	2601	2419	
2623	5091	1573	5198	2525	1288	4339	3692	4029	3357	3568	5861	3351	3000	0	3924	4957	3038	5851	3133	3284	5404	3534	5927	4782	4685	5024	3463	3680	5899	3214	2002	4657	3087	2325	5058	2149	405	3392	337	2423	1586	3588	6706	3207	6500	5730	2783	1820	4340	3790	
2756	1709	2352	2302	3129	2705	666	2707	1509	2819	1255	2401	2937	2690	3924	0	2577	1700	1986	1789	1054	1776	2825	2537	1284	2587	2609	3145	3228	2946	780	2803	1148	1214	1640	2274	2215	3634	2989	3600	2316	2428	2309	3109	858	3115	2638	1143	3564	665	275	
2482	1318	3735	627	2775	3732	2011	5218	1174	5258	3788	1598	5367	2121	4957	2577	0	1973	2522	1851	2081	1749	5300	1525	1565	342	68	5583	1906	1045	2494	3023	1629	2182	2991	491	2821	4560	5424	4732	2538	3459	4822	2339	3167	1893	1050	2992	3597	2012	2366	
1075	2129	1767	2160	1459	1777	1688	3695	1002	3631	2459	2873	3722	994	3038	1700	1973	0	3123	151	647	2514	3716	2919	1906	1755	2036	3935	1628	2865	1050	1303	1812	523	1074	2022	894	2656	3782	2788	747	1494	3333	3731	1723	3478	2693	1301	2044	1689	1432	
4144	1240	4296	1913	4525	4587	1517	4306	2272	4527	2983	1149	4650	3920	5851	1986	2522	3123	0	3123	2632	777	4480	1318	1245	2770	2502	4834	4122	2091	2637	4418	1317	2839	3527	2032	3914	5530	4692	5538	3867	4293	3939	1370	2829	1658	1780	3106	5167	1517	2068	
1034	2088	1900	2070	1419	1885	1724	3842	940	3780	2593	2818	3872	903	3133	1789	1851	151	3123	0	745	2489	3865	2856	1892	1622	1916	4086	1496	2766	1173	1334	1807	648	1222	1926	984	2745	3932	2892	782	1608	3478	3677	1859	3406	2607	1448	2056	1724	1517	
1707	1817	1814	2074	2085	1998	1131	3236	916	3226	1903	2591	3328	1639	3284	1054	2081	647	2632	745	0	2122	3288	2672	1498	1959	2134	3544	2226	2794	469	1824	1377	207	1009	1973	1285	2936	3387	2994	1299	1700	2854	3426	1186	3259	2560	912	2587	1131	788	
3481	469	3897	1152	3854	4119	1146	4386	1581	4548	2965	654	4669	3225	5404	1776	1749	2514	777	2489	2122	0	4532	815	624	1992	1733	4870	3369	1464	2249	3816	748	2323	3097	1261	3362	5057	4718	5109	3260	3821	3996	1347	2625	1356	1130	2772	4544	1146	1753	
4350	4529	2595	5112	4584	3089	3488	229	4137	180	1575	5181	243	4527	3534	2825	5300	3716	4480	3865	3288	4532	0	5330	4104	5229	5344	360	5287	5770	2831	3963	3971	3265	2749	5065	3469	3530	250	3241	3822	3044	542	5791	2134	5888	5463	2421	4476	3487	2971	
3748	870	4486	928	4093	4641	1878	5189	1918	5339	3757	174	5459	3435	5927	2537	1525	2919	1318	2856	2672	815	5330	0	1270	1849	1479	5663	3390	792	2897	4180	1411	2856	3680	1094	3809	5558	5509	5651	3635	4344	4797	847	3362	593	528	3436	4858	1878	2469	
2904	425	3282	1110	3283	3496	619	3978	1029	4102	2530	1151	4221	2675	4782	1284	1565	1906	1245	1892	1498	624	4104	1270	0	1715	1572	4428	2910	1681	1648	3209	141	1699	2480	1138	2742	4434	4272	4488	2654	3198	3582	1945	2093	1859	1363	2181	3946	619	1200	
2169	1538	3522	929	2448	3483	2080	5161	1101	5177	3755	1910	5281	1800	4685	2587	342	1755	2770	1622	1959	1992	5229	1849	1715	0	405	5498	1564	1385	2401	2727	1755	2032	2807	772	2566	4285	5340	4472	2262	3219	4770	2673	3098	2235	1388	2868	3277	2080	2354	
2550	1309	3797	596	2842	3798	2035	5259	1224	5304	3827	1557	5413	2188	5024	2609	68	2036	2502	1916	2134	1733	5344	1479	1572	405	0	5629	1966	981	2543	3091	1642	2239	3051	472	2887	4627	5470	4798	2605	3524	4863	2287	3212	1835	996	3044	3665	2035	2403	
4502	4853	2680	5417	4713	3152	3810	572	4414	327	1906	5516	216	4703	3463	3145	5583	3935	4834	4086	3544	4870	360	5663	4428	5498	5629	0	5475	6085	3097	4078	4293	3506	2929	5365	3617	3501	159	3190	3982	3141	897	6139	2418	6225	5782	2655	4543	3809	3277	
1100	2902	2981	2462	1164	2721	2996	5286	1914	5185	4087	3429	5267	790	3680	3228	1906	1628	4122	1496	2226	3369	5287	3390	2910	1564	1966	5475	0	2939	2668	1714	2884	2144	2546	2296	1919	3279	5327	3555	1533	2549	4937	4226	3351	3799	2951	2907	1979	2996	2953	
3506	1266	4572	721	3812	4640	2287	5652	1908	5758	4199	948	5874	3154	5899	2946	1045	2865	2091	2766	2794	1464	5770	792	1681	1385	981	6085	2939	0	3121	4019	1807	2945	3785	844	3750	5511	5928	5653	3507	4354	5254	1422	3697	907	335	3657	4626	2287	2812	
2040	2027	1664	2411	2400	1961	1133	2773	1321	2776	1436	2793	2881	2033	3214	780	2494	1050	2637	1173	469	2249	2831	2897	1648	2401	2543	3097	2668	3121	0	2031	1511	527	893	2330	1438	2901	2939	2902	1566	1674	2389	3591	717	3489	2858	542	2789	1133	585	
625	3422	1412	3355	656	1039	2947	4018	2273	3830	3140	4148	3888	998	2002	2803	3023	1303	4418	1334	1824	3816	3963	4180	3209	2727	3091	4078	1714	4019	2031	0	3112	1625	1365	3200	607	1597	3946	1848	556	946	3732	5008	2469	4718	3897	1925	765	2948	2569	
2828	561	3151	1212	3210	3373	483	3847	981	3967	2397	1292	4085	2613	4657	1148	1629	1812	1317	1807	1377	748	3971	1411	141	1755	1642	4293	2884	1807	1511	3112	0	1580	2350	1225	2633	4313	4137	4361	2558	3075	3450	2080	1953	2000	1493	2043	3856	484	1059	
1544	2007	1639	2224	1916	1799	1336	3228	1044	3193	1947	2780	3290	1510	3087	1214	2182	523	2839	648	207	2323	3265	2856	1699	2032	2239	3506	2144	2945	527	1625	1580	0	841	2113	1079	2735	3350	2801	1110	1501	2855	3620	1214	3440	2722	851	2390	1336	959	
1620	2820	806	3064	1901	1069	2015	2763	1880	2641	1774	3595	2721	1779	2325	1640	2991	1074	3527	1222	1009	3097	2749	3680	2480	2807	3051	2929	2546	3785	893	1365	2350	841	0	2951	777	2008	2781	2018	1086	788	2438	4421	1120	4268	3563	578	2065	2015	1475	
2715	841	3733	168	3042	3797	1656	4965	1071	5039	3518	1141	5151	2381	5058	2274	491	2022	2032	1926	1973	1261	5065	1094	1138	772	472	5365	2296	844	2330	3200	1225	2113	2951	0	2910	4672	5207	4810	2677	3510	4567	1935	2952	1547	702	2857	3835	1657	2096	
885	3002	1066	3051	1129	917	2415	3503	1894	3348	2546	3757	3417	1130	2149	2215	2821	894	3914	984	1285	3362	3469	3809	2742	2566	2887	3617	1919	3750	1438	607	2633	1079	777	2910	0	1763	3476	1912	386	669	3195	4613	1864	4372	3586	1322	1353	2415	1992	
2218	4731	1313	4814	2128	943	4014	3669	3652	3359	3388	5497	3368	2595	405	3634	4560	2656	5530	2745	2936	5057	3530	5558	4434	4285	4627	3501	3279	5511	2901	1597	4313	2735	2008	4672	1763	0	3414	364	2023	1239	3523	6346	2962	6127	5348	2503	1455	4014	3483	
4361	4697	2554	5259	4578	3034	3654	478	4255	170	1753	5364	60	4557	3392	2989	5424	3782	4692	3932	3387	4718	250	5509	4272	5340	5470	159	5327	5928	2939	3946	4137	3350	2781	5207	3476	3414	0	3111	3839	3013	761	5991	2260	6073	5625	2499	4424	3654	3119	
2472	4808	1248	4945	2421	1014	4031	3391	3767	3066	3231	5580	3067	2840	337	3600	4732	2788	5538	2892	2994	5109	3241	5651	4488	4472	4798	3190	3555	5653	2902	1848	4361	2801	2018	4810	1912	364	3111	0	2216	1308	3273	6420	2874	6229	5472	2458	1797	4031	3474	
534	2867	1451	2827	847	1259	2409	3845	1722	3706	2809	3599	3780	743	2423	2316	2538	747	3867	782	1299	3260	3822	3635	2654	2262	2605	3982	1533	3507	1566	556	2558	1110	1086	2677	386	2023	3839	2216	0	1040	3524	4458	2098	4180	3369	1573	1302	2409	2068	
1465	3505	466	3642	1598	299	2777	3114	2460	2903	2413	4276	2956	1766	1586	2428	3459	1494	4293	1608	1700	3821	3044	4344	3198	3219	3524	3141	2549	4354	1674	946	3075	1501	788	3510	669	1239	3013	1308	1040	0	2856	5120	1849	4922	4167	1335	1455	2777	2258	
4058	4006	2438	4606	4324	2951	2968	399	3670	607	1054	4647	726	4199	3588	2309	4822	3333	3939	3478	2854	3996	542	4797	3582	4770	4863	897	4937	5254	2389	3732	3450	2855	2438	4567	3195	3523	761	3273	3524	2856	0	5250	1675	5351	4943	2033	4310	2967	2471	
4590	1615	5226	1767	4938	5418	2493	5628	2737	5823	4249	860	5945	4281	6706	3109	2339	3731	1370	3677	3426	1347	5791	847	1945	2673	2287	6139	4226	1422	3591	5008	2080	3620	4421	1935	4613	6346	5991	6420	4458	5120	5250	0	3964	546	1292	4117	5697	2493	3100	
2615	2509	1650	3012	2944	2085	1487	2063	2003	2093	736	3234	2203	2670	3207	858	3167	1723	2829	1859	1186	2625	2134	3362	2093	3098	3212	2418	3351	3697	717	2469	1953	1214	1120	2952	1864	2962	2260	2874	2098	1849	1675	3964	0	3947	3409	545	3184	1487	896	
4256	1463	5073	1382	4588	5217	2461	5740	2477	5903	4320	714	6024	3927	6500	3115	1893	3478	1658	3406	3259	1356	5888	593	1859	2235	1835	6225	3799	907	3489	4718	2000	3440	4268	1547	4372	6127	6073	6229	4180	4922	5351	546	3947	0	853	4029	5375	2461	3057	
3417	942	4359	543	3742	4458	1975	5340	1707	5455	3890	659	5572	3080	5730	2638	1050	2693	1780	2607	2560	1130	5463	528	1363	1388	996	5782	2951	335	2858	3897	1493	2722	3563	702	3586	5348	5625	5472	3369	4167	4943	1292	3409	853	0	3399	4537	1976	2517	
2099	2566	1210	2945	2415	1591	1636	2394	1822	2343	1236	3330	2440	2188	2783	1143	2992	1301	3106	1448	912	2772	2421	3436	2181	2868	3044	2655	2907	3657	542	1925	2043	851	578	2857	1322	2503	2499	2458	1573	1335	2033	4117	545	4029	3399	0	2640	1636	1041	
1121	4134	1883	3996	842	1391	3708	4559	2978	4327	3821	4840	4370	1477	1820	3564	3597	2044	5167	2056	2587	4544	4476	4858	3946	3277	3665	4543	1979	4626	2789	765	3856	2390	2065	3835	1353	1455	4424	1797	1302	1455	4310	5697	3184	5375	4537	2640	0	3708	3333	
2757	1044	2797	1667	3142	3071	1	3365	1108	3483	1914	1748	3602	2601	4340	665	2012	1689	1517	1724	1131	1146	3487	1878	619	2080	2035	3809	2996	2287	1133	2948	484	1336	2015	1657	2415	4014	3654	4031	2409	2777	2967	2493	1487	2461	1976	1636	3708	0	607	
2495	1614	2229	2141	2871	2544	607	2869	1262	2950	1426	2346	3065	2419	3790	275	2366	1432	2068	1517	788	1753	2971	2469	1200	2354	2403	3277	2953	2812	585	2569	1059	959	1475	2096	1992	3483	3119	3474	2068	2258	2471	3100	896	3057	2517	1041	3333	607	0	


0	 CF142BX 	 0 	 0 	 540  	 1080  	 0  	 0 

1	 CF145BJ 	 1 	 10 	 540  	 780  	 8  	 4 
2	 CF142QW 	1 	 6 	 660  	 900  	 9  	 4 
3	 CF146QB	 1 	 6 	 660  	 900  	 5  	 2 
4	 CF142BH 	 1 	 7 	 600  	 840  	 7  	 3 
5	 CF142QH	 0 	 24 	 600  	 840  	 6  	 3 
6	 CF148NT 	 1 	 1 	 600  	 840  	 8  	 4 
7	 CF244NT 	 1 	 1 	 720  	 960  	 6  	 3 
8	 CF146NA	 1 	 4 	 600  	 840  	 9  	 4 
9	 CF244FD 	 1 	 6 	 720  	 960  	 10  	 5 
10	 CF144ER 	 1 	 3 	 720  	 960  	 5  	 2 
11	 CF149GA	 1 	 1 	 660  	 900  	 7  	 3 
12	 CF244EA 	 1 	 10 	 660  	 900  	 5  	 2 
13	 CF142TQ 	 0 	 8 	 600  	 840  	 5  	 2 
14	 CF52BL 	 1 	 6 	 600  	 840  	 10  	 5 
15	 CF144LW	 1 	 2 	 540  	 780  	 7  	 3 
16	 CF146SH 	 1 	 6 	 720  	 960  	 5  	 2 
17	 CF141WL	 1 	 9 	 600  	 840  	 9  	 4 
18	 CF140SA 	 1 	 10 	 600  	 840  	 9  	 4 
19	 CF146BR 	 1 	 6 	 720  	 960  	 6  	 3 
20	 CF141TY 	 1 	 3 	 660  	 900  	 10  	 5 
21	 CF145JQ 	 1 	 1 	 540  	 780  	 6  	 3 
22	 CF244DB 	 1 	 7 	 660  	 900  	 5  	 2 
23	 CF149HT 	 1 	 1 	 540  	 780  	 6  	 3 
24	 CF145BD 	 1 	 10 	 720  	 960  	 7  	 3 
25	 CF146TT 	 1 	 1 	 720  	 960  	 9  	 4 
26	 CF146SN 	 1 	 9 	 720  	 960  	 9  	 4 
27	 CF244AW	 1 	 9 	 660  	 900  	 5  	 2 
28	 CF147EE 	 1 	 5 	 600  	 840  	 10  	 5 
29	 CF149UG	 1 	 10 	 720  	 960  	 6  	 3 
30	 CF144QX	 1 	 1 	 540  	 780  	 5  	 2 
31	 CF142FN 	 1 	 7 	 540  	 780  	 10  	 5 
32	 CF145ZE 	 1 	 10 	 660  	 900  	 5  	 2 
33	 CF141TB 	 1 	 6 	 540  	 780  	 5  	 2 
34	 CF141HN	 1 	 6 	 660  	 900  	 7  	 3 
35	 CF146QD	 1 	 9 	 720  	 960  	 5  	 2 
36	 CF141NW 	0 	 18 	 660  	 900  	 5  	 2 
37	 CF52HL 	 1 	 8 	 600  	 840  	 5  	 2 
38	 CF244BJ 	 1 	 1 	 660  	 900  	 10  	 5 
39	 CF52HX 	 1 	 7 	 720  	 960  	 9  	 4 
40	 CF141LQ 	 1 	 1 	 720  	 960  	 7  	 3 
41	 CF142PB 	 1 	 7 	 600  	 840  	 10  	 5 
42	 CF244RA 	 0 	 4 	 600  	 840  	 6  	 3 
43	 CF149HA	 1 	 3 	 600  	 840  	 10  	 5 
44	 CF144DF 	 1 	 7 	 660  	 900  	 6  	 3 
45	 CF149JL 	 1 	 6 	 720  	 960  	 5  	 2 
46	 CF149AA 	 1 	 7 	 540  	 780  	 9  	 4 
47	 CF141DL 	 1 	 6 	 720  	 960  	 8  	 4 
48	 CF52QN 	 1 	 9 	 720  	 960  	 6  	 3 
49	 CF149XU 	 0 	 6 	 660  	 900  	 9  	 4 
50	 CF144JZ 	 1 	 7 	 600  	 840  	 10  	 5 
