50

1200
32
10
500

0	2886	2852	2843	3312	586	302	650	643	1656	1356	1614	2349	2585	910	939	2647	1540	2160	506	2394	3368	2594	712	3202	900	2426	2570	2514	632	586	1069	3109	2738	152	1175	3380	2797	1866	1807	700	2618	1265	3012	2328	3061	2985	1618	2144	2096	1504	
2886	0	5483	5395	5915	2374	2978	2701	3364	1692	4114	1423	4934	5367	2480	3215	4719	2131	867	3361	4858	5164	407	2819	5969	3758	5086	3463	5356	2675	2374	3508	5231	5420	3009	3800	6105	3583	4560	2203	2186	4557	1745	5083	4747	5765	5731	2330	1411	1298	4338	
2852	5483	0	251	461	3433	2966	3416	2226	4506	1502	4419	551	2597	3002	3324	1379	4370	4909	2605	714	1915	5114	2671	2908	2014	2974	3007	2244	2825	3433	1977	1276	3018	2806	1716	3169	3141	2757	3531	3454	1617	3741	1361	849	367	2896	3325	4989	4333	1460	
2843	5395	251	0	528	3417	2982	3432	2206	4487	1519	4379	494	2799	2917	3380	1143	4376	4852	2638	550	1664	5019	2601	3134	2044	3155	2802	2449	2762	3417	1909	1026	3217	2811	1681	3396	2926	2906	3393	3416	1384	3662	1110	679	601	3112	3193	4963	4218	1530	
3312	5915	461	528	0	3892	3427	3877	2684	4965	1963	4873	987	2899	3436	3777	1589	4831	5358	3064	1078	1960	5541	3112	3138	2474	3313	3290	2542	3270	3892	2418	1335	3322	3267	2170	3394	3401	3145	3920	3909	1835	4178	1460	1205	434	3158	3721	5447	4744	1912	
586	2374	3433	3417	3892	0	604	437	1211	1072	1941	1039	2923	3005	1004	978	3136	1009	1601	998	2951	3819	2120	1024	3614	1481	2768	2778	2983	866	0	1579	3618	3096	669	1739	3767	2996	2220	1759	308	3078	952	3509	2876	3647	3383	1621	1558	1779	2087	
302	2978	2966	2982	3427	604	0	450	841	1599	1466	1631	2489	2414	1197	638	2880	1406	2201	405	2565	3617	2715	1014	3027	958	2210	2872	2380	930	604	1309	3325	2531	206	1356	3190	3099	1653	2084	828	2867	1456	3236	2511	3146	2801	1902	2096	2298	1555	
650	2701	3416	3432	3877	437	450	0	1272	1196	1916	1297	2939	2670	1371	550	3296	962	1878	830	3011	4018	2483	1298	3268	1405	2391	3128	2685	1169	437	1718	3753	2724	631	1797	3406	3352	1859	2179	744	3268	1387	3658	2953	3591	3031	2029	1691	2208	1996	
643	3364	2226	2206	2684	1211	841	1272	0	2282	758	2198	1712	2427	1006	1405	2040	2183	2710	654	1751	2786	3032	643	3031	466	2399	2266	2271	725	1211	488	2484	2671	642	532	3243	2492	1862	1855	1237	2037	1639	2395	1686	2456	2845	1634	2763	2390	980	
1656	1692	4506	4487	4965	1072	1599	1196	2282	0	3012	396	3994	3813	1831	1618	4143	442	825	2003	4014	4781	1608	1997	4392	2538	3477	3488	3861	1825	1072	2625	4639	3811	1720	2808	4503	3684	2983	2242	1111	4058	1290	4521	3934	4716	4147	2203	498	1775	3143	
1356	4114	1502	1519	1963	1941	1466	1916	758	3012	0	2950	1031	2071	1692	1877	1675	2868	3468	1121	1153	2458	3773	1325	2622	528	2202	2488	1826	1447	1941	729	2018	2403	1304	386	2863	2694	1758	2439	1993	1761	2378	1970	1133	1706	2482	2215	3500	3087	325	
1614	1423	4419	4379	4873	1039	1631	1297	2198	396	2950	0	3890	3966	1590	1795	3942	797	580	2032	3882	4544	1273	1814	4561	2514	3668	3164	3979	1643	1039	2481	4447	4003	1708	2703	4690	3351	3149	1888	964	3838	959	4321	3792	4653	4321	1871	639	1379	3118	
2349	4934	551	494	987	2923	2489	2939	1712	3994	1031	3890	0	2542	2453	2903	1069	3882	4371	2152	295	1763	4563	2125	2953	1559	2842	2546	2210	2283	2923	1432	1181	2946	2317	1189	3215	2699	2532	2988	2926	1273	3194	1200	404	874	2894	2779	4471	3782	1079	
2585	5367	2597	2799	2899	3005	2414	2670	2427	3813	2071	3966	2542	0	3387	2195	3554	3457	4546	2079	2820	4297	5125	3051	617	1970	514	4551	357	3084	3005	2713	3722	423	2438	2413	816	4762	834	4273	3242	3707	3849	3740	2885	2467	420	4056	4283	4681	1760	
910	2480	3002	2917	3436	1004	1197	1371	1006	1831	1692	1590	2453	3387	0	1811	2359	1935	1973	1362	2387	2957	2114	369	4000	1467	3290	1774	3260	304	1004	1032	2868	3588	1055	1343	4199	1993	2732	906	771	2249	746	2737	2281	3290	3801	709	2225	1396	1963	
939	3215	3324	3380	3777	978	638	550	1405	1618	1877	1795	2903	2195	1811	0	3429	1276	2371	779	3025	4187	3018	1651	2777	1351	1874	3509	2256	1560	978	1892	3846	2208	831	1869	2897	3736	1365	2671	1279	3440	1929	3771	2991	3447	2533	2503	2091	2756	1865	
2647	4719	1379	1143	1589	3136	2880	3296	2040	4143	1675	3942	1069	3554	2359	3429	0	4145	4323	2652	774	783	4320	2146	4002	2131	3796	1718	3238	2318	3136	1578	513	3941	2677	1563	4263	1815	3409	2563	3033	246	3079	378	679	1742	3926	2400	4571	3455	1890	
1540	2131	4370	4376	4831	1009	1406	962	2183	442	2868	797	3882	3457	1935	1276	4145	0	1266	1791	3934	4824	2047	2023	4022	2364	3095	3672	3531	1858	1009	2583	4624	3428	1566	2715	4119	3879	2623	2491	1165	4085	1537	4517	3866	4552	3773	2418	834	2142	2957	
2160	867	4909	4852	5358	1601	2201	1878	2710	825	3468	580	4371	4546	1973	2371	4323	1266	0	2599	4338	4869	818	2255	5141	3056	4244	3341	4559	2091	1601	2943	4835	4579	2265	3195	5267	3505	3728	2025	1477	4195	1245	4699	4239	5161	4900	2072	638	1283	3656	
506	3361	2605	2638	3064	998	405	830	654	2003	1121	2032	2152	2079	1362	779	2652	1791	2599	0	2257	3414	3083	1083	2696	594	1934	2880	2013	1061	998	1139	3067	2240	361	1091	2875	3108	1374	2267	1184	2670	1771	2992	2217	2766	2480	2065	2500	2601	1168	
2394	4858	714	550	1078	2951	2565	3011	1751	4014	1153	3882	295	2820	2387	3025	774	3934	4338	2257	0	1478	4478	2083	3243	1674	3101	2302	2492	2249	2951	1401	920	3218	2381	1219	3505	2444	2765	2843	2924	982	3133	921	135	1074	3178	2643	4480	3670	1270	
3368	5164	1915	1664	1960	3819	3617	4018	2786	4781	2458	4544	1763	4297	2957	4187	783	4824	4869	3414	1478	0	4757	2803	4715	2908	4562	1831	3970	2970	3819	2308	640	4693	3412	2332	4977	1831	4188	2961	3682	750	3631	568	1415	2242	4656	2841	5181	3869	2669	
2594	407	5114	5019	5541	2120	2715	2483	3032	1608	3773	1273	4563	5125	2114	3018	4320	2047	818	3083	4478	4757	0	2463	5734	3443	4874	3058	5093	2327	2120	3146	4831	5205	2725	3447	5883	3181	4334	1797	1900	4155	1396	4683	4364	5403	5502	1927	1446	891	4010	
712	2819	2671	2601	3112	1024	1014	1298	643	1997	1325	1814	2125	3051	369	1651	2146	2023	2255	1083	2083	2803	2463	0	3660	1108	2982	1858	2909	172	1024	694	2643	3270	833	984	3865	2085	2430	1223	887	2068	1074	2523	1986	2946	3467	1007	2433	1765	1594	
3202	5969	2908	3134	3138	3614	3027	3268	3031	4392	2622	4561	2953	617	4000	2777	4002	4022	5141	2696	3243	4715	5734	3660	0	2569	940	5110	797	3697	3614	3293	4112	629	3055	2981	263	5315	1413	4882	3855	4175	4465	4149	3324	2709	251	4663	4853	5297	2301	
900	3758	2014	2044	2474	1481	958	1405	466	2538	528	2514	1559	1970	1467	1351	2131	2364	3056	594	1674	2908	3443	1108	2569	0	1976	2647	1805	1178	1481	787	2514	2232	818	589	2786	2868	1461	2321	1584	2180	2062	2452	1644	2188	2389	2099	3032	2839	606	
2426	5086	2974	3155	3313	2768	2210	2391	2399	3477	2202	3668	2842	514	3290	1874	3796	3095	4244	1934	3101	4562	4874	2982	940	1976	0	4620	824	2987	2768	2758	4019	335	2275	2498	1026	4838	561	4193	3032	3924	3666	4019	3148	2885	689	3985	3928	4507	1924	
2570	3463	3007	2802	3290	2778	2872	3128	2266	3488	2488	3164	2546	4551	1774	3509	1718	3672	3341	2880	2302	1831	3058	1858	5110	2647	4620	0	4314	1964	2778	1862	2136	4859	2685	2139	5350	228	4107	1316	2531	1479	2206	1975	2168	3372	4966	1293	3786	2174	2809	
2514	5356	2244	2449	2542	2983	2380	2685	2271	3861	1826	3979	2210	357	3260	2256	3238	3531	4559	2013	2492	3970	5093	2909	797	1805	824	4314	0	2961	2983	2506	3385	780	2374	2189	1045	4519	962	4125	3195	3401	3776	3410	2564	2109	688	3904	4343	4594	1505	
632	2675	2825	2762	3270	866	930	1169	725	1825	1447	1643	2283	3084	304	1560	2318	1858	2091	1061	2249	2970	2327	172	3697	1178	2987	1964	2961	0	866	853	2815	3284	769	1125	3895	2189	2429	1207	716	2238	932	2695	2154	3094	3497	1004	2260	1665	1699	
586	2374	3433	3417	3892	0	604	437	1211	1072	1941	1039	2923	3005	1004	978	3136	1009	1601	998	2951	3819	2120	1024	3614	1481	2768	2778	2983	866	0	1579	3618	3096	669	1739	3767	2996	2220	1759	308	3078	952	3509	2876	3647	3383	1621	1558	1779	2087	
1069	3508	1977	1909	2418	1579	1309	1718	488	2625	729	2481	1432	2713	1032	1892	1578	2583	2943	1139	1401	2308	3146	694	3293	787	2758	1862	2506	853	1579	0	2044	3003	1104	344	3523	2081	2248	1714	1526	1558	1765	1943	1312	2258	3132	1490	3084	2405	1044	
3109	5231	1276	1026	1335	3618	3325	3753	2484	4639	2018	4447	1181	3722	2868	3846	513	4624	4835	3067	920	640	4831	2643	4112	2514	4019	2136	3385	2815	3618	2044	0	4127	3126	1979	4375	2199	3683	3067	3528	692	3592	162	896	1602	4066	2909	5073	3963	2178	
2738	5420	3018	3217	3322	3096	2531	2724	2671	3811	2403	4003	2946	423	3588	2208	3941	3428	4579	2240	3218	4693	5205	3270	629	2232	335	4859	780	3284	3096	3003	4127	0	2587	2723	692	5074	878	4488	3356	4085	3986	4140	3278	2889	383	4276	4261	4826	2106	
152	3009	2806	2811	3267	669	206	631	642	1720	1304	1708	2317	2438	1055	831	2677	1566	2265	361	2381	3412	2725	833	3055	818	2275	2685	2374	769	669	1104	3126	2587	0	1166	3231	2913	1714	1955	826	2662	1411	3036	2322	3000	2837	1763	2214	2244	1424	
1175	3800	1716	1681	2170	1739	1356	1797	532	2808	386	2703	1189	2413	1343	1869	1563	2715	3195	1091	1219	2332	3447	984	2981	589	2498	2139	2189	1125	1739	344	1979	2723	1166	0	3217	2351	2014	2058	1739	1597	2055	1902	1156	1970	2830	1833	3283	2731	705	
3380	6105	3169	3396	3394	3767	3190	3406	3243	4503	2863	4690	3215	816	4199	2897	4263	4119	5267	2875	3505	4977	5883	3865	263	2786	1026	5350	1045	3895	3767	3523	4375	692	3231	3217	0	5558	1549	5088	4019	4434	4639	4412	3585	2967	398	4871	4953	5475	2545	
2797	3583	3141	2926	3401	2996	3099	3352	2492	3684	2694	3351	2699	4762	1993	3736	1815	3879	3505	3108	2444	1831	3181	2085	5315	2868	4838	228	4519	2189	2996	2081	2199	5074	2913	2351	5558	0	4329	1482	2745	1570	2397	2039	2312	3507	5175	1482	3968	2307	3014	
1866	4560	2757	2906	3145	2220	1653	1859	1862	2983	1758	3149	2532	834	2732	1365	3409	2623	3728	1374	2765	4188	4334	2430	1413	1461	561	4107	962	2429	2220	2248	3683	878	1714	2014	1549	4329	0	3636	2478	3514	3108	3665	2793	2736	1172	3429	3450	3948	1519	
1807	2203	3531	3393	3920	1759	2084	2179	1855	2242	2439	1888	2988	4273	906	2671	2563	2491	2025	2267	2843	2961	1797	1223	4882	2321	4193	1316	4125	1207	1759	1714	3067	4488	1955	2058	5088	1482	3636	0	1461	2380	958	2913	2716	3860	4689	225	2492	908	2743	
700	2186	3454	3416	3909	308	828	744	1237	1111	1993	964	2926	3242	771	1279	3033	1165	1477	1184	2924	3682	1900	887	3855	1584	3032	2531	3195	716	308	1526	3528	3356	826	1739	4019	2745	2478	1461	0	2953	651	3410	2838	3693	3630	1334	1558	1488	2180	
2618	4557	1617	1384	1835	3078	2867	3268	2037	4058	1761	3838	1273	3707	2249	3440	246	4085	4195	2670	982	750	4155	2068	4175	2180	3924	1479	3401	2238	3078	1558	692	4085	2662	1597	4434	1570	3514	2380	2953	0	2951	534	871	1982	4089	2229	4472	3281	2004	
1265	1745	3741	3662	4178	952	1456	1387	1639	1290	2378	959	3194	3849	746	1929	3079	1537	1245	1771	3133	3631	1396	1074	4465	2062	3666	2206	3776	932	952	1765	3592	3986	1411	2055	4639	2397	3108	958	651	2951	0	3455	3027	4020	4246	915	1589	841	2618	
3012	5083	1361	1110	1460	3509	3236	3658	2395	4521	1970	4321	1200	3740	2737	3771	378	4517	4699	2992	921	568	4683	2523	4149	2452	4019	1975	3410	2695	3509	1943	162	4140	3036	1902	4412	2039	3665	2913	3410	534	3455	0	874	1701	4094	2758	4949	3812	2151	
2328	4747	849	679	1205	2876	2511	2953	1686	3934	1133	3792	404	2885	2281	2991	679	3866	4239	2217	135	1415	4364	1986	3324	1644	3148	2168	2564	2154	2876	1312	896	3278	2322	1156	3585	2312	2793	2716	2838	871	3027	874	0	1209	3252	2519	4395	3550	1283	
3061	5765	367	601	434	3647	3146	3591	2456	4716	1706	4653	874	2467	3290	3447	1742	4552	5161	2766	1074	2242	5403	2946	2709	2188	2885	3372	2109	3094	3647	2258	1602	2889	3000	1970	2967	3507	2736	3860	3693	1982	4020	1701	1209	0	2726	3650	5205	4642	1598	
2985	5731	2896	3112	3158	3383	2801	3031	2845	4147	2482	4321	2894	420	3801	2533	3926	3773	4900	2480	3178	4656	5502	3467	251	2389	689	4966	688	3497	3383	3132	4066	383	2837	2830	398	5175	1172	4689	3630	4089	4246	4094	3252	2726	0	4473	4605	5081	2167	
1618	2330	3325	3193	3721	1621	1902	2029	1634	2203	2215	1871	2779	4056	709	2503	2400	2418	2072	2065	2643	2841	1927	1007	4663	2099	3985	1293	3904	1004	1621	1490	2909	4276	1763	1833	4871	1482	3429	225	1334	2229	915	2758	2519	3650	4473	0	2493	1056	2518	
2144	1411	4989	4963	5447	1558	2096	1691	2763	498	3500	639	4471	4283	2225	2091	4571	834	638	2500	4480	5181	1446	2433	4853	3032	3928	3786	4343	2260	1558	3084	5073	4261	2214	3283	4953	3968	3450	2492	1558	4472	1589	4949	4395	5205	4605	2493	0	1863	3637	
2096	1298	4333	4218	4744	1779	2298	2208	2390	1775	3087	1379	3782	4681	1396	2756	3455	2142	1283	2601	3670	3869	891	1765	5297	2839	4507	2174	4594	1665	1779	2405	3963	4826	2244	2731	5475	2307	3948	908	1488	3281	841	3812	3550	4642	5081	1056	1863	0	3358	
1504	4338	1460	1530	1912	2087	1555	1996	980	3143	325	3118	1079	1760	1963	1865	1890	2957	3656	1168	1270	2669	4010	1594	2301	606	1924	2809	1505	1699	2087	1044	2178	2106	1424	705	2545	3014	1519	2743	2180	2004	2618	2151	1283	1598	2167	2518	3637	3358	0	


0	 CF144PH 	 0 	 0 	 540  	 1080  	 0  	 0 

1	 CF149EW	 0 	 8 	 600  	 840  	 8  	 4 
2	 CF52EB 	 1 	 6 	 660  	 900  	 6  	 3 
3	 CF52EU 	 0 	 3 	 600  	 840  	 10  	 5 
4	 CF52HW 	 1 	 10 	 600  	 840  	 6  	 3 
5	 CF148HF 	 1 	 1 	 720  	 960  	 8  	 4 
6	 CF144JU 	 1 	 5 	 600  	 840  	 6  	 3 
7	 CF144HZ 	 1 	 7 	 660  	 900  	 5  	 2 
8	 CF141US 	 1 	 8 	 540  	 780  	 9  	 4 
9	 CF145UT 	 1 	 3 	 660  	 900  	 5  	 2 
10	 CF141JX 	 1 	 7 	 540  	 780  	 7  	 3 
11	 CF145DA	 0 	 5 	 720  	 960  	 6  	 3 
12	 CF142QR	 1 	 3 	 600  	 840  	 7  	 3 
13	 CF244HW 	1 	 1 	 540  	 780  	 5  	 2 
14	 CF146AN	 1 	 9 	 600  	 840  	 8  	 4 
15	 CF144EJ 	 1 	 9 	 600  	 840  	 8  	 4 
16	 CF142FX 	 1 	 4 	 720  	 960  	 6  	 3 
17	 CF145NL 	 1 	 1 	 600  	 840  	 6  	 3 
18	 CF149DQ	 0 	 6 	 540  	 780  	 9  	 4 
19	 CF144BP 	 1 	 9 	 540  	 780  	 9  	 4 
20	 CF142JA 	 1 	 5 	 600  	 840  	 9  	 4 
21	 CF52RH 	 1 	 7 	 660  	 900  	 9  	 4 
22	 CF149FJ 	 1 	 1 	 540  	 780  	 6  	 3 
23	 CF141UU	 1 	 7 	 660  	 900  	 6  	 3 
24	 CF244BZ 	 1 	 7 	 660  	 900  	 5  	 2 
25	 CF144AJ 	 1 	 10 	 600  	 840  	 10  	 5 
26	 CF244QU	 1 	 6 	 660  	 900  	 5  	 2 
27	 CF147DS 	 1 	 9 	 540  	 780  	 6  	 3 
28	 CF244LT 	 1 	 4 	 600  	 840  	 9  	 4 
29	 CF146AU	 1 	 10 	 600  	 840  	 7  	 3 
30	 CF148EB 	 1 	 9 	 540  	 780  	 10  	 5 
31	 CF141QH	 1 	 8 	 720  	 960  	 10  	 5 
32	 CF52TB 	 1 	 7 	 600  	 840  	 10  	 5 
33	 CF244PE 	 0 	 2 	 600  	 840  	 10  	 5 
34	 CF144PB 	 1 	 9 	 660  	 900  	 6  	 3 
35	 CF141DX 	 1 	 6 	 540  	 780  	 9  	 4 
36	 CF244BQ	 1 	 4 	 600  	 840  	 8  	 4 
37	 CF147EB 	 1 	 9 	 660  	 900  	 5  	 2 
38	 CF143QX	 1 	 6 	 660  	 900  	 7  	 3 
39	 CF146UH	 1 	 9 	 720  	 960  	 5  	 2 
40	 CF145FD 	 1 	 5 	 540  	 780  	 10  	 5 
41	 CF142FS 	 1 	 5 	 720  	 960  	 6  	 3 
42	 CF146PN	 1 	 1 	 540  	 780  	 6  	 3 
43	 CF52TA 	 1 	 8 	 660  	 900  	 7  	 3 
44	 CF142HW 	1 	 7 	 600  	 840  	 6  	 3 
45	 CF52DT 	 1 	 10 	 720  	 960  	 6  	 3 
46	 CF244EN 	 0 	 22 	 660  	 900  	 5  	 2 
47	 CF146HN	 1 	 8 	 660  	 900  	 6  	 3 
48	 CF145AX 	 0 	 23 	 720  	 960  	 5  	 2 
49	 CF146QH	 1 	 10 	 660  	 900  	 9  	 4 
50	 CF143HW 	1 	 4 	 600  	 840  	 8  	 4 
