50

1200
32
10
500

0	2502	2579	667	2195	424	2619	397	1620	1798	1772	1094	2407	2041	1104	1839	1450	2632	1594	2198	3992	1186	1549	3689	1057	2812	2118	961	695	2198	2267	2292	1588	1667	1342	2209	2152	3163	3562	1704	2111	2516	1638	3713	562	492	674	1641	2217	2322	2107	
2502	0	4942	2152	1153	2467	3543	2109	1701	4249	4264	3482	3755	4355	1526	4115	1740	3758	4061	2977	6314	1608	3749	6141	2807	4451	4614	3449	3172	333	1656	4527	2583	4082	3783	1558	3166	5488	5954	4169	1464	4376	1581	6113	3064	2160	2924	4124	1463	347	3282	
2579	4942	0	2790	4251	2487	4488	2956	3498	850	1067	1492	4013	595	3679	2439	3371	4342	1771	4308	1414	3362	1223	1282	2203	1833	1397	1924	2139	4613	4041	568	2746	918	1249	4046	4133	593	1013	1756	4677	1392	3591	1175	2078	3057	2596	1646	4107	4828	3993	
667	2152	2790	0	1610	359	3153	574	968	2126	2187	1348	3009	2204	1107	2491	797	3205	2170	2675	4167	607	1606	4002	739	2569	2627	1534	1302	1823	1618	2386	1009	1945	1663	1569	2678	3339	3802	2279	2183	2370	1000	3963	1094	851	1339	2194	1587	2055	2664	
2195	1153	4251	1610	0	1969	4066	1884	755	3688	3781	2915	4124	3657	1683	4018	883	4217	3770	3503	5544	1015	3028	5513	2048	3451	4237	3131	2882	918	503	3765	1612	3488	3238	405	3621	4745	5255	3879	2257	3451	661	5420	2695	2072	2801	3800	309	1345	3685	
424	2467	2487	359	1969	0	3034	570	1312	1787	1834	1015	2831	1911	1259	2169	1144	3054	1816	2597	3881	964	1343	3674	657	2469	2268	1183	965	2143	1961	2120	1167	1616	1322	1917	2565	3050	3494	1924	2329	2214	1354	3652	743	802	1076	1837	1940	2341	2526	
2619	3543	4488	3153	4066	3034	0	2580	3863	3658	3421	3354	577	4155	2400	2168	3723	300	2738	570	5776	3352	3914	5125	3675	5339	3269	2641	2529	3444	4389	4470	4159	3678	3395	4296	475	5050	5231	2780	2115	4972	3813	5335	2729	2303	2106	2865	4254	3199	525	
397	2109	2956	574	1884	570	2580	0	1398	2190	2169	1465	2455	2405	724	2137	1234	2638	1966	2101	4367	910	1876	4083	1209	3037	2506	1342	1068	1810	2021	2640	1583	2051	1730	1952	2105	3536	3947	2075	1772	2782	1389	4100	958	276	917	2021	1946	1925	2095	
1620	1701	3498	968	755	1312	3863	1398	0	2958	3070	2193	3818	2905	1499	3456	171	3966	3128	3330	4790	513	2276	4764	1298	2759	3554	2496	2270	1387	650	3010	891	2752	2518	606	3395	3990	4501	3235	2381	2721	120	4666	2055	1644	2278	3144	639	1766	3420	
1798	4249	850	2126	3688	1787	3658	2190	2958	0	308	778	3202	565	2901	1695	2810	3526	999	3460	2242	2727	843	1896	1687	2104	866	1074	1297	3929	3559	876	2346	224	466	3545	3291	1440	1774	1016	3863	1643	3033	1921	1264	2257	1749	886	3592	4102	3156	
1772	4264	1067	2187	3781	1834	3421	2169	3070	308	0	883	2947	870	2859	1403	2914	3275	714	3257	2400	2794	1096	1941	1840	2409	584	927	1185	3951	3690	1177	2526	486	563	3668	3074	1634	1895	719	3772	1949	3136	2028	1214	2199	1610	594	3708	4094	2930	
1094	3482	1492	1348	2915	1015	3354	1465	2193	778	883	0	2989	948	2189	1772	2041	3282	1168	3052	2902	1949	560	2659	963	2015	1414	766	826	3159	2809	1214	1661	600	325	2788	2932	2071	2489	1251	3203	1621	2263	2644	657	1580	1270	1123	2830	3348	2831	
2407	3755	4013	3009	4124	2831	577	2455	3818	3202	2947	2989	0	3724	2442	1631	3664	337	2245	882	5263	3306	3547	4584	3438	5000	2744	2241	2177	3609	4392	4043	3990	3247	2986	4307	625	4561	4712	2274	2409	4608	3785	4809	2405	2187	1807	2371	4276	3423	476	
2041	4355	595	2204	3657	1911	4155	2405	2905	565	870	948	3724	0	3129	2254	2776	4041	1558	3916	1970	2769	629	1864	1609	1568	1394	1520	1689	4025	3454	319	2169	478	775	3457	3766	1138	1606	1580	4151	1102	2996	1769	1581	2528	2152	1449	3517	4250	3643	
1104	1526	3679	1107	1683	1259	2400	724	1499	2901	2859	2189	2442	3129	0	2589	1381	2537	2565	1849	5090	1010	2593	4788	1838	3675	3141	1981	1703	1278	1990	3361	2023	2770	2446	1897	1945	4260	4666	2671	1079	3458	1434	4817	1647	666	1406	2639	1855	1280	2002	
1839	4115	2439	2491	4018	2169	2168	2137	3456	1695	1403	1772	1631	2254	2589	0	3285	1969	696	2164	3636	3020	2265	2957	2563	3712	1114	1061	1209	3859	4104	2570	3251	1800	1629	4048	1924	2959	3082	687	3173	3272	3476	3178	1458	1990	1224	809	4055	3853	1747	
1450	1740	3371	797	883	1144	3723	1234	171	2810	2914	2041	3664	2776	1381	3285	0	3819	2960	3196	4680	374	2148	4630	1167	2712	3392	2327	2100	1416	820	2894	846	2607	2365	773	3252	3873	4377	3067	2308	2647	223	4542	1886	1484	2109	2977	800	1772	3273	
2632	3758	4342	3205	4217	3054	300	2638	3966	3526	3275	3282	337	4041	2537	1969	3819	0	2577	789	5599	3453	3842	4921	3679	5286	3081	2545	2463	3640	4517	4359	4201	3563	3295	4427	600	4893	5048	2609	2356	4904	3925	5146	2680	2364	2068	2703	4390	3418	547	
1594	4061	1771	2170	3770	1816	2738	1966	3128	999	714	1168	2245	1558	2565	696	2960	2577	0	2625	3041	2755	1608	2455	2064	3033	610	639	900	3771	3775	1874	2771	1107	968	3733	2421	2316	2505	110	3347	2587	3170	2619	1076	1905	1177	126	3756	3842	2264	
2198	2977	4308	2675	3503	2597	570	2101	3330	3460	3257	3052	882	3916	1849	2164	3196	789	2625	0	5652	2823	3603	5072	3251	4984	3203	2399	2237	2874	3838	4221	3684	3448	3142	3744	273	4888	5126	2687	1567	4645	3274	5243	2402	1827	1783	2748	3698	2635	462	
3992	6314	1414	4167	5544	3881	5776	4367	4790	2242	2400	2902	5263	1970	5090	3636	4680	5599	3041	5652	0	4715	2564	913	3525	2504	2522	3308	3539	5982	5275	1791	3966	2331	2662	5295	5458	832	565	2996	6091	2237	4892	526	3491	4471	3989	2915	5367	6218	5305	
1186	1608	3362	607	1015	964	3352	910	513	2727	2794	1949	3306	2769	1010	3020	374	3453	2755	2823	4715	0	2153	4592	1199	2907	3230	2117	1868	1275	1112	2925	1094	2540	2267	1042	2883	3893	4374	2865	1973	2787	484	4537	1681	1141	1815	2787	1039	1570	2907	
1549	3749	1223	1606	3028	1343	3914	1876	2276	843	1096	560	3547	629	2593	2265	2148	3842	1608	3603	2564	2153	0	2491	981	1465	1680	1314	1385	3418	2830	781	1558	622	640	2831	3489	1741	2230	1670	3646	1061	2368	2394	1200	2040	1822	1533	2890	3660	3390	
3689	6141	1282	4002	5513	3674	5125	4083	4764	1896	1941	2659	4584	1864	4788	2957	4630	4921	2455	5072	913	4592	2491	0	3466	2927	1869	2863	3126	5818	5319	1833	4028	2059	2361	5321	4854	984	481	2386	5713	2550	4852	405	3142	4134	3540	2337	5380	5997	4687	
1057	2807	2203	739	2048	657	3675	1209	1298	1687	1840	963	3438	1609	1838	2563	1167	3679	2064	3251	3525	1199	981	3466	0	1838	2375	1505	1382	2474	1875	1735	708	1473	1277	1866	3209	2711	3210	2160	2918	1633	1387	3375	1124	1456	1640	2044	1920	2751	3161	
2812	4451	1833	2569	3451	2469	5339	3037	2759	2104	2409	2015	5000	1568	3675	3712	2712	5286	3033	4984	2504	2907	1465	2927	1838	0	2959	2777	2824	4127	3067	1329	1870	1939	2085	3117	4897	1944	2489	3079	4752	466	2878	2639	2610	3266	3233	2942	3205	4469	4814	
2118	4614	1397	2627	4237	2268	3269	2506	3554	866	584	1414	2744	1394	3141	1114	3392	3081	610	3203	2522	3230	1680	1869	2375	2959	0	1166	1444	4315	4189	1672	3074	1067	1115	4158	2986	1869	1968	525	3953	2494	3609	2067	1565	2476	1775	510	4191	4411	2820	
961	3449	1924	1534	3131	1183	2641	1342	2496	1074	927	766	2241	1520	1981	1061	2327	2545	639	2399	3308	2117	1314	2863	1505	2777	1166	0	279	3152	3145	1831	2199	1049	754	3100	2246	2513	2817	748	2851	2371	2534	2953	441	1315	684	680	3121	3247	2125	
695	3172	2139	1302	2882	965	2529	1068	2270	1297	1185	826	2177	1689	1703	1209	2100	2463	900	2237	3539	1868	1385	3126	1382	2824	1444	279	0	2877	2920	1988	2051	1236	915	2871	2108	2732	3061	1010	2588	2444	2301	3201	259	1037	463	953	2886	2968	2005	
2198	333	4613	1823	918	2143	3444	1810	1387	3929	3951	3159	3609	4025	1278	3859	1416	3640	3771	2874	5982	1275	3418	5818	2474	4127	4315	3152	2877	0	1415	4194	2261	3759	3462	1313	3041	5157	5625	3880	1443	4046	1267	5785	2758	1883	2653	3830	1222	427	3142	
2267	1656	4041	1618	503	1961	4389	2021	650	3559	3690	2809	4392	3454	1990	4104	820	4517	3775	3838	5275	1112	2830	5319	1875	3067	4189	3145	2920	1415	0	3524	1309	3347	3132	105	3931	4498	5027	3882	2697	3116	633	5193	2704	2251	2918	3788	193	1841	3974	
2292	4527	568	2386	3765	2120	4470	2640	3010	876	1177	1214	4043	319	3361	2570	2894	4359	1874	4221	1791	2925	781	1833	1735	1329	1672	1831	1988	4194	3524	0	2218	796	1080	3536	4077	980	1504	1892	4402	868	3109	1670	1863	2783	2450	1762	3602	4441	3956	
1588	2583	2746	1009	1612	1167	4159	1583	891	2346	2526	1661	3990	2169	2023	3251	846	4201	2771	3684	3966	1094	1558	4028	708	1870	3074	2199	2051	2261	1309	2218	0	2125	1966	1330	3684	3190	3722	2867	3051	1839	1009	3888	1796	1859	2240	2752	1405	2616	3664	
1667	4082	918	1945	3488	1616	3678	2051	2752	224	486	600	3247	478	2770	1800	2607	3563	1107	3448	2331	2540	622	2059	1473	1939	1067	1049	1236	3759	3347	796	2125	0	331	3335	3293	1509	1896	1144	3759	1485	2831	2049	1161	2141	1698	1008	3385	3947	3167	
1342	3783	1249	1663	3238	1322	3395	1730	2518	466	563	325	2986	775	2446	1629	2365	3295	968	3142	2662	2267	640	2361	1277	2085	1115	754	915	3462	3132	1080	1966	331	0	3112	2997	1840	2220	1032	3429	1654	2588	2371	830	1812	1379	896	3155	3637	2879	
2209	1558	4046	1569	405	1917	4296	1952	606	3545	3668	2788	4307	3457	1897	4048	773	4427	3733	3744	5295	1042	2831	5321	1866	3117	4158	3100	2871	1313	105	3536	1330	3335	3112	0	3839	4512	5037	3841	2593	3152	572	5203	2660	2175	2854	3750	98	1739	3886	
2152	3166	4133	2678	3621	2565	475	2105	3395	3291	3074	2932	625	3766	1945	1924	3252	600	2421	273	5458	2883	3489	4854	3209	4897	2986	2246	2108	3041	3931	4077	3684	3293	2997	3839	0	4708	4925	2476	1790	4541	3348	5038	2294	1828	1669	2545	3800	2828	191	
3163	5488	593	3339	4745	3050	5050	3536	3990	1440	1634	2071	4561	1138	4260	2959	3873	4893	2316	4888	832	3893	1741	984	2711	1944	1869	2513	2732	5157	4498	980	3190	1509	1840	4512	4708	0	558	2288	5266	1582	4088	718	2670	3645	3188	2190	4580	5388	4563	
3562	5954	1013	3802	5255	3494	5231	3947	4501	1774	1895	2489	4712	1606	4666	3082	4377	5048	2505	5126	565	4374	2230	481	3210	2489	1968	2817	3061	5625	5027	1504	3722	1896	2220	5037	4925	558	0	2454	5637	2138	4596	166	3038	4029	3501	2380	5102	5834	4768	
1704	4169	1756	2279	3879	1924	2780	2075	3235	1016	719	1251	2274	1580	2671	687	3067	2609	110	2687	2996	2865	1670	2386	2160	3079	525	748	1010	3880	3882	1892	2867	1144	1032	3841	2476	2288	2454	0	3443	2628	3278	2563	1185	2013	1279	137	3864	3949	2315	
2111	1464	4677	2183	2257	2329	2115	1772	2381	3863	3772	3203	2409	4151	1079	3173	2308	2356	3347	1567	6091	1973	3646	5713	2918	4752	3953	2851	2588	1443	2697	4402	3051	3759	3429	2593	1790	5266	5637	3443	0	4536	2285	5782	2601	1623	2185	3444	2521	1116	1936	
2516	4376	1392	2370	3451	2214	4972	2782	2721	1643	1949	1621	4608	1102	3458	3272	2647	4904	2587	4645	2237	2787	1061	2550	1633	466	2494	2371	2444	4046	3116	868	1839	1485	1654	3152	4541	1582	2138	2628	4536	0	2835	2296	2248	2990	2872	2492	3233	4357	4448	
1638	1581	3591	1000	661	1354	3813	1389	120	3033	3136	2263	3785	2996	1434	3476	223	3925	3170	3274	4892	484	2368	4852	1387	2878	3609	2534	2301	1267	633	3109	1009	2831	2588	572	3348	4088	4596	3278	2285	2835	0	4760	2094	1625	2285	3190	587	1648	3379	
3713	6113	1175	3963	5420	3652	5335	4100	4666	1921	2028	2644	4809	1769	4817	3178	4542	5146	2619	5243	526	4537	2394	405	3375	2639	2067	2953	3201	5785	5193	1670	3888	2049	2371	5203	5038	718	166	2563	5782	2296	4760	0	3185	4178	3637	2495	5268	5992	4878	
562	3064	2078	1094	2695	743	2729	958	2055	1264	1214	657	2405	1581	1647	1458	1886	2680	1076	2402	3491	1681	1200	3142	1124	2610	1565	441	259	2758	2704	1863	1796	1161	830	2660	2294	2670	3038	1185	2601	2248	2094	3185	0	994	625	1105	2681	2883	2204	
492	2160	3057	851	2072	802	2303	276	1644	2257	2199	1580	2187	2528	666	1990	1484	2364	1905	1827	4471	1141	2040	4134	1456	3266	2476	1315	1037	1883	2251	2783	1859	2141	1812	2175	1828	3645	4029	2013	1623	2990	1625	4178	994	0	771	1976	2162	1937	1820	
674	2924	2596	1339	2801	1076	2106	917	2278	1749	1610	1270	1807	2152	1406	1224	2109	2068	1177	1783	3989	1815	1822	3540	1640	3233	1775	684	463	2653	2918	2450	2240	1698	1379	2854	1669	3188	3501	1279	2185	2872	2285	3637	625	771	0	1265	2854	2685	1581	
1641	4124	1646	2194	3800	1837	2865	2021	3144	886	594	1123	2371	1449	2639	809	2977	2703	126	2748	2915	2787	1533	2337	2044	2942	510	680	953	3830	3788	1762	2752	1008	896	3750	2545	2190	2380	137	3444	2492	3190	2495	1105	1976	1265	0	3776	3913	2390	
2217	1463	4107	1587	309	1940	4254	1946	639	3592	3708	2830	4276	3517	1855	4055	800	4390	3756	3698	5367	1039	2890	5380	1920	3205	4191	3121	2886	1222	193	3602	1405	3385	3155	98	3800	4580	5102	3864	2521	3233	587	5268	2681	2162	2854	3776	0	1649	3850	
2322	347	4828	2055	1345	2341	3199	1925	1766	4102	4094	3348	3423	4250	1280	3853	1772	3418	3842	2635	6218	1570	3660	5997	2751	4469	4411	3247	2968	427	1841	4441	2616	3947	3637	1739	2828	5388	5834	3949	1116	4357	1648	5992	2883	1937	2685	3913	1649	0	2948	
2107	3282	3993	2664	3685	2526	525	2095	3420	3156	2930	2831	476	3643	2002	1747	3273	547	2264	462	5305	2907	3390	4687	3161	4814	2820	2125	2005	3142	3974	3956	3664	3167	2879	3886	191	4563	4768	2315	1936	4448	3379	4878	2204	1820	1581	2390	3850	2948	0	


0	 CF141HP 	 0 	 0 	 540  	 1080  	 0  	 0 

1	 CF52JP 	 1 	 3 	 600  	 840  	 9  	 4 
2	 CF145BP 	 1 	 10 	 540  	 780  	 7  	 3 
3	 CF141NQ	 1 	 2 	 720  	 960  	 5  	 2 
4	 CF52QR 	 1 	 6 	 720  	 960  	 6  	 3 
5	 CF141PT 	 1 	 10 	 600  	 840  	 10  	 5 
6	 CF244EG 	 0 	 25 	 540  	 780  	 9  	 4 
7	 CF141JU 	 1 	 3 	 600  	 840  	 7  	 3 
8	 CF142FU 	 1 	 5 	 540  	 780  	 6  	 3 
9	 CF145FD 	 1 	 8 	 660  	 900  	 9  	 4 
10	 CF148EU 	 1 	 2 	 720  	 960  	 10  	 5 
11	 CF144SB 	 1 	 4 	 720  	 960  	 8  	 4 
12	 CF244QX  	1 	 3 	 720  	 960  	 8  	 4 
13	 CF146PP 	 1 	 3 	 600  	 840  	 7  	 3 
14	 CF142QX  	1 	 6 	 540  	 780  	 9  	 4 
15	 CF143RF 	 1 	 4 	 540  	 780  	 7  	 3 
16	 CF142BB 	 1 	 6 	 660  	 900  	 10  	 5 
17	 CF244LX 	 0 	 5 	 660  	 900  	 7  	 3 
18	 CF144NA  	1 	 10 	 660  	 900  	 5  	 2 
19	 CF103EZ 	 1 	 2 	 660  	 900  	 7  	 3 
20	 CF149EY 	 1 	 9 	 600  	 840  	 5  	 2 
21	 CF142LL 	 1 	 9 	 720  	 960  	 8  	 4 
22	 CF146LX 	 1 	 1 	 720  	 960  	 6  	 3 
23	 CF149AZ 	 1 	 2 	 720  	 960  	 9  	 4 
24	 CF141AD	 1 	 4 	 600  	 840  	 10  	 5 
25	 CF146UF 	 0 	 20 	 600  	 840  	 8  	 4 
26	 CF145LF 	 1 	 6 	 540  	 780  	 5  	 2 
27	 CF144NY  	1 	 7 	 720  	 960  	 7  	 3 
28	 CF144QG  	1 	 4 	 540  	 780  	 7  	 3 
29	 CF52NJ 	 0 	 5 	 540  	 780  	 5  	 2 
30	 CF52RP 	 0 	 12 	 660  	 900  	 8  	 4 
31	 CF146RD 	 1 	 10 	 660  	 900  	 8  	 4 
32	 CF142AT 	 1 	 5 	 660  	 900  	 7  	 3 
33	 CF144NG  	1 	 2 	 660  	 900  	 8  	 4 
34	 CF144SH 	 1 	 6 	 660  	 900  	 8  	 4 
35	 CF52RS 	 1 	 3 	 720  	 960  	 8  	 4 
36	 CF244LS 	 1 	 1 	 600  	 840  	 9  	 4 
37	 CF149HP 	 1 	 3 	 720  	 960  	 5  	 2 
38	 CF149HG  	1 	 1 	 540  	 780  	 5  	 2 
39	 CF144LZ 	 1 	 8 	 720  	 960  	 7  	 3 
40	 CF52AE 	 1 	 10 	 600  	 840  	 5  	 2 
41	 CF146SG 	 1 	 10 	 600  	 840  	 7  	 3 
42	 CF142FX 	 1 	 6 	 720  	 960  	 8  	 4 
43	 CF149BU 	 1 	 4 	 600  	 840  	 6  	 3 
44	 CF141UB 	 1 	 6 	 720  	 960  	 9  	 4 
45	 CF143HS 	 1 	 7 	 600  	 840  	 7  	 3 
46	 CF144AQ  	1 	 7 	 660  	 900  	 9  	 4 
47	 CF144LX 	 1 	 8 	 720  	 960  	 6  	 3 
48	 CF52QN 	 1 	 7 	 600  	 840  	 9  	 4 
49	 CF52HP 	 1 	 4 	 720  	 960  	 5  	 2 
50	 CF244LW  	1 	 9 	 720  	 960  	 6  	 3 
