50

1200
32
10
500

0	3104	3304	1186	4108	2661	1215	3881	1851	1065	844	666	974	3188	3112	2943	865	1630	1616	1626	2979	1538	1272	3094	2555	3177	2126	2288	1548	3404	3101	2910	3150	904	314	2310	2939	3882	2884	1971	966	792	2114	3691	1704	2782	3929	2159	1275	3208	2763	
3104	0	580	4287	2540	3795	3942	1452	2931	2286	2497	3750	2627	802	1530	4171	2293	4506	2740	4729	1399	4119	1962	1387	619	493	1301	4155	2202	2396	3539	3491	860	2366	3076	2857	512	4577	2838	4637	2410	3589	3167	2142	4022	3462	3666	1164	2032	2697	3857	
3304	580	0	4486	3096	4304	4260	1947	3400	2624	2595	3918	2978	297	2109	4682	2565	4806	3186	4907	1979	4469	2295	1966	775	136	1774	4604	2633	2976	4090	4032	374	2477	3329	3375	366	5133	3397	4985	2490	3681	3655	2711	4408	3995	4245	1172	2108	3272	4371	
1186	4287	4486	0	5045	2979	1005	4981	2493	2131	1945	602	1901	4361	4157	3140	2014	909	2357	468	4042	1278	2400	4160	3741	4360	3246	2304	2519	4296	3611	3408	4319	2038	1244	2992	4122	4146	3611	1405	2064	1076	2655	4663	1621	3271	4541	3332	2419	4007	3073	
4108	2540	3096	5045	0	2861	4241	1255	2646	3049	3996	4728	3174	3342	1163	3113	3315	4778	2708	5506	1333	4214	2923	1269	2881	3030	2208	3629	2565	770	2180	2289	3400	3866	3888	2194	3026	2931	1643	4636	3980	4861	2629	456	3931	2366	1639	3305	3727	1195	2853	
2661	3795	4304	2979	2861	0	1977	3510	993	2120	3172	2986	1876	4379	2628	380	2421	2335	1272	3353	2640	1767	2341	2733	3618	4175	2533	848	1788	2145	761	592	4389	3116	2347	941	4006	1222	1244	2013	3247	3399	687	2682	1410	495	1709	3627	3281	1674	102	
1215	3942	4260	1005	4241	1977	0	4368	1606	1657	2041	1159	1324	4199	3486	2137	1702	577	1542	1383	3398	341	1982	3518	3486	4126	2736	1314	1871	3474	2632	2429	4173	2074	1012	2093	3897	3141	2710	767	2159	1678	1712	3898	630	2293	3577	3197	2415	3132	2070	
3881	1452	1947	4981	1255	3510	4368	0	2940	2851	3517	4544	3099	2222	913	3838	3018	4942	2876	5448	972	4439	2608	854	1948	1908	1756	4125	2503	1499	2992	3028	2289	3378	3742	2633	1964	3922	2300	4926	3465	4535	3054	1011	4232	3058	2746	2464	3134	1957	3536	
1851	2931	3400	2493	2646	993	1606	2940	0	1138	2229	2321	941	3447	2027	1362	1452	2133	284	2934	1982	1571	1348	2094	2680	3267	1633	1236	805	1876	1254	1071	3450	2160	1550	499	3081	2133	1118	2017	2293	2635	311	2328	1311	949	2094	2646	2299	1528	1084	
1065	2286	2624	2131	3049	2120	1657	2851	1138	0	1128	1711	356	2592	2053	2475	330	2223	854	2598	1925	1845	330	2042	1851	2489	1121	2108	520	2362	2333	2171	2576	1040	891	1467	2267	3267	1953	2363	1175	1814	1449	2628	1797	2063	3036	1651	1162	2216	2215	
844	2497	2595	1945	3996	3172	2041	3517	2229	1128	0	1351	1298	2439	2886	3502	798	2475	1951	2334	2729	2348	1102	2830	1898	2477	1818	2970	1629	3380	3455	3287	2392	138	1039	2593	2240	4359	3072	2805	122	1095	2533	3549	2464	3173	4157	1423	487	3302	3272	
666	3750	3918	602	4728	2986	1159	4544	2321	1711	1351	0	1556	3781	3763	3211	1530	1337	2128	989	3634	1495	1936	3750	3186	3795	2790	2442	2164	4005	3529	3331	3737	1452	840	2809	3557	4197	3412	1787	1469	543	2540	4322	1775	3196	4414	2755	1831	3770	3086	
974	2627	2978	1901	3174	1876	1324	3099	941	356	1298	1556	0	2948	2258	2213	565	1897	674	2369	2147	1495	684	2266	2206	2842	1416	1777	619	2449	2189	2010	2932	1240	718	1357	2622	3062	1913	2013	1371	1764	1239	2775	1441	1891	2971	2001	1437	2235	1975	
3188	802	297	4361	3342	4379	4199	2222	3447	2592	2439	3781	2948	0	2313	4759	2496	4732	3217	4769	2172	4425	2266	2173	768	315	1849	4626	2660	3175	4214	4143	78	2330	3240	3464	379	5259	3536	4938	2329	3511	3716	2943	4388	4098	4425	1030	1953	3443	4451	
3112	1530	2109	4157	1163	2628	3486	913	2027	2053	2886	3763	2258	2313	0	2971	2270	4056	1973	4625	170	3540	1862	144	1755	2017	1071	3215	1644	867	2179	2186	2360	2752	2937	1729	1963	3173	1465	4021	2859	3823	2145	710	3324	2198	2150	2148	2583	1213	2663	
2943	4171	4682	3140	3113	380	2137	3838	1362	2475	3502	3211	2213	4759	2971	0	2767	2417	1637	3481	2992	1881	2708	3081	3998	4554	2913	866	2162	2429	939	830	4769	3452	2630	1314	4385	1006	1545	2034	3582	3653	1061	2972	1526	781	1803	4003	3634	1949	315	
865	2293	2565	2014	3315	2421	1702	3018	1452	330	798	1530	565	2496	2270	2767	0	2242	1169	2471	2130	1939	411	2243	1793	2431	1262	2337	839	2651	2661	2496	2471	712	784	1796	2200	3584	2279	2447	847	1554	1760	2882	1949	2386	3364	1502	872	2530	2518	
1630	4506	4806	909	4778	2335	577	4942	2133	2223	2475	1337	1897	4732	4056	2417	2242	0	2098	1105	3972	584	2544	4090	4034	4673	3311	1551	2448	4009	3047	2848	4702	2529	1499	2603	4442	3413	3210	499	2596	1878	2195	4448	929	2715	4006	3718	2890	3644	2417	
1616	2740	3186	2357	2708	1272	1542	2876	284	854	1951	2128	674	3217	1973	1637	1169	2098	0	2811	1906	1568	1071	2022	2450	3052	1439	1418	558	1947	1515	1339	3217	1878	1326	694	2857	2416	1284	2050	2012	2406	595	2356	1361	1223	2313	2386	2015	1654	1365	
1626	4729	4907	468	5506	3353	1383	5448	2934	2598	2334	989	2369	4769	4625	3481	2471	1105	2811	0	4510	1600	2862	4628	4172	4784	3710	2624	2986	4754	4014	3812	4724	2439	1709	3432	4545	4486	4052	1589	2449	1349	3079	5128	1957	3675	4957	3744	2817	4455	3442	
2979	1399	1979	4042	1333	2640	3398	972	1982	1925	2729	3634	2147	2172	170	2992	2130	3972	1906	4510	0	3467	1720	119	1594	1881	911	3190	1540	1003	2234	2226	2217	2595	2814	1721	1815	3245	1518	3956	2699	3679	2122	880	3264	2228	2268	1979	2418	1309	2680	
1538	4119	4469	1278	4214	1767	341	4439	1571	1845	2348	1495	1495	4425	3540	1881	1939	584	1568	1600	3467	0	2175	3585	3694	4333	2874	1029	1978	3444	2467	2267	4404	2372	1310	2029	4110	2886	2631	518	2464	2018	1615	3897	359	2134	3425	3441	2699	3069	1853	
1272	1962	2295	2400	2923	2341	1982	2608	1348	330	1102	1936	684	2266	1862	2708	411	2544	1071	2862	1720	2175	0	1832	1522	2159	854	2404	587	2282	2465	2320	2252	986	1157	1593	1938	3442	2001	2692	1115	1961	1656	2485	2122	2224	3087	1344	997	2204	2431	
3094	1387	1966	4160	1269	2733	3518	854	2094	2042	2830	3750	2266	2173	144	3081	2243	4090	2022	4628	119	3585	1832	0	1627	1875	1013	3297	1659	1011	2306	2305	2220	2695	2931	1822	1824	3306	1590	4073	2797	3789	2228	822	3380	2312	2293	2036	2509	1352	2771	
2555	619	775	3741	2881	3618	3486	1948	2680	1851	1898	3186	2206	768	1755	3998	1793	4034	2450	4172	1594	3694	1522	1627	0	640	1099	3860	1892	2578	3486	3404	772	1771	2563	2711	417	4530	2827	4211	1806	2993	2951	2445	3640	3351	3773	549	1424	2784	3692	
3177	493	136	4360	3030	4175	4126	1908	3267	2489	2477	3795	2842	315	2017	4554	2431	4673	3052	4784	1881	4333	2159	1875	640	0	1643	4469	2498	2882	3971	3910	381	2358	3198	3248	238	5014	3281	4850	2374	3566	3524	2635	4272	3871	4143	1057	1991	3167	4243	
2126	1301	1774	3246	2208	2533	2736	1756	1633	1121	1818	2790	1416	1849	1071	2913	1262	3311	1439	3710	911	2874	854	1013	1099	1643	0	2854	912	1689	2391	2305	1864	1683	2002	1615	1474	3434	1753	3387	1788	2789	1881	1754	2745	2253	2757	1265	1519	1778	2603	
2288	4155	4604	2304	3629	848	1314	4125	1236	2108	2970	2442	1777	4626	3215	866	2337	1551	1418	2624	3190	1029	2404	3297	3860	4469	2854	0	1971	2880	1607	1428	4622	2950	1991	1499	4271	1864	1986	1178	3068	2925	1071	3396	685	1312	2557	3748	3201	2435	909	
1548	2202	2633	2519	2565	1788	1871	2503	805	520	1629	2164	619	2660	1644	2162	839	2448	558	2986	1540	1978	587	1659	1892	2498	912	1971	0	1857	1878	1733	2659	1529	1324	1006	2301	2860	1443	2486	1663	2319	1101	2159	1834	1640	2529	1842	1582	1696	1874	
3404	2396	2976	4296	770	2145	3474	1499	1876	2362	3380	4005	2449	3175	867	2429	2651	4009	1947	4754	1003	3444	2282	1011	2578	2882	1689	2880	1857	0	1528	1600	3220	3257	3167	1426	2818	2423	904	3868	3380	4174	1863	544	3162	1658	1295	2909	3170	482	2149	
3101	3539	4090	3611	2180	761	2632	2992	1254	2333	3455	3529	2189	4214	2179	939	2661	3047	1515	4014	2234	2467	2465	2306	3486	3971	2391	1607	1878	1528	0	203	4237	3373	2795	872	3835	1045	716	2757	3508	3879	993	2071	2119	340	961	3610	3459	1047	718	
2910	3491	4032	3408	2289	592	2429	3028	1071	2171	3287	3331	2010	4143	2186	830	2496	2848	1339	3812	2226	2267	2320	2305	3404	3910	2305	1428	1733	1600	203	0	4163	3208	2603	731	3765	1139	729	2567	3343	3686	798	2143	1921	137	1158	3500	3309	1119	568	
3150	860	374	4319	3400	4389	4173	2289	3450	2576	2392	3737	2932	78	2360	4769	2471	4702	3217	4724	2217	4404	2252	2220	772	381	1864	4622	2659	3220	4237	4163	0	2285	3208	3478	407	5282	3563	4916	2281	3459	3723	2998	4373	4115	4464	991	1907	3479	4462	
904	2366	2477	2038	3866	3116	2074	3378	2160	1040	138	1452	1240	2330	2752	3452	712	2529	1878	2439	2595	2372	986	2695	1771	2358	1683	2950	1529	3257	3373	3208	2285	0	1063	2507	2120	4292	2970	2841	135	1223	2466	3418	2468	3098	4057	1307	380	3189	3215	
314	3076	3329	1244	3888	2347	1012	3742	1550	891	1039	840	718	3240	2937	2630	784	1499	1326	1709	2814	1310	1157	2931	2563	3198	2002	1991	1324	3167	2795	2603	3208	1063	0	2018	2963	3568	2604	1779	1154	1086	1805	3483	1435	2473	3636	2220	1403	2945	2449	
2310	2857	3375	2992	2194	941	2093	2633	499	1467	2593	2809	1357	3464	1729	1314	1796	2603	694	3432	1721	2029	1593	1822	2711	3248	1615	1499	1006	1426	872	731	3478	2507	2018	0	3087	1867	620	2442	2642	3100	440	1915	1737	651	1619	2777	2587	1042	1000	
2939	512	366	4122	3026	4006	3897	1964	3081	2267	2240	3557	2622	379	1963	4385	2200	4442	2857	4545	1815	4110	1938	1824	417	238	1474	4271	2301	2818	3835	3765	407	2120	2963	3087	0	4880	3158	4626	2138	3330	3346	2613	4057	3719	4057	822	1755	3072	4076	
3882	4577	5133	4146	2931	1222	3141	3922	2133	3267	4359	4197	3062	5259	3173	1006	3584	3413	2416	4486	3245	2886	3442	3306	4530	5014	3434	1864	2860	2423	1045	1139	5282	4292	3568	1867	4880	0	1740	3008	4425	4619	1826	2941	2531	1220	1325	4640	4422	1975	1120	
2884	2838	3397	3611	1643	1244	2710	2300	1118	1953	3072	3412	1913	3536	1465	1545	2279	3210	1284	4052	1518	2631	2001	1590	2827	3281	1753	1986	1443	904	716	729	3563	2970	2604	620	3158	1740	0	3020	3103	3675	1017	1438	2323	765	1087	3006	2990	451	1254	
1971	4637	4985	1405	4636	2013	767	4926	2017	2363	2805	1787	2013	4938	4021	2034	2447	499	2050	1589	3956	518	2692	4073	4211	4850	3387	1178	2486	3868	2757	2567	4916	2841	1779	2442	4626	3008	3020	0	2924	2330	2009	4342	708	2441	3717	3948	3181	3467	2082	
966	2410	2490	2064	3980	3247	2159	3465	2293	1175	122	1469	1371	2329	2859	3582	847	2596	2012	2449	2699	2464	1115	2797	1806	2374	1788	3068	1663	3380	3508	3343	2281	135	1154	2642	2138	4425	3103	2924	0	1192	2600	3531	2573	3233	4190	1318	384	3319	3346	
792	3589	3681	1076	4861	3399	1678	4535	2635	1814	1095	543	1764	3511	3823	3653	1554	1878	2406	1349	3679	2018	1961	3789	2993	3566	2789	2925	2319	4174	3879	3686	3459	1223	1086	3100	3330	4619	3675	2330	1192	0	2888	4434	2276	3555	4719	2509	1575	3995	3500	
2114	3167	3655	2655	2629	687	1712	3054	311	1449	2533	2540	1239	3716	2145	1061	1760	2195	595	3079	2122	1615	1656	2228	2951	3524	1881	1071	1101	1863	993	798	3723	2466	1805	440	3346	1826	1017	2009	2600	2888	0	2355	1308	668	1888	2942	2610	1460	776	
3691	2142	2711	4663	456	2682	3898	1011	2328	2628	3549	4322	2775	2943	710	2972	2882	4448	2356	5128	880	3897	2485	822	2445	2635	1754	3396	2159	544	2071	2143	2998	3418	3483	1915	2613	2941	1438	4342	3531	4434	2355	0	3634	2198	1736	2856	3273	1026	2689	
1704	4022	4408	1621	3931	1410	630	4232	1311	1797	2464	1775	1441	4388	3324	1526	1949	929	1361	1957	3264	359	2122	3380	3640	4272	2745	685	1834	3162	2119	1921	4373	2468	1435	1737	4057	2531	2323	708	2573	2276	1308	3634	0	1789	3079	3437	2766	2767	1495	
2782	3462	3995	3271	2366	495	2293	3058	949	2063	3173	3196	1891	4098	2198	781	2386	2715	1223	3675	2228	2134	2224	2312	3351	3871	2253	1312	1640	1658	340	137	4115	3098	2473	651	3719	1220	765	2441	3233	3555	668	2198	1789	0	1291	3429	3209	1182	491	
3929	3666	4245	4541	1639	1709	3577	2746	2094	3036	4157	4414	2971	4425	2150	1803	3364	4006	2313	4957	2268	3425	3087	2293	3773	4143	2757	2557	2529	1295	961	1158	4464	4057	3636	1619	4057	1325	1087	3717	4190	4719	1888	1736	3079	1291	0	4022	4072	990	1651	
2159	1164	1172	3332	3305	3627	3197	2464	2646	1651	1423	2755	2001	1030	2148	4003	1502	3718	2386	3744	1979	3441	1344	2036	549	1057	1265	3748	1842	2909	3610	3500	991	1307	2220	2777	822	4640	3006	3948	1318	2509	2942	2856	3437	3429	4022	0	936	3041	3711	
1275	2032	2108	2419	3727	3281	2415	3134	2299	1162	487	1831	1437	1953	2583	3634	872	2890	2015	2817	2418	2699	997	2509	1424	1991	1519	3201	1582	3170	3459	3309	1907	380	1403	2587	1755	4422	2990	3181	384	1575	2610	3273	2766	3209	4072	936	0	3159	3377	
3208	2697	3272	4007	1195	1674	3132	1957	1528	2216	3302	3770	2235	3443	1213	1949	2530	3644	1654	4455	1309	3069	2204	1352	2784	3167	1778	2435	1696	482	1047	1119	3479	3189	2945	1042	3072	1975	451	3467	3319	3995	1460	1026	2767	1182	990	3041	3159	0	1673	
2763	3857	4371	3073	2853	102	2070	3536	1084	2215	3272	3086	1975	4451	2663	315	2518	2417	1365	3442	2680	1853	2431	2771	3692	4243	2603	909	1874	2149	718	568	4462	3215	2449	1000	4076	1120	1254	2082	3346	3500	776	2689	1495	491	1651	3711	3377	1673	0	


0	 CF145GP 	 0 	 0 	 540  	 1080  	 0  	 0 

1	 CF103EX 	 1 	 3 	 600  	 840  	 7  	 3 
2	 CF244JP 	 1 	 6 	 540  	 780  	 7  	 3 
3	 CF145JR 	 1 	 8 	 540  	 780  	 5  	 2 
4	 CF52LF 	 1 	 9 	 660  	 900  	 9  	 4 
5	 CF147AW	 1 	 8 	 540  	 780  	 10  	 5 
6	 CF146PJ 	 1 	 10 	 540  	 780  	 7  	 3 
7	 CF52AR 	 1 	 3 	 660  	 900  	 9  	 4 
8	 CF141RP 	 1 	 5 	 660  	 900  	 6  	 3 
9	 CF144NU	 0 	 24 	 660  	 900  	 10  	 5 
10	 CF235QJ 	 1 	 6 	 540  	 780  	 10  	 5 
11	 CF145PD 	 1 	 9 	 540  	 780  	 5  	 2 
12	 CF144QT 	 1 	 5 	 600  	 840  	 8  	 4 
13	 CF244EX 	 0 	 19 	 600  	 840  	 6  	 3 
14	 CF142QG	 1 	 1 	 660  	 900  	 6  	 3 
15	 CF147TF 	 1 	 5 	 720  	 960  	 8  	 4 
16	 CF144JT 	 1 	 4 	 720  	 960  	 10  	 5 
17	 CF145HQ	 1 	 1 	 540  	 780  	 10  	 5 
18	 CF141TA 	 1 	 4 	 720  	 960  	 7  	 3 
19	 CF149DB 	 1 	 10 	 720  	 960  	 10  	 5 
20	 CF142SF 	 1 	 3 	 720  	 960  	 7  	 3 
21	 CF146RE 	 1 	 4 	 540  	 780  	 7  	 3 
22	 CF144BD 	 1 	 3 	 720  	 960  	 9  	 4 
23	 CF142QF 	 1 	 6 	 720  	 960  	 10  	 5 
24	 CF143YE 	 1 	 10 	 600  	 840  	 10  	 5 
25	 CF244JH 	 1 	 9 	 600  	 840  	 9  	 4 
26	 CF143HJ 	 1 	 5 	 540  	 780  	 10  	 5 
27	 CF146JA 	 0 	 23 	 660  	 900  	 5  	 2 
28	 CF141UP 	 0 	 7 	 660  	 900  	 9  	 4 
29	 CF142JJ 	 1 	 3 	 540  	 780  	 5  	 2 
30	 CF142BY 	 1 	 4 	 720  	 960  	 10  	 5 
31	 CF142DD	 1 	 10 	 720  	 960  	 6  	 3 
32	 CF244NE 	 1 	 9 	 540  	 780  	 5  	 2 
33	 CF143RG 	 1 	 10 	 720  	 960  	 5  	 2 
34	 CF148LR 	 1 	 4 	 540  	 780  	 6  	 3 
35	 CF141DA	 1 	 6 	 600  	 840  	 9  	 4 
36	 CF244LG 	 1 	 7 	 660  	 900  	 7  	 3 
37	 CF147JJ 	 1 	 5 	 660  	 900  	 7  	 3 
38	 CF141NJ 	 1 	 10 	 600  	 840  	 6  	 3 
39	 CF146QH	 1 	 9 	 660  	 900  	 5  	 2 
40	 CF235QA	 1 	 7 	 720  	 960  	 5  	 2 
41	 CF140NR	 1 	 2 	 660  	 900  	 9  	 4 
42	 CF141AZ 	 1 	 4 	 660  	 900  	 10  	 5 
43	 CF52EJ 	 1 	 10 	 720  	 960  	 8  	 4 
44	 CF146JB 	 1 	 6 	 660  	 900  	 9  	 4 
45	 CF142AN	 0 	 7 	 600  	 840  	 6  	 3 
46	 CF52RL 	 1 	 8 	 660  	 900  	 5  	 2 
47	 CF143QX	 1 	 10 	 600  	 840  	 5  	 2 
48	 CF143RF 	 1 	 8 	 660  	 900  	 6  	 3 
49	 CF142NB	 1 	 5 	 720  	 960  	 5  	 2 
50	 CF147AT 	 1 	 1 	 720  	 960  	 10  	 5 
