50

1200
32
10
500

0	661	3276	4634	795	2533	749	2069	675	2431	3409	2389	4717	3413	1466	3011	284	2579	1302	935	1490	1338	1121	1678	2054	3556	1856	3303	1184	3699	2552	1919	4726	2065	653	5133	2242	1601	3852	2255	4929	3321	2777	1492	993	2002	1727	1319	1705	1045	2874	
661	0	2770	4324	1437	2233	91	1432	1021	1792	2841	1734	4465	2754	1607	2553	940	1981	683	284	2146	1177	1782	1097	1643	3323	1227	2644	1518	3070	2128	1648	4116	1434	448	4882	2373	976	3225	2154	4317	2721	2337	1499	1653	1777	1102	770	1410	1688	2748	
3276	2770	0	2024	4039	1245	2728	1601	3037	1420	512	1691	2368	1885	2682	391	3537	1006	2650	2519	4646	2146	4254	1693	1270	1685	1694	2209	4286	1276	826	1617	1777	1564	2624	2719	5010	2585	1331	1989	1975	795	612	2375	4081	1678	1777	2874	1715	3991	1954	
4634	4324	2024	0	5265	2105	4315	3510	4152	3406	2435	3682	451	3863	3469	1962	4835	2988	4430	4139	5707	3299	5342	3420	2694	1158	3537	4213	5788	3120	2251	2717	2989	3465	4020	703	6693	4442	3105	2513	3100	2759	2093	3263	5163	2635	3579	4662	2941	5002	1974	
795	1437	4039	5265	0	3196	1519	2861	1114	3223	4195	3171	5302	4187	1874	3754	513	3373	2017	1719	719	1991	416	2471	2791	4145	2649	4054	969	4493	3285	2590	5519	2858	1422	5713	2087	2309	4646	2791	5723	4113	3514	2014	400	2642	2520	1978	2401	603	3399	
2533	2233	1245	2105	3196	0	2232	1751	2097	1834	1690	2076	2232	2751	1545	854	2745	1509	2435	2072	3703	1208	3321	1470	683	1109	1681	2960	3683	2392	535	614	3023	1702	1915	2649	4607	2515	2486	744	3219	1861	658	1270	3142	561	1674	2662	836	3008	839	
749	91	2728	4315	1519	2232	0	1359	1106	1718	2785	1652	4464	2669	1669	2521	1026	1919	594	216	2230	1209	1868	1045	1626	3328	1158	2555	1558	2997	2104	1656	4049	1363	510	4880	2378	886	3153	2183	4249	2657	2310	1547	1741	1790	1035	691	1416	1779	2771	
2069	1432	1601	3510	2861	1751	1359	0	2141	362	1505	408	3773	1412	2250	1550	2353	625	1092	1148	3556	1555	3178	499	1102	2785	221	1431	2855	1638	1327	1485	2695	49	1516	4166	3448	987	1793	2164	2893	1325	1430	1971	3031	1655	350	1301	1338	3020	2554	
675	1021	3037	4152	1114	2097	1106	2141	0	2487	3266	2521	4189	3550	810	2718	744	2526	1696	1194	1621	909	1232	1666	1767	3031	1921	3515	1810	3684	2242	1502	4640	2122	663	4601	2903	1978	3829	1682	4846	3241	2474	903	1054	1537	1795	1790	1337	956	2296	
2431	1792	1420	3406	3223	1834	1718	362	2487	0	1229	276	3704	1088	2541	1455	2714	419	1408	1509	3917	1847	3539	824	1253	2791	579	1173	3195	1280	1346	1681	2347	370	1872	4083	3737	1254	1436	2345	2543	1007	1392	2249	3391	1844	708	1600	1574	3378	2665	
3409	2841	512	2435	4195	1690	2785	1505	3266	1229	0	1469	2810	1428	3017	863	3684	884	2597	2569	4841	2417	4449	1745	1546	2194	1657	1783	4329	765	1201	1956	1393	1481	2774	3137	4952	2476	822	2419	1599	326	1031	2705	4283	2049	1765	2805	2004	4217	2444	
2389	1734	1691	3682	3171	2076	1652	408	2521	276	1469	0	3979	1034	2658	1731	2671	695	1261	1454	3878	1963	3508	904	1464	3057	613	1024	3064	1407	1605	1871	2492	445	1879	4359	3540	1065	1562	2546	2681	1218	1662	2379	3369	2039	730	1430	1737	3374	2900	
4717	4465	2368	451	5302	2232	4464	3773	4189	3704	2810	3979	0	4236	3460	2248	4899	3289	4633	4302	5696	3381	5345	3632	2872	1162	3777	4574	5889	3520	2470	2825	3435	3726	4129	417	6838	4671	3514	2514	3549	3131	2343	3288	5167	2719	3806	4864	3059	4992	1925	
3413	2754	1885	3863	4187	2751	2669	1412	3550	1088	1428	1034	4236	0	3627	2120	3694	1259	2212	2479	4899	2934	4534	1904	2277	3530	1631	400	3992	838	2220	2724	1800	1436	2913	4565	4301	1958	942	3358	1950	1105	2170	3332	4398	2876	1756	2335	2643	4407	3587	
1466	1607	2682	3469	1874	1545	1669	2250	810	2541	3017	2658	3460	3627	0	2315	1553	2444	2190	1661	2241	695	1885	1754	1478	2320	2052	3681	2620	3573	1856	1067	4410	2216	1160	3864	3707	2428	3703	956	4615	3074	2074	313	1708	1013	1950	2344	1029	1535	1538	
3011	2553	391	1962	3754	854	2521	1550	2718	1455	863	1731	2248	2120	2315	0	3262	1042	2524	2321	4337	1815	3946	1525	962	1410	1593	2405	4070	1608	476	1258	2168	1506	2358	2630	4857	2502	1682	1598	2365	1092	245	2013	3770	1305	1652	2754	1383	3668	1581	
284	940	3537	4835	513	2745	1026	2353	744	2714	3684	2671	4899	3694	1553	3262	0	2860	1561	1217	1207	1538	843	1958	2301	3737	2139	3578	1071	3982	2798	2133	5006	2349	914	5313	2182	1858	4135	2408	5210	3600	3025	1631	726	2201	2010	1555	1930	810	3026	
2579	1981	1006	2988	3373	1509	1919	625	2526	419	884	695	3289	1259	2444	1042	2860	0	1714	1704	4043	1772	3656	901	1025	2403	775	1451	3452	1159	991	1477	2147	598	1969	3666	4073	1607	1303	2100	2350	742	999	2137	3497	1623	888	1925	1425	3457	2348	
1302	683	2650	4430	2017	2435	594	1092	1696	1408	2597	1261	4633	2212	2190	2524	1561	1714	0	530	2736	1628	2397	1010	1765	3543	957	2044	1803	2664	2179	1935	3746	1116	1064	5043	2363	299	2821	2550	3938	2409	2349	2020	2287	2095	876	232	1704	2347	3093	
935	284	2519	4139	1719	2072	216	1148	1194	1509	2569	1454	4302	2479	1661	2321	1217	1704	530	0	2424	1128	2055	831	1445	3176	945	2382	1770	2786	1914	1516	3835	1150	542	4717	2556	791	2941	2083	4035	2442	2114	1502	1921	1661	820	692	1277	1943	2654	
1490	2146	4646	5707	719	3703	2230	3556	1621	3917	4841	3878	5696	4899	2241	4337	1207	4043	2736	2424	0	2529	393	3145	3380	4561	3340	4772	1443	5178	3862	3120	6188	3550	2075	6097	2426	3028	5330	3196	6392	4780	4093	2453	567	3142	3211	2693	2958	706	3772	
1338	1177	2146	3299	1991	1208	1209	1555	909	1847	2417	1963	3381	2934	695	1815	1538	1772	1628	1128	2529	0	2141	1061	880	2220	1360	2986	2510	2918	1339	600	3808	1521	770	3797	3499	1828	3054	978	4014	2436	1570	426	1963	665	1262	1817	432	1854	1581	
1121	1782	4254	5342	416	3321	1868	3178	1232	3539	4449	3508	5345	4534	1885	3946	843	3656	2397	2055	393	2141	0	2759	2988	4201	2961	4421	1326	4795	3471	2733	5799	3171	1687	5748	2404	2692	4946	2836	6003	4391	3702	2081	180	2760	2831	2373	2568	372	3423	
1678	1097	1693	3420	2471	1470	1045	499	1666	824	1745	904	3632	1904	1754	1525	1958	901	1010	831	3145	1061	2759	0	787	2565	300	1928	2600	2038	1170	1075	3048	469	1073	4039	3333	1048	2188	1752	3251	1642	1341	1481	2603	1248	224	1242	891	2573	2210	
2054	1643	1270	2694	2791	683	1626	1102	1767	1253	1546	1464	2872	2277	1478	962	2301	1025	1765	1445	3380	880	2988	787	0	1782	1008	2422	3144	2106	498	453	2940	1054	1404	3285	4001	1833	2231	1092	3145	1598	724	1164	2814	600	993	1995	458	2721	1453	
3556	3323	1685	1158	4145	1109	3328	2785	3031	2791	2194	3057	1162	3530	2320	1410	3737	2403	3543	3176	4561	2220	4201	2565	1782	0	2750	3811	4730	2959	1459	1676	3236	2737	2974	1577	5693	3612	3003	1365	3400	2473	1404	2132	4023	1562	2759	3771	1914	3855	818	
1856	1227	1694	3537	2649	1681	1158	221	1921	579	1657	613	3777	1631	2052	1593	2139	775	957	945	3340	1360	2961	300	1008	2750	0	1634	2678	1845	1309	1348	2890	210	1295	4178	3320	909	1999	2029	3090	1503	1444	1781	2813	1521	130	1179	1179	2800	2457	
3303	2644	2209	4213	4054	2960	2555	1431	3515	1173	1783	1024	4574	400	3681	2405	3578	1451	2044	2382	4772	2986	4421	1928	2422	3811	1634	0	3775	1237	2440	2854	2184	1466	2860	4914	4001	1766	1342	3514	2325	1457	2423	3400	4296	3016	1747	2133	2743	4325	3798	
1184	1518	4286	5788	969	3683	1558	2855	1810	3195	4329	3064	5889	3992	2620	4070	1071	3452	1803	1770	1443	2510	1326	2600	3144	4730	2678	3775	0	4464	3636	3074	5541	2869	1768	6306	1131	2035	4621	3438	5735	4178	3850	2673	1364	3170	2565	1657	2848	1573	4058	
3699	3070	1276	3120	4493	2392	2997	1638	3684	1280	765	1407	3520	838	3573	1608	3982	1159	2664	2786	5178	2918	4795	2038	2106	2959	1845	1237	4464	0	1870	2551	1088	1636	3111	3821	4925	2468	157	3092	1274	531	1742	3262	4641	2672	1972	2836	2545	4609	3181	
2552	2128	826	2251	3285	535	2104	1327	2242	1346	1201	1605	2470	2220	1856	476	2798	991	2179	1914	3862	1339	3471	1170	498	1459	1309	2440	3636	1870	0	791	2575	1279	1902	2874	4468	2201	1972	1225	2777	1339	231	1549	3295	858	1337	2411	907	3192	1367	
1919	1648	1617	2717	2590	614	1656	1485	1502	1681	1956	1871	2825	2724	1067	1258	2133	1477	1935	1516	3120	600	2733	1075	453	1676	1348	2854	3074	2551	791	0	3346	1439	1307	3242	4017	2064	2672	681	3550	2036	1015	759	2555	173	1298	2153	240	2434	1159	
4726	4116	1777	2989	5519	3023	4049	2695	4640	2347	1393	2492	3435	1800	4410	2168	5006	2147	3746	3835	6188	3808	5799	3048	2940	3236	2890	2184	5541	1088	2575	3346	0	2687	4112	3636	6011	3555	934	3766	206	1408	2380	4098	5637	3431	3014	3922	3397	5585	3690	
2065	1434	1564	3465	2858	1702	1363	49	2122	370	1481	445	3726	1436	2216	1506	2349	598	1116	1150	3550	1521	3171	469	1054	2737	210	1466	2869	1636	1279	1439	2687	0	1503	4120	3476	1021	1791	2119	2886	1309	1384	1935	3022	1610	339	1328	1296	3008	2506	
653	448	2624	4020	1422	1915	510	1516	663	1872	2774	1879	4129	2913	1160	2358	914	1969	1064	542	2075	770	1687	1073	1404	2974	1295	2860	1768	3111	1902	1307	4112	1503	0	4546	2730	1333	3261	1743	4317	2705	2126	1056	1530	1412	1166	1194	1080	1505	2351	
5133	4882	2719	703	5713	2649	4880	4166	4601	4083	3137	4359	417	4565	3864	2630	5313	3666	5043	4717	6097	3797	5748	4039	3285	1577	4178	4914	6306	3821	2874	3242	3636	4120	4546	0	7255	5075	3803	2922	3732	3461	2738	3698	5572	3136	4211	5274	3476	5393	2326	
2242	2373	5010	6693	2087	4607	2378	3448	2903	3737	4952	3540	6838	4301	3707	4857	2182	4073	2363	2556	2426	3499	2404	3333	4001	5693	3320	4001	1131	4925	4468	4017	6011	3476	2730	7255	0	2483	5077	4464	6190	4744	4662	3723	2470	4137	3233	2148	3781	2687	5077	
1601	976	2585	4442	2309	2515	886	987	1978	1254	2476	1065	4671	1958	2428	2502	1858	1607	299	791	3028	1828	2692	1048	1833	3612	909	1766	2035	2468	2201	2064	3555	1021	1333	5075	2483	0	2623	2708	3742	2260	2349	2235	2584	2230	865	377	1844	2645	3221	
3852	3225	1331	3105	4646	2486	3153	1793	3829	1436	822	1562	3514	942	3703	1682	4135	1303	2821	2941	5330	3054	4946	2188	2231	3003	1999	1342	4621	157	1972	2672	934	1791	3261	3803	5077	2623	0	3197	1119	637	1831	3390	4791	2787	2126	2992	2674	4757	3261	
2255	2154	1989	2513	2791	744	2183	2164	1682	2345	2419	2546	2514	3358	956	1598	2408	2100	2550	2083	3196	978	2836	1752	1092	1365	2029	3514	3438	3092	1225	681	3766	2119	1743	2922	4464	2708	3197	0	3963	2563	1391	779	2657	509	1976	2756	870	2490	619	
4929	4317	1975	3100	5723	3219	4249	2893	4846	2543	1599	2681	3549	1950	4615	2365	5210	2350	3938	4035	6392	4014	6003	3251	3145	3400	3090	2325	5735	1274	2777	3550	206	2886	4317	3732	6190	3742	1119	3963	0	1612	2580	4303	5843	3634	3215	4111	3603	5791	3875	
3321	2721	795	2759	4113	1861	2657	1325	3241	1007	326	1218	3131	1105	3074	1092	3600	742	2409	2442	4780	2436	4391	1642	1598	2473	1503	1457	4178	531	1339	2036	1408	1309	2705	3461	4744	2260	637	2563	1612	0	1212	2761	4231	2150	1623	2606	2046	4182	2655	
2777	2337	612	2093	3514	658	2310	1430	2474	1392	1031	1662	2343	2170	2074	245	3025	999	2349	2114	4093	1570	3702	1341	724	1404	1444	2423	3850	1742	231	1015	2380	1384	2126	2738	4662	2349	1831	1391	2580	1212	0	1771	3526	1068	1488	2580	1138	3424	1445	
1492	1499	2375	3263	2014	1270	1547	1971	903	2249	2705	2379	3288	3332	313	2013	1631	2137	2020	1502	2453	426	2081	1481	1164	2132	1781	3400	2673	3262	1549	759	4098	1935	1056	3698	3723	2235	3390	779	4303	2761	1771	0	1901	720	1686	2194	717	1751	1395	
993	1653	4081	5163	400	3142	1741	3031	1054	3391	4283	3369	5167	4398	1708	3770	726	3497	2287	1921	567	1963	180	2603	2814	4023	2813	4296	1364	4641	3295	2555	5637	3022	1530	5572	2470	2584	4791	2657	5843	4231	3526	1901	0	2580	2683	2277	2391	228	3246	
2002	1777	1678	2635	2642	561	1790	1655	1537	1844	2049	2039	2719	2876	1013	1305	2201	1623	2095	1661	3142	665	2760	1248	600	1562	1521	3016	3170	2672	858	173	3431	1610	1412	3136	4137	2230	2787	509	3634	2150	1068	720	2580	0	1472	2310	390	2447	999	
1727	1102	1777	3579	2520	1674	1035	350	1795	708	1765	730	3806	1756	1950	1652	2010	888	876	820	3211	1262	2831	224	993	2759	130	1747	2565	1972	1337	1298	3014	339	1166	4211	3233	865	2126	1976	3215	1623	1488	1686	2683	1472	0	1104	1114	2671	2428	
1319	770	2874	4662	1978	2662	691	1301	1790	1600	2805	1430	4864	2335	2344	2754	1555	1925	232	692	2693	1817	2373	1242	1995	3771	1179	2133	1657	2836	2411	2153	3922	1328	1194	5274	2148	377	2992	2756	4111	2606	2580	2194	2277	2310	1104	0	1919	2359	3308	
1705	1410	1715	2941	2401	836	1416	1338	1337	1574	2004	1737	3059	2643	1029	1383	1930	1425	1704	1277	2958	432	2568	891	458	1914	1179	2743	2848	2545	907	240	3397	1296	1080	3476	3781	1844	2674	870	3603	2046	1138	717	2391	390	1114	1919	0	2286	1389	
1045	1688	3991	5002	603	3008	1779	3020	956	3378	4217	3374	4992	4407	1535	3668	810	3457	2347	1943	706	1854	372	2573	2721	3855	2800	4325	1573	4609	3192	2434	5585	3008	1505	5393	2687	2645	4757	2490	5791	4182	3424	1751	228	2447	2671	2359	2286	0	3068	
2874	2748	1954	1974	3399	839	2771	2554	2296	2665	2444	2900	1925	3587	1538	1581	3026	2348	3093	2654	3772	1581	3423	2210	1453	818	2457	3798	4058	3181	1367	1159	3690	2506	2351	2326	5077	3221	3261	619	3875	2655	1445	1395	3246	999	2428	3308	1389	3068	0	


0	 CF145JX 	 0 	 0 	 540  	 1080  	 0  	 0 

1	 CF146RD 	 1 	 1 	 540  	 780  	 6  	 3 
2	 CF143HX 	 1 	 5 	 540  	 780  	 5  	 2 
3	 CF244JJ 	 1 	 9 	 720  	 960  	 7  	 3 
4	 CF149EE 	 1 	 1 	 720  	 960  	 7  	 3 
5	 CF144EE 	 1 	 4 	 540  	 780  	 8  	 4 
6	 CF146RB 	 1 	 8 	 720  	 960  	 6  	 3 
7	 CF146BB 	 1 	 3 	 600  	 840  	 6  	 3 
8	 CF145BZ 	 1 	 8 	 600  	 840  	 5  	 2 
9	 CF141AR 	 1 	 5 	 660  	 900  	 8  	 4 
10	 CF142PZ 	 1 	 1 	 540  	 780  	 8  	 4 
11	 CF141AW	 1 	 3 	 600  	 840  	 6  	 3 
12	 CF244EE 	 1 	 9 	 600  	 840  	 10  	 5 
13	 CF142EJ 	 1 	 6 	 600  	 840  	 5  	 2 
14	 CF145QB	 1 	 4 	 720  	 960  	 6  	 3 
15	 CF141EG 	 1 	 9 	 720  	 960  	 8  	 4 
16	 CF149AS 	 1 	 4 	 540  	 780  	 10  	 5 
17	 CF141PY 	 1 	 5 	 600  	 840  	 8  	 4 
18	 CF146LD 	 1 	 7 	 660  	 900  	 5  	 2 
19	 CF146LP 	 1 	 3 	 660  	 900  	 5  	 2 
20	 CF149ES 	 1 	 2 	 660  	 900  	 7  	 3 
21	 CF143WE	 1 	 5 	 540  	 780  	 7  	 3 
22	 CF149DU	 1 	 7 	 540  	 780  	 10  	 5 
23	 CF146AF 	 1 	 5 	 720  	 960  	 5  	 2 
24	 CF144NR	 1 	 9 	 660  	 900  	 5  	 2 
25	 CF143QX	 1 	 6 	 600  	 840  	 5  	 2 
26	 CF146BX 	 1 	 5 	 540  	 780  	 10  	 5 
27	 CF142TH 	 1 	 4 	 540  	 780  	 8  	 4 
28	 CF149UA	 1 	 9 	 720  	 960  	 10  	 5 
29	 CF142LN 	 1 	 5 	 660  	 900  	 6  	 3 
30	 CF144AE 	 0 	 20 	 720  	 960  	 10  	 5 
31	 CF144JR 	 1 	 6 	 660  	 900  	 7  	 3 
32	 CF52YN 	 1 	 3 	 720  	 960  	 10  	 5 
33	 CF146BH 	 1 	 3 	 540  	 780  	 8  	 4 
34	 CF145EN 	 1 	 1 	 600  	 840  	 8  	 4 
35	 CF244BS 	 1 	 3 	 600  	 840  	 5  	 2 
36	 CF831ND	 1 	 3 	 720  	 960  	 9  	 4 
37	 CF146HY 	 0 	 5 	 600  	 840  	 10  	 5 
38	 CF142LP 	 1 	 4 	 720  	 960  	 10  	 5 
39	 CF144EJ 	 1 	 1 	 720  	 960  	 8  	 4 
40	 CF52HL 	 1 	 5 	 720  	 960  	 7  	 3 
41	 CF142PF 	 1 	 3 	 540  	 780  	 8  	 4 
42	 CF144AB 	 1 	 2 	 660  	 900  	 7  	 3 
43	 CF145LH 	 1 	 4 	 540  	 780  	 7  	 3 
44	 CF149BX 	 1 	 6 	 660  	 900  	 6  	 3 
45	 CF144LW	 1 	 5 	 540  	 780  	 10  	 5 
46	 CF146DJ 	 1 	 8 	 540  	 780  	 7  	 3 
47	 CF146SA 	 1 	 5 	 660  	 900  	 9  	 4 
48	 CF144PD 	 1 	 4 	 720  	 960  	 10  	 5 
49	 CF149DL 	 1 	 1 	 540  	 780  	 9  	 4 
50	 CF143QN	 1 	 10 	 600  	 840  	 9  	 4 
