50

1200
32
10
500

0	1237	2834	1526	3197	2589	3994	1004	362	1402	1354	2438	1048	2996	4139	4173	3212	2186	1164	5225	1338	2222	3252	2314	1396	951	2046	3540	1684	5171	3621	3133	2050	798	1024	2742	2259	3262	1883	533	2690	1849	317	837	1278	2977	992	278	3566	2702	1682	
1237	0	3845	2366	2433	3366	5051	1971	1599	1081	2225	3123	2277	4120	5141	4918	4328	3031	943	6214	2249	3432	4194	3480	2610	392	3134	4373	2241	6103	4496	4287	2657	2031	1725	3713	3464	2511	3058	1770	2439	2431	1372	2012	2176	2247	1575	1044	4329	2365	2915	
2834	3845	0	1506	4475	936	1217	1884	2598	4231	1627	1242	2323	662	1307	1703	729	947	3996	2392	3342	1315	500	945	1704	3703	827	1001	1858	2349	952	936	1576	2225	3497	210	1263	4494	2673	2443	3293	1723	2974	2029	3345	4272	2306	2880	1214	3452	1763	
1526	2366	1506	0	3166	1064	2722	534	1425	2904	172	929	1556	1913	2781	2651	2093	677	2663	3849	2492	1637	1828	1465	1176	2272	966	2039	537	3740	2143	2141	647	1257	2426	1355	1634	3200	2342	1338	2137	553	1761	953	2464	2946	803	1484	2045	2253	1518	
3197	2433	4475	3166	0	3610	5606	3186	3490	3498	3150	3281	4113	5020	5523	4700	5168	3534	3376	6436	4499	4773	4578	4630	4114	2790	4128	4461	2669	6176	4661	5270	2899	3763	4048	4275	4778	82	5016	3592	1250	2768	3478	3557	4431	227	2619	2919	4270	1068	4487	
2589	3366	936	1064	3610	0	1995	1588	2462	3966	1234	329	2443	1582	1936	1587	1665	424	3725	2937	3448	1910	971	1575	1899	3312	1141	1009	1156	2768	1152	1856	771	2215	3454	726	1875	3622	3056	2352	2396	977	2813	1935	3431	3417	1795	2543	982	2563	2123	
3994	5051	1217	2722	5606	1995	0	3082	3725	5373	2841	2324	3334	1071	383	1696	857	2136	5143	1297	4299	2067	1032	1787	2728	4892	1948	1328	3053	1411	1112	1091	2732	3315	4546	1381	2010	5617	3435	3558	4385	2904	4099	3165	4317	5412	3522	4066	1612	4555	2659	
1004	1971	1884	534	3186	1588	3082	0	892	2399	362	1462	1123	2160	3189	3170	2363	1182	2158	4271	1989	1623	2270	1571	932	1819	1169	2537	865	4193	2623	2347	1135	785	1894	1769	1639	3233	1987	817	2317	976	1227	482	1955	2960	577	1002	2563	2397	1306	
362	1599	2598	1425	3490	2462	3725	892	0	1648	1254	2354	687	2702	3892	4028	2921	2044	1421	4977	1161	1885	3041	2004	1063	1299	1787	3370	1695	4947	3432	2823	2015	449	1002	2527	1925	3552	1545	180	2886	1837	376	569	1114	3267	1087	609	3423	2919	1328	
1402	1081	4231	2904	3498	3966	5373	2399	1648	0	2736	3786	2159	4348	5533	5553	4567	3575	241	6619	1647	3485	4654	3642	2687	806	3431	4935	2960	6573	5021	4457	3360	2074	1102	4144	3531	3578	2683	1819	3482	3142	1278	2210	1577	3320	2233	1426	4948	3423	2885	
1354	2225	1627	172	3150	1234	2841	362	1254	2736	0	1100	1416	1991	2916	2820	2180	840	2495	3989	2332	1626	1972	1491	1085	2116	1017	2202	602	3890	2301	2207	792	1104	2256	1488	1628	3189	2228	1171	2171	664	1588	797	2303	2928	685	1319	2214	2275	1442	
2438	3123	1242	929	3281	329	2324	1462	2354	3786	1100	0	2426	1868	2260	1795	1969	472	3546	3246	3402	2077	1299	1769	1934	3099	1287	1288	885	3059	1451	2141	476	2161	3355	1032	2048	3294	3115	2263	2069	698	2686	1865	3378	3088	1573	2361	1207	2235	2203	
1048	2277	2323	1556	4113	2443	3334	1123	687	2159	1416	2426	0	2270	3554	3915	2490	2022	1960	4621	1027	1338	2808	1550	620	1957	1503	3220	1985	4644	3239	2338	2202	360	1215	2306	1388	4170	907	538	3391	2077	942	642	1024	3887	1562	1292	3330	3449	728	
2996	4120	662	1913	5020	1582	1071	2160	2702	4348	1991	1868	2270	0	1341	2189	221	1502	4123	2367	3228	1001	1001	720	1674	3922	992	1538	2357	2443	1416	275	2141	2276	3484	863	943	5045	2387	2529	3877	2252	3070	2159	3246	4809	2669	3099	1795	4026	1588	
4139	5141	1307	2781	5523	1936	383	3189	3892	5533	2916	2260	3554	1341	0	1360	1147	2149	5299	1086	4544	2340	977	2029	2938	5008	2106	1113	3054	1103	895	1415	2700	3501	4756	1428	2282	5529	3728	3731	4286	2891	4268	3325	4556	5338	3584	4186	1377	4461	2909	
4173	4918	1703	2651	4700	1587	1696	3170	4028	5553	2820	1795	3915	2189	1360	0	2095	1989	5312	1846	4941	3017	1218	2648	3317	4889	2439	708	2677	1511	775	2395	2262	3739	5005	1643	2965	4689	4366	3905	3456	2488	4387	3481	4933	4548	3365	4130	607	3642	3440	
3212	4328	729	2093	5168	1665	857	2363	2921	4567	2180	1969	2490	221	1147	2095	0	1636	4343	2155	3444	1209	958	940	1895	4135	1195	1481	2516	2244	1334	301	2275	2496	3704	939	1152	5191	2585	2748	4006	2401	3290	2376	3463	4960	2861	3312	1753	4160	1804	
2186	3031	947	677	3534	424	2136	1182	2044	3575	840	472	2022	1502	2149	1989	1636	0	3334	3200	3025	1608	1178	1310	1493	2948	817	1363	917	3072	1468	1765	640	1791	3032	758	1581	3556	2664	1930	2375	776	2399	1512	3007	3328	1457	2159	1382	2526	1742	
1164	943	3996	2663	3376	3725	5143	2158	1421	241	2495	3546	1960	4123	5299	5312	4343	3334	0	6385	1539	3275	4416	3422	2469	617	3199	4695	2722	6335	4781	4238	3121	1854	982	3907	3319	3454	2535	1595	3293	2904	1056	1978	1466	3190	1995	1185	4707	3242	2682	
5225	6214	2392	3849	6436	2937	1297	4271	4977	6619	3989	3246	4621	2367	1086	1846	2155	3200	6385	0	5595	3364	2023	3080	4010	6090	3191	1982	4084	426	1797	2377	3708	4582	5829	2504	3307	6434	4726	4815	5186	3912	5353	4410	5612	6264	4649	5270	2168	5368	3955	
1338	2249	3342	2492	4499	3448	4299	1989	1161	1647	2332	3402	1027	3228	4544	4941	3444	3025	1539	5595	0	2243	3831	2517	1639	1860	2526	4247	2836	5642	4264	3255	3121	1241	557	3331	2298	4568	1094	1178	4022	2963	1031	1540	74	4284	2247	1606	4353	4039	1640	
2222	3432	1315	1637	4773	1910	2067	1623	1885	3485	1626	2077	1338	1001	2340	3017	1209	1608	3275	3364	2243	0	1804	370	826	3173	791	2315	2171	3443	2257	1014	2133	1436	2543	1407	58	4813	1396	1705	3774	2145	2226	1423	2266	4549	2198	2388	2514	3889	616	
3252	4194	500	1828	4578	971	1032	2270	3041	4654	1972	1299	2808	1001	977	1218	958	1178	4416	2023	3831	1804	0	1438	2191	4084	1306	538	2078	1923	454	1239	1727	2689	3966	514	1750	4588	3172	2894	3354	1915	3415	2473	3832	4387	2626	3272	797	3525	2263	
2314	3480	945	1465	4630	1575	1787	1571	2004	3642	1491	1769	1550	720	2029	2648	940	1310	3422	3080	2517	370	1438	0	959	3255	520	1945	1980	3130	1891	819	1883	1568	2764	1038	321	4665	1743	1827	3575	1926	2366	1481	2532	4411	2125	2443	2144	3703	880	
1396	2610	1704	1176	4114	1899	2728	932	1063	2687	1085	1934	620	1674	2938	3317	1895	1493	2469	4010	1639	826	2191	959	0	2347	887	2616	1686	4025	2626	1770	1802	617	1820	1694	863	4162	1185	883	3233	1728	1414	613	1641	3887	1495	1567	2741	3322	374	
951	392	3703	2272	2790	3312	4892	1819	1299	806	2116	3099	1957	3922	5008	4889	4135	2948	617	6090	1860	3173	4084	3255	2347	0	2951	4308	2237	6004	4415	4071	2649	1746	1333	3587	3210	2867	2699	1477	2679	2425	1025	1773	1786	2597	1525	826	4290	2626	2627	
2046	3134	827	966	4128	1141	1948	1169	1787	3431	1017	1287	1503	992	2106	2439	1195	817	3199	3191	2526	791	1306	520	887	2951	0	1734	1467	3171	1738	1192	1365	1401	2670	807	765	4161	1954	1626	3057	1407	2162	1221	2526	3910	1684	2125	1877	3187	1016	
3540	4373	1001	2039	4461	1009	1328	2537	3370	4935	2202	1288	3220	1538	1113	708	1481	1363	4695	1982	4247	2315	538	1945	2616	4308	1734	0	2161	1772	219	1770	1762	3060	4332	935	2263	4462	3658	3238	3214	1978	3736	2813	4241	4286	2800	3522	290	3394	2732	
1684	2241	1858	537	2669	1156	3053	865	1695	2960	602	885	1985	2357	3054	2677	2516	917	2722	4084	2836	2171	2078	1980	1686	2237	1467	2161	0	3923	2308	2602	416	1650	2676	1675	2165	2699	2823	1658	1603	190	1971	1346	2797	2455	727	1553	2093	1724	2040	
5171	6103	2349	3740	6176	2768	1411	4193	4947	6573	3890	3059	4644	2443	1103	1511	2244	3072	6335	426	5642	3443	1923	3130	4025	6004	3171	1772	3923	0	1616	2499	3531	4572	5838	2429	3385	6170	4829	4792	4926	3744	5322	4377	5653	6013	4529	5194	1914	5110	4010	
3621	4496	952	2143	4661	1152	1112	2623	3432	5021	2301	1451	3239	1416	895	775	1334	1468	4781	1797	4264	2257	454	1891	2626	4415	1738	219	2308	1616	0	1630	1919	3100	4377	932	2203	4663	3625	3292	3416	2129	3802	2868	4262	4483	2921	3618	500	3595	2712	
3133	4287	936	2141	5270	1856	1091	2347	2823	4457	2207	2141	2338	275	1415	2395	301	1765	4238	2377	3255	1014	1239	819	1770	4071	1192	1770	2602	2499	1630	0	2402	2385	3550	1137	960	5297	2349	2645	4138	2505	3183	2299	3279	5057	2876	3255	2037	4285	1627	
2050	2657	1576	647	2899	771	2732	1135	2015	3360	792	476	2202	2141	2700	2262	2275	640	3121	3708	3121	2133	1727	1883	1802	2649	1365	1762	416	3531	1919	2402	0	1897	3013	1376	2117	2919	2979	1952	1736	226	2320	1590	3090	2696	1129	1943	1681	1886	2123	
798	2031	2225	1257	3763	2215	3315	785	449	2074	1104	2161	360	2276	3501	3739	2496	1791	1854	4582	1241	1436	2689	1568	617	1746	1401	3060	1650	4572	3100	2385	1897	0	1277	2177	1476	3820	1265	269	3032	1755	798	307	1219	3537	1202	1004	3142	3089	884	
1024	1725	3497	2426	4048	3454	4546	1894	1002	1102	2256	3355	1215	3484	4756	5005	3704	3032	982	5829	557	2543	3966	2764	1820	1333	2670	4332	2676	5838	4377	3550	3013	1277	0	3454	2594	4121	1587	1102	3684	2827	712	1524	484	3840	2010	1251	4403	3681	1927	
2742	3713	210	1355	4275	726	1381	1769	2527	4144	1488	1032	2306	863	1428	1643	939	758	3907	2504	3331	1407	514	1038	1694	3587	807	935	1675	2429	932	1137	1376	2177	3454	0	1359	4293	2725	2380	3087	1532	2901	1959	3330	4073	2158	2770	1109	3247	1797	
2259	3464	1263	1634	4778	1875	2010	1639	1925	3531	1628	2048	1388	943	2282	2965	1152	1581	3319	3307	2298	58	1750	321	863	3210	765	2263	2165	3385	2203	960	2117	1476	2594	1359	0	4817	1453	1745	3768	2134	2268	1453	2321	4555	2212	2420	2465	3886	669	
3262	2511	4494	3200	82	3622	5617	3233	3552	3578	3189	3294	4170	5045	5529	4689	5191	3556	3454	6434	4568	4813	4588	4665	4162	2867	4161	4462	2699	6170	4663	5297	2919	3820	4121	4293	4817	0	5075	3651	1248	2793	3546	3609	4501	286	2668	2984	4267	1069	4536	
1883	3058	2673	2342	5016	3056	3435	1987	1545	2683	2228	3115	907	2387	3728	4366	2585	2664	2535	4726	1094	1396	3172	1743	1185	2699	1954	3658	2823	4829	3625	2349	2979	1265	1587	2725	1453	5075	0	1426	4288	2889	1687	1522	1148	4791	2464	2150	3824	4351	939	
533	1770	2443	1338	3592	2352	3558	817	180	1819	1171	2263	538	2529	3731	3905	2748	1930	1595	4815	1178	1705	2894	1827	883	1477	1626	3238	1658	4792	3292	2645	1952	269	1102	2380	1745	3651	1426	0	2933	1786	542	425	1141	3367	1108	758	3302	2976	1150	
2690	2439	3293	2137	1250	2396	4385	2317	2886	3482	2171	2069	3391	3877	4286	3456	4006	2375	3293	5186	4022	3774	3354	3575	3233	2679	3057	3214	1603	4926	3416	4138	1736	3032	3684	3087	3768	1248	4288	2933	0	1652	3005	2766	3965	1092	1832	2437	3020	186	3601	
1849	2431	1723	553	2768	977	2904	976	1837	3142	664	698	2077	2252	2891	2488	2401	776	2904	3912	2963	2145	1915	1926	1728	2425	1407	1978	190	3744	2129	2505	226	1755	2827	1532	2134	2793	2889	1786	1652	0	2128	1448	2927	2559	909	1730	1905	1787	2069	
317	1372	2974	1761	3478	2813	4099	1227	376	1278	1588	2686	942	3070	4268	4387	3290	2399	1056	5353	1031	2226	3415	2366	1414	1025	2162	3736	1971	5322	3802	3183	2320	798	712	2901	2268	3546	1687	542	3005	2128	0	945	969	3261	1298	576	3781	3015	1644	
837	2012	2029	953	3557	1935	3165	482	569	2210	797	1865	642	2159	3325	3481	2376	1512	1978	4410	1540	1423	2473	1481	613	1773	1221	2813	1346	4377	2868	2299	1590	307	1524	1959	1453	3609	1522	425	2766	1448	945	0	1514	3330	953	968	2879	2834	962	
1278	2176	3345	2464	4431	3431	4317	1955	1114	1577	2303	3378	1024	3246	4556	4933	3463	3007	1466	5612	74	2266	3832	2532	1641	1786	2526	4241	2797	5653	4262	3279	3090	1219	484	3330	2321	4501	1148	1141	3965	2927	969	1514	0	4217	2199	1544	4343	3980	1658	
2977	2247	4272	2946	227	3417	5412	2960	3267	3320	2928	3088	3887	4809	5338	4548	4960	3328	3190	6264	4284	4549	4387	4411	3887	2597	3910	4286	2455	6013	4483	5057	2696	3537	3840	4073	4555	286	4791	3367	1092	2559	3261	3330	4217	0	2392	2699	4102	906	4261	
992	1575	2306	803	2619	1795	3522	577	1087	2233	685	1573	1562	2669	3584	3365	2861	1457	1995	4649	2247	2198	2626	2125	1495	1525	1684	2800	727	4529	2921	2876	1129	1202	2010	2158	2212	2668	2464	1108	1832	909	1298	953	2199	2392	0	831	2768	1888	1868	
278	1044	2880	1484	2919	2543	4066	1002	609	1426	1319	2361	1292	3099	4186	4130	3312	2159	1185	5270	1606	2388	3272	2443	1567	826	2125	3522	1553	5194	3618	3255	1943	1004	1251	2770	2420	2984	2150	758	2437	1730	576	968	1544	2699	831	0	3525	2442	1881	
3566	4329	1214	2045	4270	982	1612	2563	3423	4948	2214	1207	3330	1795	1377	607	1753	1382	4707	2168	4353	2514	797	2144	2741	4290	1877	290	2093	1914	500	2037	1681	3142	4403	1109	2465	4267	3824	3302	3020	1905	3781	2879	4343	4102	2768	3525	0	3203	2889	
2702	2365	3452	2253	1068	2563	4555	2397	2919	3423	2275	2235	3449	4026	4461	3642	4160	2526	3242	5368	4039	3889	3525	3703	3322	2626	3187	3394	1724	5110	3595	4285	1886	3089	3681	3247	3886	1069	4351	2976	186	1787	3015	2834	3980	906	1888	2442	3203	0	3693	
1682	2915	1763	1518	4487	2123	2659	1306	1328	2885	1442	2203	728	1588	2909	3440	1804	1742	2682	3955	1640	616	2263	880	374	2627	1016	2732	2040	4010	2712	1627	2123	884	1927	1797	669	4536	939	1150	3601	2069	1644	962	1658	4261	1868	1881	2889	3693	0	


0	 CF142QQ	 0 	 0 	 540  	 1080  	 0  	 0 

1	 CF52AS 	 1 	 1 	 720  	 960  	 10  	 5 
2	 CF144SQ 	 1 	 9 	 660  	 900  	 10  	 5 
3	 CF141UQ	 1 	 5 	 600  	 840  	 5  	 2 
4	 CF244AN	 1 	 7 	 660  	 900  	 5  	 2 
5	 CF144JW 	 1 	 8 	 720  	 960  	 9  	 4 
6	 CF149AJ 	 1 	 1 	 540  	 780  	 8  	 4 
7	 CF141HG	 1 	 7 	 720  	 960  	 10  	 5 
8	 CF142PG 	 1 	 8 	 660  	 900  	 7  	 3 
9	 CF52BW 	 1 	 6 	 540  	 780  	 9  	 4 
10	 CF141RU 	 1 	 7 	 720  	 960  	 10  	 5 
11	 CF144ND	 1 	 3 	 660  	 900  	 8  	 4 
12	 CF141NJ 	 1 	 7 	 720  	 960  	 7  	 3 
13	 CF146NS 	 1 	 9 	 600  	 840  	 5  	 2 
14	 CF149AS 	 1 	 3 	 600  	 840  	 10  	 5 
15	 CF140RE 	 0 	 11 	 660  	 900  	 9  	 4 
16	 CF146LF 	 1 	 2 	 540  	 780  	 8  	 4 
17	 CF144PJ 	 1 	 6 	 660  	 900  	 10  	 5 
18	 CF52HX 	 1 	 6 	 660  	 900  	 8  	 4 
19	 CF149JB 	 1 	 1 	 600  	 840  	 6  	 3 
20	 CF52RY 	 1 	 10 	 660  	 900  	 8  	 4 
21	 CF141BH 	 1 	 10 	 540  	 780  	 6  	 3 
22	 CF145QZ	 1 	 8 	 540  	 780  	 6  	 3 
23	 CF146EJ 	 1 	 3 	 720  	 960  	 8  	 4 
24	 CF141DA	 1 	 6 	 540  	 780  	 5  	 2 
25	 CF52AB 	 1 	 4 	 600  	 840  	 9  	 4 
26	 CF146BL 	 1 	 4 	 720  	 960  	 8  	 4 
27	 CF145DZ 	 1 	 10 	 720  	 960  	 5  	 2 
28	 CF144DL 	 1 	 3 	 660  	 900  	 10  	 5 
29	 CF149HB 	 1 	 2 	 540  	 780  	 8  	 4 
30	 CF145EF 	 1 	 4 	 600  	 840  	 6  	 3 
31	 CF146JY 	 1 	 1 	 540  	 780  	 6  	 3 
32	 CF144DG	 1 	 8 	 540  	 780  	 10  	 5 
33	 CF141LS 	 1 	 10 	 540  	 780  	 5  	 2 
34	 CF52PX 	 1 	 2 	 660  	 900  	 7  	 3 
35	 CF144NG	 1 	 6 	 720  	 960  	 8  	 4 
36	 CF141BN  	1 	 6 	 600  	 840  	 8  	 4 
37	 CF244AP 	 1 	 1 	 540  	 780  	 6  	 3 
38	 CF142DJ 	 1 	 2 	 720  	 960  	 6  	 3 
39	 CF142LD 	 1 	 5 	 660  	 900  	 10  	 5 
40	 CF244QP	 1 	 7 	 540  	 780  	 7  	 3 
41	 CF144DB 	 1 	 8 	 720  	 960  	 10  	 5 
42	 CF142JY 	 1 	 10 	 660  	 900  	 5  	 2 
43	 CF142NU	 1 	 5 	 660  	 900  	 9  	 4 
44	 CF52TB 	 1 	 2 	 720  	 960  	 6  	 3 
45	 CF244AW	 1 	 2 	 600  	 840  	 8  	 4 
46	 CF143HN	 1 	 5 	 720  	 960  	 9  	 4 
47	 CF142QX	 1 	 4 	 720  	 960  	 10  	 5 
48	 CF145PX 	 0 	 12 	 540  	 780  	 6  	 3 
49	 CF244QX	 0 	 11 	 720  	 960  	 9  	 4 
50	 CF142AD	 1 	 10 	 720  	 960  	 5  	 2 
