50

1200
32
10
500

0	2382	1326	1200	2598	3616	2154	5805	3301	4812	4264	3969	2510	3755	3952	1040	3969	3256	4671	2560	2010	2799	2221	4842	1373	3646	1782	5364	3660	4987	4789	2141	5763	5166	4460	3052	3503	4763	6012	1250	2618	2220	2405	4900	3518	5334	3328	5309	715	5816	2141	
2382	0	1957	2401	2014	1258	232	3576	1552	2478	1960	1749	389	2414	1589	1604	1749	880	2340	1695	625	1073	521	3775	1544	2121	601	4183	1883	3726	2815	1355	4678	4195	2087	814	1547	2453	3963	1673	733	710	648	2670	1814	4175	946	2953	1987	3717	1355	
1326	1957	0	2304	3166	2956	1798	5523	3359	4382	3896	3103	2264	4069	3278	546	3103	2681	4249	2987	1357	1838	1541	5343	1957	3854	1518	5822	3722	5393	4747	2510	6279	5724	3789	2768	3444	4376	5915	1931	2525	1429	1623	4622	3616	5803	2795	4821	1654	5673	2510	
1200	2401	2304	0	1652	3630	2183	5316	2703	4507	3943	4148	2337	2898	3944	1823	4148	3236	4368	1747	2332	3203	2502	3806	867	2884	1880	4341	3017	4005	4148	1485	4699	4091	4406	2800	2984	4422	5359	729	2278	2590	2723	4453	2860	4305	3259	5027	653	5208	1485	
2598	2014	3166	1652	0	2883	1915	3838	1308	3251	2718	3545	1701	1250	3117	2623	3545	2522	3125	341	2381	3082	2426	2249	1266	1286	1884	2767	1522	2392	2588	707	3178	2594	3463	1873	1640	3131	3766	1360	1416	2600	2619	3049	1365	2738	2474	3763	1883	3645	707	
3616	1258	2956	3630	2883	0	1490	2739	1844	1518	1187	691	1309	2735	336	2739	691	395	1406	2542	1655	1260	1445	4029	2763	2383	1852	4312	1995	3854	2434	2375	4823	4460	850	1013	1605	1563	3344	2902	1489	1528	1333	1927	2028	4321	409	1891	3245	3056	2375	
2154	232	1798	2183	1915	1490	0	3764	1617	2688	2160	1965	469	2437	1820	1409	1965	1111	2549	1613	537	1178	518	3786	1333	2165	372	4213	1965	3762	2951	1228	4701	4200	2318	979	1657	2656	4119	1457	770	702	705	2855	1879	4203	1175	3170	1756	3881	1228	
5805	3576	5523	5316	3838	2739	3764	0	2614	1228	1631	3070	3331	2759	2516	5174	3070	2890	1333	3618	4167	3993	3992	3238	4558	2578	4110	3150	2324	2859	1310	3834	3552	3549	2172	2790	2339	1178	877	4712	3187	4133	3960	911	2484	3193	2760	1057	5220	614	3834	
3301	1552	3359	2703	1308	1844	1617	2614	0	1943	1418	2535	1167	918	1995	2891	2535	1575	1818	1031	2148	2515	2073	2272	1978	586	1842	2644	368	2184	1489	1226	3147	2701	2249	915	335	1824	2713	2128	847	2262	2180	1770	263	2641	1475	2455	2659	2531	1226	
4812	2478	4382	4507	3251	1518	2688	1228	1943	0	564	1860	2302	2483	1289	4079	1860	1707	141	2961	3030	2777	2841	3439	3681	2183	3053	3543	1800	3140	1405	3042	4025	3833	990	1764	1611	161	1926	3836	2247	2965	2783	582	1935	3570	1588	521	4297	1626	3042	
4264	1960	3896	3943	2718	1187	2160	1631	1418	564	0	1705	1755	2064	1070	3564	1705	1269	425	2418	2539	2398	2362	3164	3117	1737	2519	3347	1331	2913	1301	2481	3849	3579	1018	1212	1083	499	2160	3272	1684	2503	2331	755	1448	3367	1135	1084	3737	1878	2481	
3969	1749	3103	4148	3545	691	1965	3070	2535	1860	1705	0	1904	3422	638	3002	0	1022	1787	3203	1959	1266	1749	4702	3292	3070	2290	4964	2676	4511	3003	2996	5474	5131	908	1691	2290	1955	3778	3421	2134	1759	1567	2373	2715	4976	1083	2086	3696	3480	2996	
2510	389	2264	2337	1701	1309	469	3331	1167	2302	1755	1904	0	2025	1611	1856	1904	915	2161	1369	986	1432	908	3387	1470	1732	781	3793	1506	3337	2483	1096	4288	3808	2070	545	1189	2255	3657	1617	346	1098	1034	2421	1430	3786	924	2802	2019	3424	1096	
3755	2414	4069	2898	1250	2735	2437	2759	918	2483	2064	3422	2025	0	2848	3559	3422	2489	2387	1197	2973	3420	2928	1364	2382	353	2589	1778	761	1331	1452	1629	2265	1790	3023	1833	1133	2333	2557	2508	1682	3118	3058	2110	707	1767	2382	2939	3054	2470	1629	
3952	1589	3278	3944	3117	336	1820	2516	1995	1289	1070	638	1611	2848	0	3072	638	713	1196	2779	1989	1537	1778	4095	3076	2496	2185	4340	2091	3890	2366	2650	4848	4522	515	1249	1718	1361	3177	3219	1756	1854	1657	1762	2148	4354	688	1609	3573	2883	2650	
1040	1604	546	1823	2623	2739	1409	5174	2891	4079	3564	3002	1856	3559	3072	0	3002	2417	3942	2454	1084	1786	1295	4814	1413	3361	1078	5299	3258	4876	4318	1976	5750	5190	3587	2387	3006	4057	5509	1392	2079	1246	1442	4265	3142	5279	2514	4545	1171	5279	1976	
3969	1749	3103	4148	3545	691	1965	3070	2535	1860	1705	0	1904	3422	638	3002	0	1022	1787	3203	1959	1266	1749	4702	3292	3070	2290	4964	2676	4511	3003	2996	5474	5131	908	1691	2290	1955	3778	3421	2134	1759	1567	2373	2715	4976	1083	2086	3696	3480	2996	
3256	880	2681	3236	2522	395	1111	2890	1575	1707	1269	1022	915	2489	713	2417	1022	0	1579	2181	1342	1145	1143	3820	2368	2143	1480	4140	1782	3678	2397	1990	4650	4252	1207	682	1386	1718	3411	2509	1114	1259	1076	2023	1788	4145	140	2140	2861	3137	1990	
4671	2340	4249	4368	3125	1406	2549	1333	1818	141	425	1787	2161	2387	1196	3942	1787	1579	0	2832	2895	2662	2708	3383	3540	2079	2913	3507	1689	3095	1379	2905	3994	3783	945	1623	1484	168	1992	3695	2106	2836	2655	602	1820	3532	1457	659	4156	1694	2905	
2560	1695	2987	1747	341	2542	1613	3618	1031	2961	2418	3203	1369	1197	2779	2454	3203	2181	2832	0	2101	2767	2129	2362	1189	1138	1623	2858	1295	2451	2408	478	3299	2737	3132	1533	1354	2848	3614	1312	1076	2308	2314	2797	1135	2834	2133	3478	1857	3470	478	
2010	625	1357	2332	2381	1655	537	4167	2148	3030	2539	1959	986	2973	1989	1084	1959	1342	2895	2101	0	871	214	4320	1563	2701	519	4750	2491	4298	3440	1676	5237	4731	2504	1436	2168	3021	4581	1649	1305	259	406	3267	2411	4739	1447	3480	1791	4331	1676	
2799	1073	1838	3203	3082	1260	1178	3993	2515	2777	2398	1266	1432	3420	1537	1786	1266	1145	2662	2767	871	0	714	4782	2418	3100	1353	5156	2798	4694	3535	2405	5660	5209	2021	1626	2417	2814	4553	2513	1773	615	492	3152	2764	5154	1285	3142	2654	4275	2405	
2221	521	1541	2502	2426	1445	518	3992	2073	2841	2362	1749	908	2928	1778	1295	1749	1143	2708	2129	214	714	0	4285	1705	2640	638	4700	2404	4244	3310	1731	5193	4703	2293	1302	2062	2838	4432	1803	1246	190	223	3099	2335	4692	1254	3283	1981	4176	1731	
4842	3775	5343	3806	2249	4029	3786	3238	2272	3439	3164	4702	3387	1364	4095	4814	4702	3820	3383	2362	4320	4782	4285	0	3511	1687	3908	538	2040	405	2077	2838	937	432	4178	3183	2436	3278	2664	3608	3042	4475	4420	2925	2036	499	3704	3790	4126	2733	2838	
1373	1544	1957	867	1266	2763	1333	4558	1978	3681	3117	3292	1470	2382	3076	1413	3292	2368	3540	1189	1563	2418	1705	3511	0	2279	1067	4023	2324	3631	3463	774	4443	3860	3541	1947	2220	3605	4687	156	1436	1821	1928	3672	2175	3996	2392	4198	686	4509	774	
3646	2121	3854	2884	1286	2383	2165	2578	586	2183	1737	3070	1732	353	2496	3361	3070	2143	2079	1138	2701	3100	2640	1687	2279	0	2351	2063	414	1605	1303	1506	2563	2117	2679	1497	780	2039	2485	2416	1397	2830	2757	1857	356	2058	2034	2657	2963	2359	1506	
1782	601	1518	1880	1884	1852	372	4110	1842	3053	2519	2290	781	2589	2185	1078	2290	1480	2913	1623	519	1353	638	3908	1067	2351	0	4362	2204	3920	3243	1177	4837	4310	2687	1321	1934	3017	4431	1170	1009	769	861	3200	2100	4347	1547	3539	1407	4202	1177	
5364	4183	5822	4341	2767	4312	4213	3150	2644	3543	3347	4964	3793	1778	4340	5299	4964	4140	3507	2858	4750	5156	4700	538	4023	2063	4362	0	2366	463	2140	3329	511	476	4364	3536	2759	3383	2466	4125	3454	4890	4820	2991	2392	56	4016	3834	4649	2591	3329	
3660	1883	3722	3017	1522	1995	1965	2324	368	1800	1331	2676	1506	761	2091	3258	2676	1782	1689	1295	2491	2798	2404	2040	2324	414	2204	2366	0	1903	1140	1560	2875	2472	2265	1173	396	1662	2364	2472	1202	2590	2495	1531	160	2368	1664	2290	3008	2194	1560	
4987	3726	5393	4005	2392	3854	3762	2859	2184	3140	2913	4511	3337	1331	3890	4876	4511	3678	3095	2451	4298	4694	4244	405	3631	1605	3920	463	1903	0	1750	2916	972	703	3931	3073	2296	2979	2262	3740	2999	4434	4362	2604	1930	467	3555	3462	4273	2339	2916	
4789	2815	4747	4148	2588	2434	2951	1310	1489	1405	1301	3003	2483	1452	2366	4318	3003	2397	1379	2408	3440	3535	3310	2077	3463	1303	3243	2140	1140	1750	0	2699	2619	2450	2282	2008	1313	1247	1225	3611	2241	3482	3347	854	1293	2169	2258	1714	4146	1062	2699	
2141	1355	2510	1485	707	2375	1228	3834	1226	3042	2481	2996	1096	1629	2650	1976	2996	1990	2905	478	1676	2405	1731	2838	774	1506	1177	3329	1560	2916	2699	0	3775	3215	3059	1417	1499	2949	3922	916	894	1900	1931	2967	1408	3307	1971	3563	1460	3752	0	
5763	4678	6279	4699	3178	4823	4701	3552	3147	4025	3849	5474	4288	2265	4848	5750	5474	4650	3994	3299	5237	5660	5193	937	4443	2563	4837	511	2875	972	2619	3775	0	612	4864	4043	3268	3866	2807	4537	3947	5383	5318	3463	2897	507	4527	4293	5048	2968	3775	
5166	4195	5724	4091	2594	4460	4200	3549	2701	3833	3579	5131	3808	1790	4522	5190	5131	4252	3783	2737	4731	5209	4703	432	3860	2117	4310	476	2472	703	2450	3215	612	0	4596	3614	2868	3672	2906	3948	3462	4893	4841	3304	2467	420	4136	4163	4453	3011	3215	
4460	2087	3789	4406	3463	850	2318	2172	2249	990	1018	908	2070	3023	515	3587	908	1207	945	3132	2504	2021	2293	4178	3541	2679	2687	4364	2265	3931	2282	3059	4864	4596	0	1642	1936	1109	2915	3687	2169	2368	2170	1547	2353	4384	1155	1179	4062	2614	3059	
3052	814	2768	2800	1873	1013	979	2790	915	1764	1212	1691	545	1833	1249	2387	1691	682	1623	1533	1436	1626	1302	3183	1947	1497	1321	3536	1173	3073	2008	1417	4043	3614	1642	0	793	1711	3149	2100	529	1477	1354	1880	1149	3536	608	2270	2538	2905	1417	
3503	1547	3444	2984	1640	1605	1657	2339	335	1611	1083	2290	1189	1133	1718	3006	2290	1386	1484	1354	2168	2417	2062	2436	2220	780	1934	2759	396	2296	1313	1499	3268	2868	1936	793	0	1495	2520	2374	928	2245	2136	1470	429	2762	1268	2125	2889	2313	1499	
4763	2453	4376	4422	3131	1563	2656	1178	1824	161	499	1955	2255	2333	1361	4057	1955	1718	168	2848	3021	2814	2838	3278	3605	2039	3017	3383	1662	2979	1247	2949	3866	3672	1109	1711	1495	0	1824	3760	2177	2970	2792	440	1802	3411	1592	632	4232	1526	2949	
6012	3963	5915	5359	3766	3344	4119	877	2713	1926	2160	3778	3657	2557	3177	5509	3778	3411	1992	3614	4581	4553	4432	2664	4687	2485	4431	2466	2364	2262	1225	3922	2807	2906	2915	3149	2520	1824	0	4835	3441	4593	4439	1418	2514	2515	3273	1895	5370	301	3922	
1250	1673	1931	729	1360	2902	1457	4712	2128	3836	3272	3421	1617	2508	3219	1392	3421	2509	3695	1312	1649	2513	1803	3608	156	2416	1170	4125	2472	3740	3611	916	4537	3948	3687	2100	2374	3760	4835	0	1590	1909	2026	3827	2322	4097	2536	4352	547	4659	916	
2618	733	2525	2278	1416	1489	770	3187	847	2247	1684	2134	346	1682	1756	2079	2134	1114	2106	1076	1305	1773	1246	3042	1436	1397	1009	3454	1202	2999	2241	894	3947	3462	2169	529	928	2177	3441	1590	0	1437	1379	2283	1110	3446	1082	2762	2056	3224	894	
2220	710	1429	2590	2600	1528	702	4133	2262	2965	2503	1759	1098	3118	1854	1246	1759	1259	2836	2308	259	615	190	4475	1821	2830	769	4890	2590	4434	3482	1900	5383	4893	2368	1477	2245	2970	4593	1909	1437	0	198	3246	2524	4882	1379	3394	2040	4333	1900	
2405	648	1623	2723	2619	1333	705	3960	2180	2783	2331	1567	1034	3058	1657	1442	1567	1076	2655	2314	406	492	223	4420	1928	2757	861	4820	2495	4362	3347	1931	5318	4841	2170	1354	2136	2792	4439	2026	1379	198	0	3079	2439	4815	1201	3205	2194	4175	1931	
4900	2670	4622	4453	3049	1927	2855	911	1770	582	755	2373	2421	2110	1762	4265	2373	2023	602	2797	3267	3152	3099	2925	3672	1857	3200	2991	1531	2604	854	2967	3463	3304	1547	1880	1470	440	1418	3827	2283	3246	3079	0	1685	3021	1888	868	4326	1129	2967	
3518	1814	3616	2860	1365	2028	1879	2484	263	1935	1448	2715	1430	707	2148	3142	2715	1788	1820	1135	2411	2764	2335	2036	2175	356	2100	2392	160	1930	1293	1408	2897	2467	2353	1149	429	1802	2514	2322	1110	2524	2439	1685	0	2391	1678	2431	2860	2350	1408	
5334	4175	5803	4305	2738	4321	4203	3193	2641	3570	3367	4976	3786	1767	4354	5279	4976	4145	3532	2834	4739	5154	4692	499	3996	2058	4347	56	2368	467	2169	3307	507	420	4384	3536	2762	3411	2515	4097	3446	4882	4815	3021	2391	0	4022	3867	4619	2636	3307	
3328	946	2795	3259	2474	409	1175	2760	1475	1588	1135	1083	924	2382	688	2514	1083	140	1457	2133	1447	1285	1254	3704	2392	2034	1547	4016	1664	3555	2258	1971	4527	4136	1155	608	1268	1592	3273	2536	1082	1379	1201	1888	1678	4022	0	2033	2908	3000	1971	
5309	2953	4821	5027	3763	1891	3170	1057	2455	521	1084	2086	2802	2939	1609	4545	2086	2140	659	3478	3480	3142	3283	3790	4198	2657	3539	3834	2290	3462	1714	3563	4293	4163	1179	2270	2125	632	1895	4352	2762	3394	3205	868	2431	3867	2033	0	4807	1600	3563	
715	1987	1654	653	1883	3245	1756	5220	2659	4297	3737	3696	2019	3054	3573	1171	3696	2861	4156	1857	1791	2654	1981	4126	686	2963	1407	4649	3008	4273	4146	1460	5048	4453	4062	2538	2889	4232	5370	547	2056	2040	2194	4326	2860	4619	2908	4807	0	5188	1460	
5816	3717	5673	5208	3645	3056	3881	614	2531	1626	1878	3480	3424	2470	2883	5279	3480	3137	1694	3470	4331	4275	4176	2733	4509	2359	4202	2591	2194	2339	1062	3752	2968	3011	2614	2905	2313	1526	301	4659	3224	4333	4175	1129	2350	2636	3000	1600	5188	0	3752	
2141	1355	2510	1485	707	2375	1228	3834	1226	3042	2481	2996	1096	1629	2650	1976	2996	1990	2905	478	1676	2405	1731	2838	774	1506	1177	3329	1560	2916	2699	0	3775	3215	3059	1417	1499	2949	3922	916	894	1900	1931	2967	1408	3307	1971	3563	1460	3752	0	


0	 CF149DU	 0 	 0 	 540  	 1080  	 0  	 0 

1	 CF146JQ 	 1 	 2 	 600  	 840  	 6  	 3 
2	 CF149UA	 1 	 4 	 600  	 840  	 6  	 3 
3	 CF140PN	 1 	 2 	 720  	 960  	 6  	 3 
4	 CF144HF 	 1 	 2 	 720  	 960  	 9  	 4 
5	 CF147AX 	 1 	 1 	 600  	 840  	 8  	 4 
6	 CF146NR	 1 	 1 	 600  	 840  	 9  	 4 
7	 CF52NA 	 1 	 3 	 540  	 780  	 7  	 3 
8	 CF141TW	 0 	 21 	 660  	 900  	 5  	 2 
9	 CF142FJ 	 1 	 3 	 540  	 780  	 6  	 3 
10	 CF141NB  	1 	 6 	 720  	 960  	 10  	 5 
11	 CF147ED 	 1 	 7 	 600  	 840  	 8  	 4 
12	 CF146LX 	 1 	 3 	 720  	 960  	 10  	 5 
13	 CF144AX 	 1 	 1 	 600  	 840  	 8  	 4 
14	 CF147XB 	 1 	 6 	 660  	 900  	 10  	 5 
15	 CF149AB 	 1 	 2 	 720  	 960  	 10  	 5 
16	 CF147EE 	 1 	 2 	 660  	 900  	 9  	 4 
17	 CF141BL 	 1 	 5 	 600  	 840  	 6  	 3 
18	 CF142FH 	 1 	 6 	 600  	 840  	 6  	 3 
19	 CF144HN	 1 	 8 	 540  	 780  	 5  	 2 
20	 CF146RQ	 1 	 9 	 660  	 900  	 6  	 3 
21	 CF147TS 	 1 	 4 	 720  	 960  	 9  	 4 
22	 CF146SZ 	 1 	 4 	 540  	 780  	 8  	 4 
23	 CF244PZ 	 1 	 8 	 540  	 780  	 7  	 3 
24	 CF145EF 	 0 	 7 	 600  	 840  	 7  	 3 
25	 CF144AR 	 1 	 2 	 720  	 960  	 5  	 2 
26	 CF146RD 	 1 	 3 	 540  	 780  	 6  	 3 
27	 CF244JP 	 1 	 2 	 600  	 840  	 6  	 3 
28	 CF141EJ 	 1 	 4 	 720  	 960  	 5  	 2 
29	 CF244LR 	 0 	 8 	 660  	 900  	 9  	 4 
30	 CF142RA 	 1 	 9 	 660  	 900  	 5  	 2 
31	 CF148JD 	 1 	 4 	 660  	 900  	 9  	 4 
32	 CF244AR 	 1 	 4 	 660  	 900  	 7  	 3 
33	 CF244NX	 1 	 7 	 540  	 780  	 9  	 4 
34	 CF142TB 	 1 	 2 	 720  	 960  	 5  	 2 
35	 CF146BU 	 1 	 8 	 720  	 960  	 10  	 5 
36	 CF141QQ	 1 	 9 	 720  	 960  	 6  	 3 
37	 CF142LU 	 1 	 2 	 720  	 960  	 8  	 4 
38	 CF52AL 	 1 	 4 	 540  	 780  	 10  	 5 
39	 CF145AZ 	 1 	 5 	 660  	 900  	 8  	 4 
40	 CF146AT 	 1 	 2 	 660  	 900  	 10  	 5 
41	 CF146SE 	 1 	 2 	 600  	 840  	 10  	 5 
42	 CF146SF 	 1 	 4 	 720  	 960  	 7  	 3 
43	 CF142JD 	 1 	 4 	 720  	 960  	 5  	 2 
44	 CF141RT 	 1 	 10 	 600  	 840  	 7  	 3 
45	 CF244HT 	 0 	 3 	 600  	 840  	 6  	 3 
46	 CF141AY 	 1 	 9 	 540  	 780  	 5  	 2 
47	 CF52RU 	 1 	 1 	 540  	 780  	 9  	 4 
48	 CF145AR 	 1 	 6 	 600  	 840  	 8  	 4 
49	 CF52JE 	 1 	 2 	 600  	 840  	 6  	 3 
50	 CF148LJ 	 0 	 14 	 720  	 960  	 8  	 4 
