75

1200
32
10
500

0	786	3688	891	2707	681	2864	1609	1095	3483	803	941	1838	3976	4377	1490	1203	3086	2849	749	2494	4428	4823	1425	3823	1979	2056	2282	2979	2849	1032	1116	877	2815	2618	890	1455	3282	4438	3655	1461	3824	3608	4179	1429	4533	435	817	2849	1728	2142	4303	1387	4664	1956	4021	3589	1208	2661	715	1528	1648	670	2800	1833	1670	2344	270	221	4535	2269	4895	2245	1849	766	2038	
786	0	3794	461	1984	1458	2354	995	1638	3466	1275	206	1054	4006	3591	1780	1475	2301	2196	353	1842	4543	4042	2002	3148	1200	1310	2141	2214	2196	1061	1315	1482	2069	2088	1442	2220	3360	4570	3751	684	3075	3756	4255	1234	4654	622	1601	2196	2444	1887	3618	691	3886	1433	3357	2879	1967	1908	1496	1494	1664	1138	2242	1207	1582	2035	982	987	3765	1668	4116	1477	1462	1060	1439	
3688	3794	0	3342	3846	3882	2793	3283	2776	623	2919	3973	4061	452	5907	2214	2486	4996	3467	3443	5393	749	5840	2660	3981	4042	3802	5897	5248	3467	2757	2581	3003	4062	2871	2921	3518	441	779	58	4147	4625	207	501	2591	861	4047	3845	3467	3165	2153	4323	3536	5638	5180	4006	4130	3439	4057	3611	2300	2131	3032	2996	3279	2226	2184	3480	3790	5393	5324	5840	4692	2638	2927	5122	
891	461	3342	0	1842	1554	2002	719	1402	3006	1040	631	1123	3547	3663	1407	1114	2399	1958	157	2183	4091	4032	1761	2933	1227	1228	2601	2401	1958	653	941	1302	1970	1746	1231	2159	2907	4120	3299	924	2974	3310	3799	774	4203	944	1670	1958	2302	1437	3414	549	3863	1852	3130	2711	1902	1827	1506	1043	1217	928	1920	943	1124	1597	970	1112	3714	2048	4096	1680	1040	774	1827	
2707	1984	3846	1842	0	3385	1150	1149	3102	3286	2783	1936	1065	3832	2114	2818	2636	1191	484	1965	2130	4498	2279	3420	1204	904	684	3522	1553	485	2197	2473	3071	216	988	2978	3977	3436	4563	3789	1529	1138	3914	4156	1857	4612	2604	3509	485	4057	1785	1650	1321	2092	2375	1426	896	3723	261	3348	2163	2300	2706	924	948	2082	1682	2813	2926	1912	2252	2325	1345	1430	2503	2174	
681	1458	3882	1554	3385	0	3471	2272	1108	3780	1023	1592	2512	4223	5036	1693	1482	3745	3509	1421	3036	4594	5499	1307	4485	2656	2737	2459	3608	3509	1517	1474	879	3496	3236	969	927	3514	4590	3858	2116	4505	3770	4383	1961	4691	948	162	3509	1310	2650	4967	2066	5342	2433	4680	4263	735	3342	284	1965	2039	963	3427	2495	2122	2870	610	471	5216	2781	5573	2883	2433	1165	2559	
2864	2354	2793	2002	1150	3471	0	1365	2827	2201	2605	2407	1858	2725	3119	2349	2287	2340	698	2158	3154	3400	3069	3064	1309	1748	1447	4303	2693	698	1997	2174	2887	1351	270	2775	3812	2415	3471	2735	2210	1842	2890	3056	1548	3512	2936	3554	698	3763	1046	1755	1699	2867	3242	1420	1359	3582	1401	3342	1705	1764	2586	226	1176	1563	834	2862	3078	2632	3213	3080	2357	1044	2362	3083	
1609	995	3283	719	1149	2272	1365	0	1968	2836	1639	1042	781	3398	3109	1764	1538	1916	1240	861	2117	4008	3396	2300	2214	789	636	2983	2042	1240	1072	1366	1925	1301	1097	1834	2828	2843	4054	3232	932	2286	3295	3689	825	4124	1599	2386	1240	2917	1152	2695	341	3217	2010	2412	1997	2575	1178	2212	1170	1340	1558	1247	224	1150	1214	1682	1830	3051	2080	3451	1417	656	1358	1900	
1095	1638	2776	1402	3102	1108	2827	1968	0	2704	367	1841	2523	3125	5047	629	546	3797	3071	1367	3477	3486	5363	364	4022	2621	2577	3366	3798	3071	906	658	239	3266	2643	207	999	2415	3483	2752	2286	4233	2662	3277	1305	3583	1527	1072	3071	961	1845	4504	1928	5184	3005	4185	3890	799	3146	836	1132	1125	501	2849	2154	1286	2080	830	1108	5013	3285	5418	3069	1816	630	3053	
3483	3466	623	3006	3286	3780	2201	2836	2704	0	2770	3629	3599	564	5320	2089	2313	4456	2886	3124	4952	1212	5229	2671	3362	3564	3305	5602	4734	2886	2485	2369	2911	3501	2301	2814	3565	437	1276	567	3738	4019	777	873	2233	1327	3799	3769	2886	3269	1684	3700	3118	5027	4798	3384	3523	3444	3509	3527	1993	1846	2862	2410	2802	1886	1667	3307	3615	4780	4909	5226	4220	2180	2719	4718	
803	1275	2919	1040	2783	1023	2605	1639	367	2770	0	1478	2163	3234	4696	705	460	3439	2786	1001	3115	3651	5031	731	3751	2264	2234	3084	3432	2786	617	466	291	2939	2401	196	1220	2529	3656	2889	1919	3919	2827	3416	1058	3753	1218	1042	2786	1279	1684	4236	1574	4854	2657	3924	3595	980	2813	801	973	1024	144	2604	1836	1133	1914	566	874	4690	2929	5088	2703	1568	281	2698	
941	206	3973	631	1936	1592	2407	1042	1841	3629	1478	0	944	4174	3445	1983	1678	2153	2189	546	1637	4721	3923	2204	3121	1101	1253	1998	2040	2189	1256	1517	1680	2000	2138	1643	2391	3537	4750	3929	524	2996	3940	4429	1397	4833	690	1742	2189	2630	2021	3582	710	3773	1233	3335	2831	2140	1835	1656	1674	1847	1340	2279	1237	1752	2153	1158	1125	3662	1463	4001	1305	1573	1266	1234	
1838	1054	4061	1123	1065	2512	1858	781	2523	3599	2163	944	0	4163	2556	2452	2188	1279	1426	1182	1360	4782	2988	2881	2269	165	426	2492	1302	1427	1705	2010	2421	1086	1600	2353	3242	3622	4829	4009	470	2062	4076	4459	1572	4898	1634	2654	1427	3418	1918	2707	616	2834	1387	2491	1942	2985	916	2538	1918	2094	2048	1671	803	1918	1948	2009	2041	2719	1368	3063	637	1425	1894	1225	
3976	4006	452	3547	3832	4223	2725	3398	3125	564	3234	4174	4163	0	5840	2535	2785	5008	3419	3660	5515	677	5712	3042	3829	4127	3868	6134	5293	3418	3002	2860	3345	4045	2844	3255	3916	710	755	438	4297	4517	656	334	2777	787	4311	4197	3418	3580	2247	4133	3678	5511	5354	3830	4018	3823	4059	3959	2520	2363	3337	2941	3365	2424	2230	3785	4095	5261	5470	5704	4784	2743	3210	5277	
4377	3591	5907	3663	2114	5036	3119	3109	5047	5320	4696	3445	2556	5840	0	4867	4646	1291	2441	3735	2413	6516	797	5394	2176	2436	2478	4095	1521	2441	4175	4473	4965	1902	3042	4890	5797	5515	6589	5850	2921	1383	5993	6172	3908	6627	4111	5186	2441	5965	3898	2162	3122	821	3048	2295	1866	5541	1967	5086	4236	4387	4590	2912	2963	4173	3784	4562	4569	986	2705	912	2175	3530	4420	2818	
1490	1780	2214	1407	2818	1693	2349	1764	629	2089	705	1983	2452	2535	4867	0	308	3675	2699	1443	3589	2946	5097	735	3607	2514	2400	3752	3754	2699	759	468	823	3006	2202	725	1592	1828	2953	2184	2329	3916	2123	2711	964	3049	1879	1680	2699	1440	1317	4079	1836	4908	3212	3751	3527	1417	2911	1438	669	585	823	2408	1905	791	1549	1269	1578	4716	3441	5140	3058	1420	758	3215	
1203	1475	2486	1114	2636	1482	2287	1538	546	2313	460	1678	2188	2785	4646	308	0	3431	2563	1141	3291	3225	4912	797	3501	2261	2170	3451	3488	2563	483	178	663	2813	2110	549	1544	2085	3236	2453	2038	3753	2406	2978	792	3330	1580	1493	2563	1481	1300	3980	1573	4727	2905	3658	3388	1334	2706	1250	587	590	552	2317	1700	741	1535	1000	1310	4545	3138	4960	2781	1291	453	2911	
3086	2301	4996	2399	1191	3745	2340	1916	3797	4456	3439	2153	1279	5008	1291	3675	3431	0	1656	2460	1365	5668	1841	4151	1958	1177	1283	3032	472	1657	2951	3254	3700	992	2173	3630	4514	4575	5729	4940	1629	1336	5050	5328	2739	5783	2821	3895	1657	4697	2873	2226	1871	1726	1895	2165	1551	4258	950	3797	3081	3245	3326	2114	1812	3043	2813	3276	3278	1691	1610	1935	903	2438	3167	1659	
2849	2196	3467	1958	484	3509	698	1240	3071	2886	2786	2189	1426	3419	2441	2699	2563	1656	0	2101	2597	4092	2467	3360	978	1281	1003	3917	2035	1	2174	2417	3078	665	605	2974	4004	3074	4161	3410	1858	1244	3552	3748	1772	4204	2816	3617	1	4030	1520	1462	1505	2269	2792	1172	827	3757	745	3433	2030	2140	2732	478	1016	1921	1368	2911	3070	2053	2700	2493	1802	1280	2514	2604	
749	353	3443	157	1965	1421	2158	861	1367	3124	1001	546	1182	3660	3735	1443	1141	2460	2101	0	2153	4192	4128	1731	3074	1301	1332	2477	2433	2101	710	975	1244	2084	1902	1184	2068	3010	4218	3401	922	3091	3403	3906	901	4303	787	1543	2101	2237	1581	3553	652	3962	1779	3273	2842	1811	1936	1391	1145	1312	876	2074	1085	1238	1747	854	970	3821	1998	4195	1702	1194	754	1773	
2494	1842	5393	2183	2130	3036	3154	2117	3477	4952	3115	1637	1360	5515	2413	3589	3291	1365	2597	2153	0	6124	3114	3839	3200	1427	1720	1694	937	2597	2835	3121	3307	2021	2914	3277	3929	4953	6167	5343	1273	2680	5395	5806	2834	6239	2103	3198	2597	4222	3268	3536	1861	3033	673	3420	2802	3692	1882	3180	3165	3346	2977	2947	2162	3198	3307	2747	2623	3033	300	3219	799	2772	2899	484	
4428	4543	749	4091	4498	4594	3400	4008	3486	1212	3651	4721	4782	677	6516	2946	3225	5668	4092	4192	6124	0	6388	3340	4502	4756	4506	6645	5942	4091	3506	3325	3719	4712	3512	3642	4166	1184	98	792	4886	5195	825	344	3336	116	4792	4548	4091	3785	2866	4797	4271	6187	5925	4498	4695	4111	4721	4319	3049	2880	3768	3614	3992	2972	2872	4214	4524	5936	6063	6378	5410	3358	3669	5862	
4823	4042	5840	4032	2279	5499	3069	3396	5363	5229	5031	3923	2988	5712	797	5097	4912	1841	2467	4128	3114	6388	0	5691	1893	2844	2805	4807	2184	2467	4464	4747	5313	2100	3061	5226	6191	5479	6468	5782	3409	1230	5950	6046	4136	6494	4609	5640	2467	6310	3986	1709	3484	202	3712	1938	1712	5934	2218	5513	4438	4568	4941	2893	3214	4349	3832	4978	5029	453	3392	115	2739	3695	4750	3477	
1425	2002	2660	1761	3420	1307	3064	2300	364	2671	731	2204	2881	3042	5394	735	797	4151	3360	1731	3839	3340	5691	0	4295	2974	2919	3669	4160	3360	1228	949	549	3592	2899	562	898	2339	3327	2644	2650	4545	2526	3160	1588	3431	1860	1230	3360	706	2045	4773	2280	5509	3357	4449	4184	781	3477	1023	1360	1310	865	3106	2477	1501	2279	1156	1406	5332	3644	5743	3432	2087	987	3412	
3823	3148	3981	2933	1204	4485	1309	2214	4022	3362	3751	3121	2269	3829	2176	3607	3501	1958	978	3074	3200	4502	1893	4295	0	2108	1879	4700	2423	977	3136	3365	4042	1219	1407	3937	4971	3644	4584	3923	2732	798	4105	4161	2717	4606	3770	4595	977	4978	2340	485	2461	1694	3539	225	407	4726	1385	4410	2943	3030	3702	1203	1991	2817	2140	3889	4043	1440	3370	1877	2467	2210	3483	3325	
1979	1200	4042	1227	904	2656	1748	789	2621	3564	2264	1101	165	4127	2436	2514	2261	1177	1281	1301	1427	4756	2844	2974	2108	0	300	2637	1254	1282	1779	2083	2530	921	1497	2457	3368	3606	4806	3990	635	1900	4066	4429	1606	4872	1790	2796	1282	3529	1891	2544	694	2686	1516	2330	1777	3111	751	2673	1952	2125	2155	1553	764	1939	1901	2140	2186	2566	1465	2917	657	1405	1991	1340	
2056	1310	3802	1228	684	2737	1447	636	2577	3305	2234	1253	426	3868	2478	2400	2170	1283	1003	1332	1720	4506	2805	2919	1879	300	0	2917	1452	1004	1697	1995	2512	760	1197	2429	3387	3369	4558	3748	861	1769	3835	4175	1456	4621	1926	2868	1004	3512	1649	2333	681	2635	1810	2098	1579	3130	605	2723	1797	1962	2138	1253	537	1762	1638	2186	2272	2489	1765	2868	936	1180	1954	1639	
2282	2141	5897	2601	3522	2459	4303	2983	3366	5602	3084	1998	2492	6134	4095	3752	3451	3032	3917	2477	1694	6645	4807	3669	4700	2637	2917	0	2628	3918	3140	3329	3136	3482	4035	3166	3360	5471	6665	5857	2094	4297	5839	6371	3375	6754	1873	2599	3918	3767	4019	5093	2643	4726	1168	4925	4330	3193	3317	2714	3614	3774	2947	4138	3138	3715	4148	2538	2264	4718	1424	4912	2254	3566	2998	1395	
2979	2214	5248	2401	1553	3608	2693	2042	3798	4734	3432	2040	1302	5293	1521	3754	3488	472	2035	2433	937	5942	2184	4160	2423	1254	1452	2628	0	2035	3005	3310	3674	1378	2498	3617	4430	4817	5998	5193	1531	1806	5285	5607	2860	6057	2663	3764	2035	4654	3099	2699	1918	2097	1534	2632	2016	4179	1294	3694	3207	3380	3309	2468	1987	3192	3070	3195	3153	2098	1209	2287	737	2632	3174	1301	
2849	2196	3467	1958	485	3509	698	1240	3071	2886	2786	2189	1427	3418	2441	2699	2563	1657	1	2101	2597	4091	2467	3360	977	1282	1004	3918	2035	0	2174	2417	3078	665	604	2975	4004	3074	4160	3409	1859	1244	3552	3747	1772	4204	2816	3618	0	4031	1519	1461	1505	2269	2793	1172	827	3757	745	3433	2030	2140	2732	478	1016	1921	1368	2912	3070	2053	2701	2493	1803	1281	2515	2605	
1032	1061	2757	653	2197	1517	1997	1072	906	2485	617	1256	1705	3002	4175	759	483	2951	2174	710	2835	3506	4464	1228	3136	1779	1697	3140	3005	2174	0	305	907	2364	1786	801	1837	2331	3528	2717	1571	3327	2707	3231	452	3616	1315	1578	2174	1865	1135	3620	1090	4282	2489	3307	2988	1596	2249	1354	500	639	589	1989	1250	638	1353	927	1205	4108	2698	4516	2302	955	365	2476	
1116	1315	2581	941	2473	1474	2174	1366	658	2369	466	1517	2010	2860	4473	468	178	3254	2417	975	3121	3325	4747	949	3365	2083	1995	3329	3310	2417	305	0	723	2647	1985	608	1639	2169	3341	2545	1864	3596	2512	3067	647	3432	1467	1504	2417	1614	1222	3846	1395	4563	2748	3527	3239	1414	2538	1265	508	565	513	2191	1533	668	1455	942	1248	4384	2973	4797	2604	1157	350	2748	
877	1482	3003	1302	3071	879	2887	1925	239	2911	291	1680	2421	3345	4965	823	663	3700	3078	1244	3307	3719	5313	549	4042	2530	2512	3136	3674	3078	907	723	0	3225	2687	115	930	2636	3717	2979	2149	4208	2894	3504	1342	3817	1311	857	3078	1001	1944	4526	1845	5138	2812	4214	3887	695	3096	616	1227	1253	375	2891	2125	1386	2177	608	874	4976	3104	5372	2940	1855	569	2872	
2815	2069	4062	1970	216	3496	1351	1301	3266	3501	2939	2000	1086	4045	1902	3006	2813	992	665	2084	2021	4712	2100	3592	1219	921	760	3482	1378	665	2364	2647	3225	0	1201	3135	4120	3653	4777	4005	1556	1009	4131	4370	2043	4826	2681	3625	665	4217	1999	1631	1432	1918	2321	1444	862	3865	171	3473	2356	2498	2856	1125	1115	2282	1898	2936	3031	1751	2167	2152	1258	1633	2658	2110	
2618	2088	2871	1746	988	3236	270	1097	2643	2301	2401	2138	1600	2844	3042	2202	2110	2173	605	1902	2914	3512	3061	2899	1407	1497	1197	4035	2498	604	1786	1985	2687	1201	0	2577	3616	2473	3578	2814	1942	1833	2951	3169	1345	3625	2676	3325	604	3591	945	1878	1430	2861	2981	1550	1379	3380	1224	3118	1541	1622	2372	207	906	1411	772	2627	2833	2638	2961	3082	2120	833	2148	2825	
890	1442	2921	1231	2978	969	2775	1834	207	2814	196	1643	2353	3255	4890	725	549	3630	2974	1184	3277	3642	5226	562	3937	2457	2429	3166	3617	2975	801	608	115	3135	2577	0	1039	2547	3642	2895	2098	4113	2817	3421	1232	3741	1321	958	2975	1084	1828	4420	1769	5050	2799	4107	3786	808	3008	715	1112	1138	309	2781	2030	1271	2062	628	915	4885	3082	5284	2885	1745	477	2850	
1455	2220	3518	2159	3977	927	3812	2828	999	3565	1220	2391	3242	3916	5797	1592	1544	4514	4004	2068	3929	4166	6191	898	4971	3368	3387	3360	4430	4004	1837	1639	930	4120	3616	1039	0	3220	4144	3506	2904	5115	3369	4012	2271	4249	1826	772	4004	448	2843	5455	2708	6022	3346	5144	4808	257	3983	749	2129	2123	1275	3821	3036	2284	3078	1239	1306	5870	3685	6255	3695	2784	1490	3459	
3282	3360	441	2907	3436	3514	2415	2843	2415	437	2529	3537	3622	710	5515	1828	2085	4575	3074	3010	4953	1184	5479	2339	3644	3606	3369	5471	4817	3074	2331	2169	2636	3653	2473	2547	3220	0	1218	393	3706	4256	479	901	2152	1297	3630	3488	3074	2899	1719	4011	3095	5277	4741	3686	3767	3119	3641	3250	1866	1699	2635	2609	2844	1788	1762	3084	3395	5037	4884	5485	4255	2201	2517	4681	
4438	4570	779	4120	4563	4590	3471	4054	3483	1276	3656	4750	4829	755	6589	2953	3236	5729	4161	4218	6167	98	6468	3327	4584	4806	4558	6665	5998	4160	3528	3341	3717	4777	3578	3642	4144	1218	0	825	4924	5272	830	422	3369	107	4808	4540	4160	3758	2915	4883	4312	6266	5958	4582	4773	4095	4784	4313	3077	2906	3775	3684	4042	3005	2927	4221	4530	6016	6102	6459	5459	3405	3683	5900	
3655	3751	58	3299	3789	3858	2735	3232	2752	567	2889	3929	4009	438	5850	2184	2453	4940	3410	3401	5343	792	5782	2644	3923	3990	3748	5857	5193	3409	2717	2545	2979	4005	2814	2895	3506	393	825	0	4099	4567	242	527	2545	904	4010	3822	3409	3158	2100	4266	3487	5580	5134	3948	4072	3424	4001	3588	2257	2089	3001	2938	3227	2181	2128	3449	3760	5335	5276	5782	4641	2586	2892	5074	
1461	684	4147	924	1529	2116	2210	932	2286	3738	1919	524	470	4297	2921	2329	2038	1629	1858	922	1273	4886	3409	2650	2732	635	861	2094	1531	1859	1571	1864	2149	1556	1942	2098	2904	3706	4924	4099	0	2527	4139	4576	1568	5000	1200	2266	1859	3124	2065	3175	620	3264	1078	2953	2411	2651	1386	2175	1895	2075	1790	2045	1055	1933	2145	1666	1649	3162	1177	3490	794	1574	1676	980	
3824	3075	4625	2974	1138	4505	1842	2286	4233	4019	3919	2996	2062	4517	1383	3916	3753	1336	1244	3091	2680	5195	1230	4545	798	1900	1769	4297	1806	1244	3327	3596	4208	1009	1833	4113	5115	4256	5272	4567	2527	0	4729	4851	2965	5303	3682	4633	1244	5191	2764	913	2441	1029	3132	945	500	4860	1166	4479	3250	3371	3844	1663	2084	3151	2604	3943	4040	808	2898	1250	2050	2501	3639	2902	
3608	3756	207	3310	3914	3770	2890	3295	2662	777	2827	3940	4076	656	5993	2123	2406	5050	3552	3403	5395	825	5950	2526	4105	4066	3835	5839	5285	3552	2707	2512	2894	4131	2951	2817	3369	479	830	242	4139	4729	0	647	2573	926	3979	3726	3552	3005	2187	4459	3534	5748	5157	4139	4238	3301	4118	3496	2267	2093	2945	3086	3306	2207	2239	3391	3701	5506	5315	5954	4711	2661	2853	5108	
4179	4255	501	3799	4156	4383	3056	3689	3277	873	3416	4429	4459	334	6172	2711	2978	5328	3748	3906	5806	344	6046	3160	4161	4429	4175	6371	5607	3747	3231	3067	3504	4370	3169	3421	4012	901	422	527	4576	4851	647	0	3037	456	4530	4346	3747	3651	2541	4463	3959	5845	5623	4161	4352	3938	4381	4113	2762	2598	3527	3270	3665	2677	2538	3975	4286	5594	5751	6037	5084	3035	3415	5554	
1429	1234	2591	774	1857	1961	1548	825	1305	2233	1058	1397	1572	2777	3908	964	792	2739	1772	901	2834	3336	4136	1588	2717	1606	1456	3375	2860	1772	452	647	1342	2043	1345	1232	2271	2152	3369	2545	1568	2965	2573	3037	0	3449	1640	2028	1772	2262	714	3199	981	3948	2589	2881	2597	2036	1948	1806	347	522	1041	1550	945	366	917	1362	1620	3761	2742	4181	2204	513	818	2535	
4533	4654	861	4203	4612	4691	3512	4124	3583	1327	3753	4833	4898	787	6627	3049	3330	5783	4204	4303	6239	116	6494	3431	4606	4872	4621	6754	6057	4204	3616	3432	3817	4826	3625	3741	4249	1297	107	904	5000	5303	926	456	3449	0	4899	4642	4204	3864	2982	4897	4386	6293	6038	4600	4804	4199	4836	4414	3160	2991	3871	3726	4108	3085	2987	4317	4626	6042	6177	6483	5526	3473	3775	5977	
435	622	4047	944	2604	948	2936	1599	1527	3799	1218	690	1634	4311	4111	1879	1580	2821	2816	787	2103	4792	4609	1860	3770	1790	1926	1873	2663	2816	1315	1467	1311	2681	2676	1321	1826	3630	4808	4010	1200	3682	3979	4530	1640	4899	0	1108	2816	2135	2345	4240	1311	4461	1536	3979	3499	1592	2518	1078	1811	1953	1079	2840	1817	1935	2524	704	521	4352	1862	4688	1944	1980	1128	1635	
817	1601	3845	1670	3509	162	3554	2386	1072	3769	1042	1742	2654	4197	5186	1680	1493	3895	3617	1543	3198	4548	5640	1230	4595	2796	2868	2599	3764	3618	1578	1504	857	3625	3325	958	772	3488	4540	3822	2266	4633	3726	4346	2028	4642	1108	0	3618	1168	2703	5078	2193	5482	2594	4786	4381	595	3473	243	2006	2066	1003	3518	2607	2164	2927	706	617	5351	2943	5713	3037	2512	1218	2721	
2849	2196	3467	1958	485	3509	698	1240	3071	2886	2786	2189	1427	3418	2441	2699	2563	1657	1	2101	2597	4091	2467	3360	977	1282	1004	3918	2035	0	2174	2417	3078	665	604	2975	4004	3074	4160	3409	1859	1244	3552	3747	1772	4204	2816	3618	0	4031	1519	1461	1505	2269	2793	1172	827	3757	745	3433	2030	2140	2732	478	1016	1921	1368	2912	3070	2053	2701	2493	1803	1281	2515	2605	
1728	2444	3165	2302	4057	1310	3763	2917	961	3269	1279	2630	3418	3580	5965	1440	1481	4697	4030	2237	4222	3785	6310	706	4978	3529	3512	3767	4654	4031	1865	1614	1001	4217	3591	1084	448	2899	3758	3158	3124	5191	3005	3651	2262	3864	2135	1168	4031	0	2750	5459	2846	6133	3670	5138	4850	575	4092	1079	2058	2015	1376	3798	3109	2203	2984	1478	1618	5967	3994	6367	3918	2769	1560	3764	
2142	1887	2153	1437	1785	2650	1046	1152	1845	1684	1684	2021	1918	2247	3898	1317	1300	2873	1520	1581	3268	2866	3986	2045	2340	1891	1649	4019	3099	1519	1135	1222	1944	1999	945	1828	2843	1719	2915	2100	2065	2764	2187	2541	714	2982	2345	2703	1519	2750	0	2798	1445	3788	3136	2464	2322	2630	1961	2471	717	735	1700	1141	1127	559	236	2061	2330	3572	3229	4013	2544	496	1486	3043	
4303	3618	4323	3414	1650	4967	1755	2695	4504	3700	4236	3582	2707	4133	2162	4079	3980	2226	1462	3553	3536	4797	1709	4773	485	2544	2333	5093	2699	1461	3620	3846	4526	1631	1878	4420	5455	4011	4883	4266	3175	913	4459	4463	3199	4897	4240	5078	1461	5459	2798	0	2935	1527	3927	336	769	5211	1801	4894	3418	3499	4187	1672	2472	3289	2590	4372	4523	1273	3729	1666	2843	2690	3968	3705	
1387	691	3536	549	1321	2066	1699	341	1928	3118	1574	710	616	3678	3122	1836	1573	1871	1505	652	1861	4271	3484	2280	2461	694	681	2643	1918	1505	1090	1395	1845	1432	1430	1769	2708	3095	4312	3487	620	2441	3534	3959	981	4386	1311	2193	1505	2846	1445	2935	0	3315	1693	2669	2207	2451	1284	2042	1321	1500	1470	1569	528	1340	1532	1505	1605	3170	1793	3548	1231	957	1299	1600	
4664	3886	5638	3863	2092	5342	2867	3217	5184	5027	4854	3773	2834	5511	821	4908	4727	1726	2269	3962	3033	6187	202	5509	1694	2686	2635	4726	2097	2269	4282	4563	5138	1918	2861	5050	6022	5277	6266	5580	3264	1029	5748	5845	3948	6293	4461	5482	2269	6133	3788	1527	3315	0	3614	1746	1510	5765	2042	5350	4247	4376	4767	2692	3032	4157	3633	4814	4872	258	3305	234	2617	3503	4573	3377	
1956	1433	5180	1852	2375	2433	3242	2010	3005	4798	2657	1233	1387	5354	3048	3212	2905	1895	2792	1779	673	5925	3712	3357	3539	1516	1810	1168	1534	2793	2489	2748	2812	2321	2981	2799	3346	4741	5958	5134	1078	3132	5157	5623	2589	6038	1536	2594	2793	3670	3136	3927	1693	3614	0	3764	3165	3121	2159	2605	2890	3067	2514	3059	2122	2954	3222	2221	2053	3586	376	3812	1086	2649	2477	237	
4021	3357	4006	3130	1426	4680	1420	2412	4185	3384	3924	3335	2491	3830	2295	3751	3658	2165	1172	3273	3420	4498	1938	4449	225	2330	2098	4925	2632	1172	3307	3527	4214	1444	1550	4107	5144	3686	4582	3948	2953	945	4139	4161	2881	4600	3979	4786	1172	5138	2464	336	2669	1746	3764	0	620	4901	1610	4597	3091	3169	3880	1344	2188	2960	2255	4080	4242	1488	3593	1910	2691	2369	3659	3550	
3589	2879	4130	2711	896	4263	1359	1997	3890	3523	3595	2831	1942	4018	1866	3527	3388	1551	827	2842	2802	4695	1712	4184	407	1777	1579	4330	2016	827	2988	3239	3887	862	1379	3786	4808	3767	4773	4072	2411	500	4238	4352	2597	4804	3499	4381	827	4850	2322	769	2207	1510	3165	620	0	4558	1033	4209	2857	2965	3533	1195	1780	2746	2148	3679	3809	1273	2981	1721	2085	2108	3320	2946	
1208	1967	3439	1902	3723	735	3582	2575	799	3444	980	2140	2985	3823	5541	1417	1334	4258	3757	1811	3692	4111	5934	781	4726	3111	3130	3193	4179	3757	1596	1414	695	3865	3380	808	257	3119	4095	3424	2651	4860	3301	3938	2036	4199	1592	595	3757	575	2630	5211	2451	5765	3121	4901	4558	0	3727	516	1913	1921	1025	3584	2783	2071	2864	985	1071	5614	3454	5998	3442	2548	1243	3226	
2661	1908	4057	1827	261	3342	1401	1178	3146	3509	2813	1835	916	4059	1967	2911	2706	950	745	1936	1882	4721	2218	3477	1385	751	605	3317	1294	745	2249	2538	3096	171	1224	3008	3983	3641	4784	4001	1386	1166	4118	4381	1948	4836	2518	3473	745	4092	1961	1801	1284	2042	2159	1610	1033	3727	0	3327	2271	2420	2725	1176	1007	2206	1879	2790	2876	1887	2015	2276	1106	1565	2532	1951	
715	1496	3611	1506	3348	284	3342	2212	836	3527	801	1656	2538	3959	5086	1438	1250	3797	3433	1391	3180	4319	5513	1023	4410	2673	2723	2714	3694	3433	1354	1265	616	3473	3118	715	749	3250	4313	3588	2175	4479	3496	4113	1806	4414	1078	243	3433	1079	2471	4894	2042	5350	2605	4597	4209	516	3327	0	1769	1825	771	3314	2430	1928	2698	537	557	5211	2939	5582	2960	2298	990	2712	
1528	1494	2300	1043	2163	1965	1705	1170	1132	1993	973	1674	1918	2520	4236	669	587	3081	2030	1145	3165	3049	4438	1360	2943	1952	1797	3614	3207	2030	500	508	1227	2356	1541	1112	2129	1866	3077	2257	1895	3250	2267	2762	347	3160	1811	2006	2030	2058	717	3418	1321	4247	2890	3091	2857	1913	2271	1769	0	180	1004	1748	1277	160	951	1401	1692	4052	3062	4478	2548	751	804	2849	
1648	1664	2131	1217	2300	2039	1764	1340	1125	1846	1024	1847	2094	2363	4387	585	590	3245	2140	1312	3346	2880	4568	1310	3030	2125	1962	3774	3380	2140	639	565	1253	2498	1622	1138	2123	1699	2906	2089	2075	3371	2093	2598	522	2991	1953	2066	2140	2015	735	3499	1500	4376	3067	3169	2965	1921	2420	1825	180	0	1078	1828	1436	220	969	1499	1799	4176	3241	4606	2726	873	898	3028	
670	1138	3032	928	2706	963	2586	1558	501	2862	144	1340	2048	3337	4590	823	552	3326	2732	876	2977	3768	4941	865	3702	2155	2138	2947	3309	2732	589	513	375	2856	2372	309	1275	2635	3775	3001	1790	3844	2945	3527	1041	3871	1079	1003	2732	1376	1700	4187	1470	4767	2514	3880	3533	1025	2725	771	1004	1078	0	2572	1762	1162	1926	449	759	4607	2788	5001	2577	1543	224	2556	
2800	2242	2996	1920	924	3427	226	1247	2849	2410	2604	2279	1671	2941	2912	2408	2317	2114	478	2074	2947	3614	2893	3106	1203	1553	1253	4138	2468	478	1989	2191	2891	1125	207	2781	3821	2609	3684	2938	2045	1663	3086	3270	1550	3726	2840	3518	478	3798	1141	1672	1569	2692	3059	1344	1195	3584	1176	3314	1748	1828	2572	0	1041	1617	954	2818	3017	2463	3015	2909	2148	1037	2349	2892	
1833	1207	3279	943	948	2495	1176	224	2154	2802	1836	1237	803	3365	2963	1905	1700	1812	1016	1085	2162	3992	3214	2477	1991	764	537	3138	1987	1016	1250	1533	2125	1115	906	2030	3036	2844	4042	3227	1055	2084	3306	3665	945	4108	1817	2607	1016	3109	1127	2472	528	3032	2122	2188	1780	2783	1007	2430	1277	1436	1762	1041	0	1231	1145	1902	2054	2859	2155	3266	1419	646	1556	1992	
1670	1582	2226	1124	2082	2122	1563	1150	1286	1886	1133	1752	1918	2424	4173	791	741	3043	1921	1238	3198	2972	4349	1501	2817	1939	1762	3715	3192	1921	638	668	1386	2282	1411	1271	2284	1788	3005	2181	1933	3151	2207	2677	366	3085	1935	2164	1921	2203	559	3289	1340	4157	2954	2960	2746	2071	2206	1928	160	220	1162	1617	1231	0	794	1553	1840	3956	3108	4387	2553	654	959	2900	
2344	2035	2184	1597	1682	2870	834	1214	2080	1667	1914	2153	1948	2230	3784	1549	1535	2813	1368	1747	3307	2872	3832	2279	2140	1901	1638	4148	3070	1368	1353	1455	2177	1898	772	2062	3078	1762	2927	2128	2145	2604	2239	2538	917	2987	2524	2927	1368	2984	236	2590	1532	3633	3222	2255	2148	2864	1879	2698	951	969	1926	954	1145	794	0	2276	2538	3410	3289	3854	2558	582	1710	3114	
270	982	3480	970	2813	610	2862	1682	830	3307	566	1158	2009	3785	4562	1269	1000	3276	2911	854	2747	4214	4978	1156	3889	2140	2186	2538	3195	2912	927	942	608	2936	2627	628	1239	3084	4221	3449	1666	3943	3391	3975	1362	4317	704	706	2912	1478	2061	4372	1505	4814	2221	4080	3679	985	2790	537	1401	1499	449	2818	1902	1553	2276	0	311	4674	2528	5046	2458	1825	601	2297	
221	987	3790	1112	2926	471	3078	1830	1108	3615	874	1125	2041	4095	4569	1578	1310	3278	3070	970	2623	4524	5029	1406	4043	2186	2272	2264	3153	3070	1205	1248	874	3031	2833	915	1306	3395	4530	3760	1649	4040	3701	4286	1620	4626	521	617	3070	1618	2330	4523	1605	4872	2053	4242	3809	1071	2876	557	1692	1799	759	3017	2054	1840	2538	311	0	4747	2383	5103	2423	2056	902	2156	
4535	3765	5393	3714	1912	5216	2632	3051	5013	4780	4690	3662	2719	5261	986	4716	4545	1691	2053	3821	3033	5936	453	5332	1440	2566	2489	4718	2098	2053	4108	4384	4976	1751	2638	4885	5870	5037	6016	5335	3162	808	5506	5594	3761	6042	4352	5351	2053	5967	3572	1273	3170	258	3586	1488	1273	5614	1887	5211	4052	4176	4607	2463	2859	3956	3410	4674	4747	0	3294	448	2556	3304	4409	3349	
2269	1668	5324	2048	2252	2781	3213	2080	3285	4909	2929	1463	1368	5470	2705	3441	3138	1610	2700	1998	300	6063	3392	3644	3370	1465	1765	1424	1209	2701	2698	2973	3104	2167	2961	3082	3685	4884	6102	5276	1177	2898	5315	5751	2742	6177	1862	2943	2701	3994	3229	3729	1793	3305	376	3593	2981	3454	2015	2939	3062	3241	2788	3015	2155	3108	3289	2528	2383	3294	0	3496	910	2734	2728	232	
4895	4116	5840	4096	2325	5573	3080	3451	5418	5226	5088	4001	3063	5704	912	5140	4960	1935	2493	4195	3219	6378	115	5743	1877	2917	2868	4912	2287	2493	4516	4797	5372	2152	3082	5284	6255	5485	6459	5782	3490	1250	5954	6037	4181	6483	4688	5713	2493	6367	4013	1666	3548	234	3812	1910	1721	5998	2276	5582	4478	4606	5001	2909	3266	4387	3854	5046	5103	448	3496	0	2831	3734	4807	3577	
2245	1477	4692	1680	1345	2883	2357	1417	3069	4220	2703	1305	637	4784	2175	3058	2781	903	1802	1702	799	5410	2739	3432	2467	657	936	2254	737	1803	2302	2604	2940	1258	2120	2885	3695	4255	5459	4641	794	2050	4711	5084	2204	5526	1944	3037	1803	3918	2544	2843	1231	2617	1086	2691	2085	3442	1106	2960	2548	2726	2577	2148	1419	2553	2558	2458	2423	2556	910	2831	0	2054	2449	862	
1849	1462	2638	1040	1430	2433	1044	656	1816	2180	1568	1573	1425	2743	3530	1420	1291	2438	1280	1194	2772	3358	3695	2087	2210	1405	1180	3566	2632	1281	955	1157	1855	1633	833	1745	2784	2201	3405	2586	1574	2501	2661	3035	513	3473	1980	2512	1281	2769	496	2690	957	3503	2649	2369	2108	2548	1565	2298	751	873	1543	1037	646	654	582	1825	2056	3304	2734	3734	2054	0	1319	2550	
766	1060	2927	774	2503	1165	2362	1358	630	2719	281	1266	1894	3210	4420	758	453	3167	2514	754	2899	3669	4750	987	3483	1991	1954	2998	3174	2515	365	350	569	2658	2148	477	1490	2517	3683	2892	1676	3639	2853	3415	818	3775	1128	1218	2515	1560	1486	3968	1299	4573	2477	3659	3320	1243	2532	990	804	898	224	2349	1556	959	1710	601	902	4409	2728	4807	2449	1319	0	2498	
2038	1439	5122	1827	2174	2559	3083	1900	3053	4718	2698	1234	1225	5277	2818	3215	2911	1659	2604	1773	484	5862	3477	3412	3325	1340	1639	1395	1301	2605	2476	2748	2872	2110	2825	2850	3459	4681	5900	5074	980	2902	5108	5554	2535	5977	1635	2721	2605	3764	3043	3705	1600	3377	237	3550	2946	3226	1951	2712	2849	3028	2556	2892	1992	2900	3114	2297	2156	3349	232	3577	862	2550	2498	0	


0	 CF142EZ 	 0 	 0 	 540  	 1080  	 0  	 0 

1	 CF142AE 	 1 	 7 	 540  	 780  	 6  	 3 
2	 CF244HP 	 1 	 4 	 720  	 960  	 8  	 4 
3	 CF141DR 	 1 	 2 	 600  	 840  	 7  	 3 
4	 CF145FG 	 1 	 3 	 720  	 960  	 8  	 4 
5	 CF52TA 	 0 	 25 	 660  	 900  	 10  	 5 
6	 CF144NB	 1 	 5 	 720  	 960  	 10  	 5 
7	 CF141SW	 1 	 3 	 540  	 780  	 5  	 2 
8	 CF142QH	 1 	 4 	 660  	 900  	 6  	 3 
9	 CF244QB	 1 	 3 	 540  	 780  	 6  	 3 
10	 CF142PE 	 1 	 2 	 540  	 780  	 8  	 4 
11	 CF147XD 	 1 	 5 	 540  	 780  	 8  	 4 
12	 CF146DZ 	 1 	 10 	 540  	 780  	 6  	 3 
13	 CF244DD	 1 	 2 	 660  	 900  	 7  	 3 
14	 CF149HW 1 	 7 	 660  	 900  	 8  	 4 
15	 CF142RA 	 1 	 8 	 720  	 960  	 9  	 4 
16	 CF142RT 	 1 	 4 	 660  	 900  	 8  	 4 
17	 CF146QD	 1 	 6 	 660  	 900  	 7  	 3 
18	 CF148NU	 1 	 3 	 720  	 960  	 5  	 2 
19	 CF141LP 	 1 	 10 	 720  	 960  	 6  	 3 
20	 CF147HQ	 1 	 3 	 660  	 900  	 9  	 4 
21	 CF244AA 	 0 	 13 	 540  	 780  	 10  	 5 
22	 CF149HF 	 1 	 4 	 540  	 780  	 8  	 4 
23	 CF52YE 	 1 	 3 	 720  	 960  	 10  	 5 
24	 CF140NJ 	 1 	 5 	 720  	 960  	 9  	 4 
25	 CF146YF 	 1 	 6 	 660  	 900  	 8  	 4 
26	 CF146AN	 1 	 4 	 660  	 900  	 10  	 5 
27	 CF147YT 	 1 	 9 	 660  	 900  	 9  	 4 
28	 CF146SN 	 1 	 7 	 540  	 780  	 8  	 4 
29	 CF148JD 	 1 	 6 	 540  	 780  	 6  	 3 
30	 CF141JQ 	 1 	 4 	 600  	 840  	 5  	 2 
31	 CF142PZ 	 1 	 10 	 720  	 960  	 10  	 5 
32	 CF142JF 	 1 	 2 	 600  	 840  	 9  	 4 
33	 CF145EB 	 1 	 10 	 540  	 780  	 8  	 4 
34	 CF144JU 	 1 	 8 	 540  	 780  	 8  	 4 
35	 CF142HZ 	 1 	 1 	 540  	 780  	 10  	 5 
36	 CF52NL 	 1 	 3 	 540  	 780  	 8  	 4 
37	 CF244LS 	 1 	 3 	 660  	 900  	 8  	 4 
38	 CF244AG	 1 	 9 	 660  	 900  	 8  	 4 
39	 CF244HR 	 1 	 10 	 720  	 960  	 8  	 4 
40	 CF141BH 	 1 	 4 	 600  	 840  	 7  	 3 
41	 CF145JR 	 1 	 3 	 540  	 780  	 9  	 4 
42	 CF103EH 	 1 	 5 	 540  	 780  	 6  	 3 
43	 CF244BN	 1 	 3 	 720  	 960  	 7  	 3 
44	 CF141HP 	 1 	 3 	 600  	 840  	 10  	 5 
45	 CF244BF 	 0 	 19 	 660  	 900  	 7  	 3 
46	 CF142BS 	 1 	 2 	 600  	 840  	 9  	 4 
47	 CF52TB 	 1 	 4 	 720  	 960  	 9  	 4 
48	 CF143TG 	 1 	 2 	 600  	 840  	 9  	 4 
49	 CF52HJ 	 1 	 8 	 660  	 900  	 8  	 4 
50	 CF144AN	 1 	 9 	 540  	 780  	 5  	 2 
51	 CF140RJ 	 1 	 7 	 660  	 900  	 7  	 3 
52	 CF141RQ	 1 	 3 	 720  	 960  	 9  	 4 
53	 CF149DW 0 	 2 	 600  	 840  	 10  	 5 
54	 CF147ES 	 1 	 8 	 720  	 960  	 9  	 4 
55	 CF140NP	 1 	 4 	 720  	 960  	 8  	 4 
56	 CF145LT 	 0 	 15 	 660  	 900  	 8  	 4 
57	 CF52SJ 	 1 	 5 	 720  	 960  	 6  	 3 
58	 CF146PD 	 1 	 5 	 720  	 960  	 10  	 5 
59	 CF52PB 	 1 	 1 	 600  	 840  	 10  	 5 
60	 CF141JR 	 1 	 3 	 600  	 840  	 6  	 3 
61	 CF143HT 	 1 	 9 	 600  	 840  	 6  	 3 
62	 CF142HT 	 1 	 8 	 600  	 840  	 9  	 4 
63	 CF144HN	 1 	 7 	 720  	 960  	 6  	 3 
64	 CF141UH	 1 	 6 	 600  	 840  	 5  	 2 
65	 CF141HZ 	 1 	 3 	 600  	 840  	 6  	 3 
66	 CF144DB 	 1 	 8 	 600  	 840  	 8  	 4 
67	 CF142LS 	 1 	 10 	 600  	 840  	 7  	 3 
68	 CF142FU 	 1 	 10 	 600  	 840  	 7  	 3 
69	 CF149BW	 1 	 10 	 720  	 960  	 5  	 2 
70	 CF147HH	 1 	 1 	 600  	 840  	 10  	 5 
71	 CF149HA	 1 	 4 	 720  	 960  	 5  	 2 
72	 CF146UG	 1 	 10 	 540  	 780  	 9  	 4 
73	 CF141TU 	 1 	 10 	 600  	 840  	 5  	 2 
74	 CF142NS 	 1 	 1 	 660  	 900  	 6  	 3 
75	 CF147HG	 1 	 7 	 540  	 780  	 5  	 2 
