75

1200
32
10
500

0	255	2653	2106	2676	1659	1875	1855	2820	1515	878	4485	1488	1459	2545	870	1957	1841	1386	1640	4353	221	1719	1529	2534	2081	261	1815	2744	1821	3868	3217	2800	4876	382	1842	2006	2846	4334	4300	2176	1175	2470	871	1170	2138	808	2463	3628	2058	1322	1699	2032	2314	1862	905	2670	890	1188	1181	740	3684	2031	2173	2527	4537	1934	2033	2979	2315	1445	1007	4807	4383	1052	4178	
255	0	2491	2060	2423	1721	1770	1994	2581	1603	789	4333	1740	1214	2413	839	2211	1591	1475	1478	4116	341	1648	1556	2344	1844	448	1635	2516	1919	3629	2963	2545	4748	144	1658	1957	2591	4201	4150	1953	930	2290	949	1408	1884	788	2321	3372	1911	1086	1519	1801	2061	1617	655	2416	1007	1390	942	537	3433	1818	2162	2296	4430	1764	1960	2731	2104	1335	1244	4567	4274	987	4034	
2653	2491	0	1270	1861	2077	946	2713	1379	2237	3065	1847	3649	1632	383	1915	4144	2317	2235	1014	2338	2496	1230	1855	3609	1263	2910	3227	1076	2377	1970	2168	2227	2316	2354	859	1267	2229	1760	1666	2984	2359	295	2220	3745	2216	1979	316	2720	614	1611	3158	1172	1781	2467	2022	1921	2369	3835	1739	2612	2333	920	1558	1100	2106	728	1071	1746	759	3389	3112	2813	1949	1705	1563	
2106	2060	1270	0	2746	882	543	1485	2434	1080	2820	2704	2640	1890	914	1237	3099	2720	1125	1050	3601	1893	443	742	3946	1958	2357	3373	2164	1142	3210	3187	3075	2940	1967	1227	104	3095	2445	2520	3366	2426	1354	1353	2958	2780	1298	953	3741	881	1753	3274	1840	2520	2846	1929	2790	1454	3153	1794	2426	3461	1579	302	2080	2521	1093	242	2780	1661	3302	2167	4078	2377	1074	2365	
2676	2423	1861	2746	0	3207	2209	3793	588	3259	2500	3201	4116	1249	2168	2476	4609	1084	3185	1757	1860	2662	2421	2937	2093	804	2844	2039	849	3530	1392	544	367	3821	2296	1528	2682	369	3309	3070	1524	1645	1590	2850	3815	761	2504	2040	1034	1883	1418	2033	919	363	1194	1773	67	3002	3722	1531	2140	1013	1167	3038	762	3787	1654	2505	402	1141	2496	3575	2250	3641	2355	3050	
1659	1721	2077	882	3207	0	1160	639	3027	216	2507	3583	1798	2098	1759	945	2235	2875	314	1467	4349	1440	875	270	3948	2407	1866	3285	2800	326	3923	3709	3486	3788	1684	1729	841	3516	3311	3400	3442	2395	2086	788	2238	3033	972	1768	4239	1552	1925	3173	2297	2913	2971	1887	3236	800	2494	1895	2211	4057	2095	727	2663	3338	1663	1018	3335	2269	3055	1382	4830	3202	937	3243	
1875	1770	946	543	2209	1160	0	1799	1927	1301	2473	2658	2716	1375	704	1045	3206	2201	1292	518	3190	1685	288	920	3452	1417	2136	2914	1674	1475	2770	2663	2534	3006	1653	685	473	2555	2471	2471	2859	1969	927	1301	2879	2244	1111	662	3213	394	1254	2821	1298	1978	2333	1500	2251	1442	3015	1316	2047	2960	1043	829	1567	2663	560	309	2262	1152	2908	2189	3671	2508	838	2335	
1855	1994	2713	1485	3793	639	1799	0	3647	534	2733	4149	1438	2628	2385	1384	1789	3354	613	2081	4987	1664	1514	891	4322	3001	1997	3625	3429	343	4558	4307	4052	4300	2002	2349	1459	4085	3852	3970	3867	2804	2726	1078	2074	3549	1384	2401	4827	2190	2450	3509	2896	3482	3433	2323	3817	989	2393	2394	2525	4672	2710	1267	3284	3819	2294	1646	3944	2897	3301	1202	5469	3693	1452	3808	
2820	2581	1379	2434	588	3027	1927	3647	0	3116	2818	2613	4176	1369	1726	2436	4679	1528	3062	1566	1536	2760	2179	2761	2656	742	3025	2522	304	3353	1049	790	935	3233	2442	1299	2386	921	2725	2482	2064	1956	1144	2812	3988	1257	2477	1609	1344	1553	1499	2499	809	747	1662	1933	655	2971	3948	1640	2409	1034	938	2735	364	3211	1375	2194	367	775	2912	3620	1987	3068	2277	2465	
1515	1603	2237	1080	3259	216	1301	534	3116	0	2380	3784	1582	2107	1934	889	2025	2854	130	1550	4476	1302	1013	382	3879	2467	1706	3201	2903	321	4040	3773	3522	4000	1583	1819	1029	3555	3519	3601	3395	2338	2224	655	2030	3034	901	1933	4293	1686	1929	3088	2362	2951	2942	1840	3284	632	2294	1883	2112	4139	2178	942	2754	3553	1771	1195	3410	2371	2937	1169	4957	3416	929	3445	
878	789	3065	2820	2500	2507	2473	2733	2818	2380	0	4906	2153	1525	3057	1623	2541	1460	2250	2093	4328	1080	2392	2345	1749	2145	776	1029	2837	2691	3843	2999	2508	5372	856	2206	2716	2558	4818	4728	1533	865	2823	1726	1526	1802	1574	2950	3301	2539	1480	920	2145	2154	1409	1043	2472	1763	1311	1338	454	3495	2256	2941	2610	5097	2345	2696	2870	2534	569	1784	4743	4939	1751	4628	
4485	4333	1847	2704	3201	3583	2658	4149	2613	3784	4906	0	5329	3429	1956	3698	5799	3992	3825	2856	2385	4316	2895	3436	5231	2925	4744	4966	2384	3811	2375	3223	3537	654	4198	2703	2761	3515	407	187	4615	4163	2084	3952	5536	3801	3764	2025	3654	2428	3436	4912	2872	3295	4142	3863	3268	4084	5656	3571	4452	3087	2684	2883	2557	921	2575	2623	2891	2434	5199	4827	2678	873	3488	341	
1488	1740	3649	2640	4116	1798	2716	1438	4176	1582	2153	5329	0	2870	3410	1780	506	3330	1517	2740	5673	1458	2450	1899	3902	3440	1421	3181	4043	1682	5200	4660	4271	5576	1845	3002	2573	4315	5085	5143	3627	2662	3557	1435	831	3622	1727	3378	5097	3043	2708	3069	3367	3759	3348	2356	4117	1282	1203	2587	2200	5109	3289	2524	3845	5135	3028	2706	4384	3548	2671	557	6144	4997	1976	4994	
1459	1214	1632	1890	1249	2098	1375	2628	1369	2107	1525	3429	2870	0	1730	1261	3366	830	2015	860	2904	1420	1470	1837	2084	641	1656	1609	1331	2405	2417	1792	1446	3941	1077	818	1799	1484	3386	3258	1484	733	1358	1625	2622	935	1280	1603	2256	1239	180	1533	623	897	959	564	1254	1770	2581	283	1083	2240	747	2134	1106	3732	988	1677	1524	1015	1770	2326	3353	3574	1178	3174	
2545	2413	383	914	2168	1759	704	2385	1726	1934	3057	1956	3410	1730	0	1742	3896	2488	1947	964	2716	2366	961	1559	3782	1490	2805	3339	1427	2045	2353	2514	2529	2335	2285	913	926	2536	1790	1770	3162	2428	585	2005	3580	2434	1808	135	3070	518	1670	3260	1383	2042	2634	2029	2224	2143	3704	1778	2611	2704	1107	1191	1418	2041	745	742	2092	1030	3434	2890	3188	1883	1532	1638	
870	839	1915	1237	2476	945	1045	1384	2436	889	1623	3698	1780	1261	1742	0	2286	1971	779	961	3904	660	856	738	3003	1724	1123	2342	2277	1206	3438	3010	2704	4048	770	1221	1136	2741	3516	3511	2507	1453	1790	378	1839	2169	66	1679	3503	1302	1082	2231	1635	2143	2055	951	2492	535	1972	1014	1282	3419	1521	1323	2091	3687	1253	1169	2684	1772	2146	1226	4379	3534	211	3379	
1957	2211	4144	3099	4609	2235	3206	1789	4679	2025	2541	5799	506	3366	3896	2286	0	3792	1974	3245	6179	1948	2936	2363	4280	3943	1856	3568	4549	2076	5706	5153	4754	6023	2325	3507	3038	4799	5543	5614	4050	3120	4058	1937	1064	4094	2233	3868	5581	3541	3206	3460	3871	4250	3801	2842	4608	1782	1408	3082	2642	5606	3795	2961	4351	5568	3532	3181	4884	4055	3023	1063	6650	5434	2480	5462	
1841	1591	2317	2720	1084	2875	2201	3354	1528	2854	1460	3992	3330	830	2488	1971	3792	0	2749	1684	2943	1899	2299	2623	1296	1075	1946	998	1653	3166	2472	1548	1048	4558	1498	1598	2628	1098	4012	3835	674	674	2023	2295	2889	343	1971	2354	1847	2029	977	972	1149	785	151	1043	1044	2420	2741	981	1173	2047	1399	2962	1450	4414	1769	2506	1479	1586	1413	2830	3329	4258	1938	3777	
1386	1475	2235	1125	3185	314	1292	613	3062	130	2250	3825	1517	2015	1947	779	1974	2749	0	1498	4444	1173	1005	391	3759	2399	1578	3077	2858	446	4002	3704	3440	4060	1457	1771	1064	3474	3570	3641	3281	2221	2205	526	1925	2938	786	1938	4219	1667	1836	2964	2296	2871	2833	1728	3208	504	2180	1784	1987	4080	2124	1017	2701	3622	1734	1215	3348	2328	2808	1076	4926	3483	838	3488	
1640	1478	1014	1050	1757	1467	518	2081	1566	1550	2093	2856	2740	860	964	961	3245	1684	1498	0	2968	1490	670	1199	2942	953	1896	2429	1361	1793	2514	2245	2061	3286	1343	274	967	2086	2735	2673	2344	1493	841	1313	2750	1730	1018	858	2782	447	752	2341	838	1494	1817	1067	1792	1472	2825	835	1646	2592	629	1318	1204	3006	299	825	1867	835	2477	2187	3447	2847	766	2559	
4353	4116	2338	3601	1860	4349	3190	4987	1536	4476	4328	2385	5673	2904	2716	3904	6179	2943	4444	2968	0	4283	3474	4099	3823	2272	4560	3886	1631	4665	488	1484	1999	3022	3976	2696	3587	1953	2697	2358	3327	3463	2266	4272	5522	2619	3952	2652	1619	2797	3031	3888	2325	2181	3052	3469	1904	4432	5483	3174	3934	1058	2385	3894	1834	3259	2711	3387	1467	2136	4356	5116	482	3165	3725	2445	
221	341	2496	1893	2662	1440	1685	1664	2760	1302	1080	4316	1458	1420	2366	660	1948	1899	1173	1490	4283	0	1515	1308	2685	2018	464	1974	2662	1611	3801	3205	2813	4691	402	1710	1793	2857	4153	4130	2290	1253	2328	653	1269	2175	596	2291	3639	1892	1267	1857	1958	2302	1936	898	2661	684	1341	1137	877	3660	1929	1953	2450	4341	1788	1828	2943	2208	1642	934	4745	4188	852	4004	
1719	1648	1230	443	2421	875	288	1514	2179	1013	2392	2895	2450	1470	961	856	2936	2299	1005	670	3474	1515	0	632	3509	1618	1976	2930	1938	1194	3049	2895	2730	3208	1546	898	342	2754	2684	2708	2936	1984	1213	1058	2660	2381	921	937	3439	677	1325	2831	1502	2164	2421	1486	2458	1189	2819	1357	1989	3213	1267	663	1816	2833	804	314	2503	1409	2864	1934	3955	2682	667	2566	
1529	1556	1855	742	2937	270	920	891	2761	382	2345	3436	1899	1837	1559	738	2363	2623	391	1199	4099	1308	632	0	3723	2137	1757	3074	2538	595	3668	3439	3217	3682	1502	1462	675	3247	3186	3251	3203	2167	1844	681	2244	2772	777	1554	3969	1306	1665	2964	2027	2644	2723	1654	2966	746	2466	1642	2020	3790	1827	681	2398	3255	1403	824	3066	2007	2880	1429	4581	3113	692	3099	
2534	2344	3609	3946	2093	3948	3452	4322	2656	3879	1749	5231	3902	2084	3782	3003	4280	1296	3759	2942	3823	2685	3509	3723	0	2355	2505	724	2851	4201	3408	2340	1843	5818	2321	2884	3848	1884	5280	5083	626	1556	3315	3248	3238	1431	2981	3649	2337	3314	2198	839	2438	1937	1148	2070	2030	3335	2961	2152	1807	2786	2694	4161	2674	5699	3056	3747	2476	2869	1271	3513	4113	5544	3034	5037	
2081	1844	1263	1958	804	2407	1417	3001	742	2467	2145	2925	3440	641	1490	1724	3943	1075	2399	953	2272	2018	1618	2137	2355	0	2290	2041	693	2731	1787	1305	1117	3483	1704	732	1889	1139	2937	2765	1729	1306	968	2102	3250	954	1760	1355	1832	1119	759	1990	119	569	1227	1203	840	2258	3220	902	1714	1695	394	2245	466	3344	872	1719	960	514	2322	2887	2728	3189	1582	2703	
261	448	2910	2357	2844	1866	2136	1997	3025	1706	776	4744	1421	1656	2805	1123	1856	1946	1578	1896	4560	464	1976	1757	2505	2290	0	1781	2964	1999	4073	3380	2942	5137	592	2091	2258	2990	4595	4560	2206	1272	2721	1083	972	2261	1060	2723	3767	2317	1533	1666	2249	2481	1947	1093	2833	1074	944	1387	786	3856	2265	2412	2744	4797	2188	2290	3164	2551	1338	1010	5009	4643	1310	4438	
1815	1635	3227	3373	2039	3285	2914	3625	2522	3201	1029	4966	3181	1609	3339	2342	3568	998	3077	2429	3886	1974	2930	3074	724	2041	1781	0	2650	3522	3429	2429	1904	5513	1625	2426	3272	1953	4962	4804	628	948	2942	2559	2538	1280	2313	3211	2587	2840	1680	116	2096	1776	861	1449	1989	2636	2281	1599	1100	2919	2312	3563	2442	5333	2594	3194	2441	2537	614	2789	4240	5175	2397	4736	
2744	2516	1076	2164	849	2800	1674	3429	304	2903	2837	2384	4043	1331	1427	2277	4549	1653	2858	1361	1631	2662	1938	2538	2851	693	2964	2650	0	3124	1161	1093	1211	2988	2374	1088	2123	1203	2467	2242	2242	1990	848	2648	3913	1426	2324	1313	1645	1289	1433	2614	716	914	1797	1887	916	2808	3901	1580	2408	1298	756	2467	227	2938	1137	1927	671	532	2988	3486	2103	2792	2103	2212	
1821	1919	2377	1142	3530	326	1475	343	3353	321	2691	3811	1682	2405	2045	1206	2076	3166	446	1793	4665	1611	1194	595	4201	2731	1999	3522	3124	0	4243	4034	3804	3975	1903	2054	1119	3835	3519	3631	3714	2658	2400	971	2230	3337	1222	2064	4562	1869	2229	3409	2621	3232	3256	2158	3558	931	2520	2190	2432	4383	2421	927	2989	3502	1987	1308	3660	2593	3251	1351	5146	3373	1231	3470	
3868	3629	1970	3210	1392	3923	2770	4558	1049	4040	3843	2375	5200	2417	2353	3438	5706	2472	4002	2514	488	3801	3049	3668	3408	1787	4073	3429	1161	4243	0	1076	1567	3028	3490	2240	3187	1524	2631	2310	2887	2978	1859	3809	5036	2153	3484	2275	1341	2376	2546	3425	1843	1701	2585	2981	1440	3968	4995	2688	3447	750	1917	3508	1355	3186	2269	2986	993	1679	3884	4643	945	3073	3263	2366	
3217	2963	2168	3187	544	3709	2663	4307	790	3773	2999	3223	4660	1792	2514	3010	5153	1548	3704	2245	1484	3205	2895	3439	2340	1305	3380	2429	1093	4034	1076	0	526	3868	2838	1997	3132	477	3394	3117	1850	2159	1931	3385	4350	1207	3039	2396	557	2308	1960	2443	1412	904	1632	2315	548	3538	4246	2074	2661	499	1628	3485	1114	3911	2103	2945	422	1532	2940	4118	1811	3776	2881	3127	
2800	2545	2227	3075	367	3486	2534	4052	935	3522	2508	3537	4271	1446	2529	2704	4754	1048	3440	2061	1999	2813	2730	3217	1843	1117	2942	1904	1211	3804	1567	526	0	4164	2429	1849	3006	51	3659	3411	1329	1690	1953	3070	3905	706	2724	2399	827	2224	1624	1918	1236	573	1119	1915	306	3216	3778	1715	2196	1018	1500	3362	1129	4145	1986	2835	658	1499	2420	3742	2337	4001	2603	3398	
4876	4748	2316	2940	3821	3788	3006	4300	3233	4000	5372	654	5576	3941	2335	4048	6023	4558	4060	3286	3022	4691	3208	3682	5818	3483	5137	5513	2988	3975	3028	3868	4164	0	4619	3171	3015	4145	555	753	5197	4672	2582	4260	5867	4388	4115	2430	4306	2842	3927	5452	3418	3890	4709	4331	3888	4379	6020	4054	4920	3741	3206	3064	3147	549	3027	2910	3525	2977	5704	5105	3288	627	3844	781	
382	144	2354	1967	2296	1684	1653	2002	2442	1583	856	4198	1845	1077	2285	770	2325	1498	1457	1343	3976	402	1546	1502	2321	1704	592	1625	2374	1903	3490	2838	2429	4619	0	1517	1864	2474	4071	4015	1899	853	2150	935	1547	1779	726	2191	3256	1779	945	1510	1659	1934	1534	524	2291	1014	1534	802	530	3303	1675	2084	2154	4309	1627	1855	2597	1961	1378	1333	4428	4152	896	3901	
1842	1658	859	1227	1528	1729	685	2349	1299	1819	2206	2703	3002	818	913	1221	3507	1598	1771	274	2696	1710	898	1462	2884	732	2091	2426	1088	2054	2240	1997	1849	3171	1517	0	1157	1870	2616	2524	2270	1522	633	1581	2977	1592	1275	786	2541	432	764	2348	613	1294	1741	1163	1568	1740	3030	884	1752	2328	370	1513	936	2930	172	988	1610	561	2541	2447	3174	2772	1032	2422	
2006	1957	1267	104	2682	841	473	1459	2386	1029	2716	2761	2573	1799	926	1136	3038	2628	1064	967	3587	1793	342	675	3848	1889	2258	3272	2123	1119	3187	3132	3006	3015	1864	1157	0	3027	2513	2577	3272	2325	1328	1264	2871	2695	1198	951	3683	834	1659	3173	1770	2448	2754	1827	2724	1370	3061	1696	2322	3417	1515	356	2030	2604	1031	200	2728	1612	3198	2090	4065	2458	971	2424	
2846	2591	2229	3095	369	3516	2555	4085	921	3555	2558	3515	4315	1484	2536	2741	4799	1098	3474	2086	1953	2857	2754	3247	1884	1139	2990	1953	1203	3835	1524	477	51	4145	2474	1870	3027	0	3643	3392	1375	1739	1958	3108	3953	756	2762	2407	782	2239	1662	1968	1257	604	1169	1959	312	3255	3827	1755	2245	968	1517	3383	1130	4132	2004	2854	630	1508	2471	3785	2288	3989	2637	3381	
4334	4201	1760	2445	3309	3311	2471	3852	2725	3519	4818	407	5085	3386	1790	3516	5543	4012	3570	2735	2697	4153	2684	3186	5280	2937	4595	4962	2467	3519	2631	3394	3659	555	4071	2616	2513	3643	0	346	4657	4117	2028	3742	5343	3852	3582	1880	3859	2292	3371	4900	2869	3359	4163	3777	3376	3866	5486	3498	4366	3311	2653	2596	2615	562	2472	2395	3033	2429	5149	4600	3023	482	3309	269	
4300	4150	1666	2520	3070	3400	2471	3970	2482	3601	4728	187	5143	3258	1770	3511	5614	3835	3641	2673	2358	4130	2708	3251	5083	2765	4560	4804	2242	3631	2310	3117	3411	753	4015	2524	2577	3392	346	0	4465	3991	1908	3765	5349	3653	3577	1839	3564	2243	3261	4749	2708	3150	3985	3685	3137	3897	5470	3395	4274	3005	2513	2704	2409	905	2394	2437	2772	2269	5028	4640	2678	827	3302	171	
2176	1953	2984	3366	1524	3442	2859	3867	2064	3395	1533	4615	3627	1484	3162	2507	4050	674	3281	2344	3327	2290	2936	3203	626	1729	2206	628	2242	3714	2887	1850	1329	5197	1899	2270	3272	1375	4657	4465	0	1063	2689	2790	3058	816	2495	3028	1965	2701	1613	686	1812	1330	530	1556	1466	2895	2835	1586	1437	2328	2069	3595	2058	5073	2442	3160	1920	2243	1228	3182	3658	4918	2511	4416	
1175	930	2359	2426	1645	2395	1969	2804	1956	2338	865	4163	2662	733	2428	1453	3120	674	2221	1493	3463	1253	1984	2167	1556	1306	1272	948	1990	2658	2978	2159	1690	4672	853	1522	2325	1739	4117	3991	1063	0	2090	1727	2220	994	1436	2306	2507	1918	758	853	1322	1294	687	514	1621	1834	2089	659	506	2651	1479	2622	1765	4451	1684	2247	2008	1741	1036	2174	3881	4293	1478	3907	
2470	2290	295	1354	1590	2086	927	2726	1144	2224	2823	2084	3557	1358	585	1790	4058	2023	2205	841	2266	2328	1213	1844	3315	968	2721	2942	848	2400	1859	1931	1953	2582	2150	633	1328	1958	2028	1908	2689	2090	0	2122	3591	1921	1849	466	2487	539	1353	2877	877	1491	2174	1782	1648	2276	3657	1487	2369	2138	631	1654	834	2394	542	1128	1509	468	3125	3009	2747	2237	1585	1817	
871	949	2220	1353	2850	788	1301	1078	2812	655	1726	3952	1435	1625	2005	378	1937	2295	526	1313	4272	653	1058	681	3248	2102	1083	2559	2648	971	3809	3385	3070	4260	935	1581	1264	3108	3742	3765	2790	1727	2122	0	1610	2514	347	1960	3874	1610	1446	2444	2012	2513	2366	1255	2864	160	1802	1365	1464	3796	1893	1354	2465	3866	1596	1350	3062	2137	2282	893	4749	3718	549	3624	
1170	1408	3745	2958	3815	2238	2879	2074	3988	2030	1526	5536	831	2622	3580	1839	1064	2889	1925	2750	5522	1269	2660	2244	3238	3250	972	2538	3913	2230	5036	4350	3905	5867	1547	2977	2871	3953	5343	5349	3058	2220	3591	1610	0	3214	1774	3518	4726	3133	2491	2435	3201	3453	2873	2061	3803	1504	373	2348	1717	4828	3193	2922	3697	5475	3049	2958	4135	3474	1972	880	5974	5328	2050	5215	
2138	1884	2216	2780	761	3033	2244	3549	1257	3034	1802	3801	3622	935	2434	2169	4094	343	2938	1730	2619	2175	2381	2772	1431	954	2261	1280	1426	3337	2153	1207	706	4388	1779	1592	2695	756	3852	3653	816	994	1921	2514	3214	0	2177	2299	1513	2018	1108	1272	1052	515	434	1289	715	2648	3076	1155	1499	1705	1327	3041	1244	4282	1758	2553	1162	1461	1742	3109	2995	4129	2107	3607	
808	788	1979	1298	2504	972	1111	1384	2477	901	1574	3764	1727	1280	1808	66	2233	1971	786	1018	3952	596	921	777	2981	1760	1060	2313	2324	1222	3484	3039	2724	4115	726	1275	1198	2762	3582	3577	2495	1436	1849	347	1774	2177	0	1744	3527	1365	1101	2201	1673	2167	2050	942	2518	499	1905	1024	1244	3454	1568	1377	2134	3753	1312	1234	2720	1822	2103	1172	4426	3600	276	3445	
2463	2321	316	953	2040	1768	662	2401	1609	1933	2950	2025	3378	1603	135	1679	3868	2354	1938	858	2652	2291	937	1554	3649	1355	2723	3211	1313	2064	2275	2396	2399	2430	2191	786	951	2407	1880	1839	3028	2306	466	1960	3518	2299	1744	0	2953	413	1547	3134	1249	1908	2502	1917	2095	2103	3631	1659	2501	2599	972	1243	1294	2154	622	757	1974	900	3317	2850	3127	1995	1469	1716	
3628	3372	2720	3741	1034	4239	3213	4827	1344	4293	3301	3654	5097	2256	3070	3503	5581	1847	4219	2782	1619	3639	3439	3969	2337	1832	3767	2587	1645	4562	1341	557	827	4306	3256	2541	3683	782	3859	3564	1965	2507	2487	3874	4726	1513	3527	2953	0	2863	2432	2624	1944	1361	1893	2741	1012	4023	4588	2531	3012	591	2173	4038	1671	4391	2653	3499	978	2088	3153	4566	1813	4262	3387	3590	
2058	1911	614	881	1883	1552	394	2190	1553	1686	2539	2428	3043	1239	518	1302	3541	2029	1667	447	2797	1892	677	1306	3314	1119	2317	2840	1289	1869	2376	2308	2224	2842	1779	432	834	2239	2292	2243	2701	1918	539	1610	3133	2018	1365	413	2863	0	1163	2757	1002	1688	2172	1511	1930	1761	3233	1264	2093	2583	726	1182	1199	2560	261	641	1899	780	2917	2502	3279	2401	1092	2124	
1322	1086	1611	1753	1418	1925	1254	2450	1499	1929	1480	3436	2708	180	1670	1082	3206	977	1836	752	3031	1267	1325	1665	2198	759	1533	1680	1433	2229	2546	1960	1624	3927	945	764	1659	1662	3371	3261	1613	758	1353	1446	2491	1108	1101	1547	2432	1163	0	1595	716	1071	1096	460	1427	1593	2468	149	1028	2401	779	1987	1211	3695	926	1550	1678	1061	1779	2161	3486	3536	1001	3168	
1699	1519	3158	3274	2033	3173	2821	3509	2499	3088	920	4912	3069	1533	3260	2231	3460	972	2964	2341	3888	1857	2831	2964	839	1990	1666	116	2614	3409	3425	2443	1918	5452	1510	2348	3173	1968	4900	4749	686	853	2877	2444	2435	1272	2201	3134	2624	2757	1595	0	2040	1756	843	1347	1986	2521	2184	1508	984	2936	2248	3460	2403	5263	2515	3099	2434	2480	542	2674	4251	5105	2290	4677	
2032	1801	1172	1840	919	2297	1298	2896	809	2362	2145	2872	3367	623	1383	1635	3871	1149	2296	838	2325	1958	1502	2027	2438	119	2249	2096	716	2621	1843	1412	1236	3418	1659	613	1770	1257	2869	2708	1812	1322	877	2012	3201	1052	1673	1249	1944	1002	716	2040	0	687	1301	1171	957	2170	3184	864	1706	1789	280	2127	496	3264	754	1600	1055	441	2350	2812	2787	3109	1486	2641	
2314	2061	1781	2520	363	2913	1978	3482	747	2951	2154	3295	3759	897	2042	2143	4250	785	2871	1494	2181	2302	2164	2644	1937	569	2481	1776	914	3232	1701	904	573	3890	1934	1294	2448	604	3359	3150	1330	1294	1491	2513	3453	515	2167	1908	1361	1688	1071	1756	687	0	915	1411	359	2662	3363	1176	1783	1375	963	2803	744	3805	1440	2283	716	1023	2188	3219	2589	3654	2034	3111	
1862	1617	2467	2846	1194	2971	2333	3433	1662	2942	1409	4142	3348	959	2634	2055	3801	151	2833	1817	3052	1936	2421	2723	1148	1227	1947	861	1797	3256	2585	1632	1119	4709	1534	1741	2754	1169	4163	3985	530	687	2174	2366	2873	434	2050	2502	1893	2172	1096	843	1301	915	0	1111	1149	2485	2707	1086	1164	2131	1549	3083	1596	4565	1912	2636	1593	1738	1310	2861	3428	4409	2034	3928	
905	655	2022	1929	1773	1887	1500	2323	1933	1840	1043	3863	2356	564	2029	951	2842	1043	1728	1067	3469	898	1486	1654	2070	1203	1093	1449	1887	2158	2981	2315	1915	4331	524	1163	1827	1959	3777	3685	1556	514	1782	1255	2061	1289	942	1917	2741	1511	460	1347	1171	1411	1111	0	1768	1377	2017	311	590	2780	1234	2114	1663	4070	1305	1763	2076	1519	1414	1829	3916	3911	964	3585	
2670	2416	1921	2790	67	3236	2251	3817	655	3284	2472	3268	4117	1254	2224	2492	4608	1044	3208	1792	1904	2661	2458	2966	2030	840	2833	1989	916	3558	1440	548	306	3888	2291	1568	2724	312	3376	3137	1466	1621	1648	2864	3803	715	2518	2095	1012	1930	1427	1986	957	359	1149	1768	0	3015	3704	1534	2120	1030	1211	3080	823	3854	1698	2549	455	1195	2455	3578	2286	3708	2375	3117	
890	1007	2369	1454	3002	800	1442	989	2971	632	1763	4084	1282	1770	2143	535	1782	2420	504	1472	4432	684	1189	746	3335	2258	1074	2636	2808	931	3968	3538	3216	4379	1014	1740	1370	3255	3866	3897	2895	1834	2276	160	1504	2648	499	2103	4023	1761	1593	2521	2170	2662	2485	1377	3015	0	1721	1506	1536	3952	2052	1427	2624	3974	1753	1471	3218	2297	2327	747	4908	3828	708	3754	
1188	1390	3835	3153	3722	2494	3015	2393	3948	2294	1311	5656	1203	2581	3704	1972	1408	2741	2180	2825	5483	1341	2819	2466	2961	3220	944	2281	3901	2520	4995	4246	3778	6020	1534	3030	3061	3827	5486	5470	2835	2089	3657	1802	373	3076	1905	3631	4588	3233	2468	2184	3184	3363	2707	2017	3704	1721	0	2321	1585	4734	3209	3148	3679	5652	3121	3127	4063	3494	1690	1191	5924	5501	2177	5343	
1181	942	1739	1794	1531	1895	1316	2394	1640	1883	1338	3571	2587	283	1778	1014	3082	981	1784	835	3174	1137	1357	1642	2152	902	1387	1599	1580	2190	2688	2074	1715	4054	802	884	1696	1755	3498	3395	1586	659	1487	1365	2348	1155	1024	1659	2531	1264	149	1508	864	1176	1086	311	1534	1506	2321	0	885	2524	925	2012	1358	3811	1038	1602	1806	1209	1659	2044	3626	3652	960	3300	
740	537	2612	2426	2140	2211	2047	2525	2409	2112	454	4452	2200	1083	2611	1282	2642	1173	1987	1646	3934	877	1989	2020	1807	1714	786	1100	2408	2432	3447	2661	2196	4920	530	1752	2322	2245	4366	4274	1437	506	2369	1464	1717	1499	1244	2501	3012	2093	1028	984	1706	1783	1164	590	2120	1536	1585	885	0	3150	1805	2571	2181	4652	1894	2285	2492	2086	877	1744	4362	4494	1377	4175	
3684	3433	2333	3461	1013	4057	2960	4672	1034	4139	3495	3087	5109	2240	2704	3419	5606	2047	4080	2592	1058	3660	3213	3790	2786	1695	3856	2919	1298	4383	750	499	1018	3741	3303	2328	3417	968	3311	3005	2328	2651	2138	3796	4828	1705	3454	2599	591	2583	2401	2936	1789	1375	2131	2780	1030	3952	4734	2524	3150	0	1963	3763	1397	3853	2409	3223	735	1808	3437	4561	1332	3730	3275	3043	
2031	1818	920	1579	1167	2095	1043	2710	938	2178	2256	2684	3289	747	1107	1521	3795	1399	2124	629	2385	1929	1267	1827	2694	394	2265	2312	756	2421	1917	1628	1500	3206	1675	370	1515	1517	2653	2513	2069	1479	631	1893	3193	1327	1568	972	2173	726	779	2248	280	963	1549	1234	1211	2052	3209	925	1805	1963	0	1872	579	3025	487	1338	1241	287	2516	2732	2859	2868	1349	2434	
2173	2162	1558	302	3038	727	829	1267	2735	942	2941	2883	2524	2134	1191	1323	2961	2962	1017	1318	3894	1953	663	681	4161	2245	2412	3563	2467	927	3508	3485	3362	3064	2084	1513	356	3383	2596	2704	3595	2622	1654	1354	2922	3041	1377	1243	4038	1182	1987	3460	2127	2803	3083	2114	3080	1427	3148	2012	2571	3763	1872	0	2380	2611	1386	541	3079	1961	3447	2091	4370	2475	1195	2542	
2527	2296	1100	2080	762	2663	1567	3284	364	2754	2610	2557	3845	1106	1418	2091	4351	1450	2701	1204	1834	2450	1816	2398	2674	466	2744	2442	227	2989	1355	1114	1129	3147	2154	936	2030	1130	2615	2409	2058	1765	834	2465	3697	1244	2134	1294	1671	1199	1211	2403	496	744	1596	1663	823	2624	3679	1358	2181	1397	579	2380	0	3065	1012	1839	700	420	2767	3289	2300	2916	1925	2367	
4537	4430	2106	2521	3787	3338	2663	3819	3211	3553	5097	921	5135	3732	2041	3687	5568	4414	3622	3006	3259	4341	2833	3255	5699	3344	4797	5333	2938	3502	3186	3911	4145	549	4309	2930	2604	4132	562	905	5073	4451	2394	3866	5475	4282	3753	2154	4391	2560	3695	5263	3264	3805	4565	4070	3854	3974	5652	3811	4652	3853	3025	2611	3065	0	2773	2524	3536	2830	5470	4684	3581	159	3489	821	
1934	1764	728	1093	1654	1663	560	2294	1375	1771	2345	2575	3028	988	745	1253	3532	1769	1734	299	2711	1788	804	1403	3056	872	2188	2594	1137	1987	2269	2103	1986	3027	1627	172	1031	2004	2472	2394	2442	1684	542	1596	3049	1758	1312	622	2653	261	926	2515	754	1440	1912	1305	1698	1753	3121	1038	1894	2409	487	1386	1012	2773	0	851	1704	606	2697	2477	3192	2614	1052	2286	
2033	1960	1071	242	2505	1018	309	1646	2194	1195	2696	2623	2706	1677	742	1169	3181	2506	1215	825	3387	1828	314	824	3747	1719	2290	3194	1927	1308	2986	2945	2835	2910	1855	988	200	2854	2395	2437	3160	2247	1128	1350	2958	2553	1234	757	3499	641	1550	3099	1600	2283	2636	1763	2549	1471	3127	1602	2285	3223	1338	541	1839	2524	851	0	2538	1420	3157	2207	3865	2374	982	2290	
2979	2731	1746	2780	402	3335	2262	3944	367	3410	2870	2891	4384	1524	2092	2684	4884	1479	3348	1867	1467	2943	2503	3066	2476	960	3164	2441	671	3660	993	422	658	3525	2597	1610	2728	630	3033	2772	1920	2008	1509	3062	4135	1162	2720	1974	978	1899	1678	2434	1055	716	1593	2076	455	3218	4063	1806	2492	735	1241	3079	700	3536	1704	2538	0	1119	2891	3834	1873	3396	2540	2769	
2315	2104	759	1661	1141	2269	1152	2897	775	2371	2534	2434	3548	1015	1030	1772	4055	1586	2328	835	2136	2208	1409	2007	2869	514	2551	2537	532	2593	1679	1532	1499	2977	1961	561	1612	1508	2429	2269	2243	1741	468	2137	3474	1461	1822	900	2088	780	1061	2480	441	1023	1738	1519	1195	2297	3494	1209	2086	1808	287	1961	420	2830	606	1420	1119	0	2775	2992	2614	2675	1589	2199	
1445	1335	3389	3302	2496	3055	2908	3301	2912	2937	569	5199	2671	1770	3434	2146	3023	1413	2808	2477	4356	1642	2864	2880	1271	2322	1338	614	2988	3251	3884	2940	2420	5704	1378	2541	3198	2471	5149	5028	1228	1036	3125	2282	1972	1742	2103	3317	3153	2917	1779	542	2350	2188	1310	1414	2455	2327	1690	1659	877	3437	2516	3447	2767	5470	2697	3157	2891	2775	0	2338	4737	5311	2252	4942	
1007	1244	3112	2167	3575	1382	2189	1202	3620	1169	1784	4827	557	2326	2890	1226	1063	2830	1076	2187	5116	934	1934	1429	3513	2887	1010	2789	3486	1351	4643	4118	3742	5105	1333	2447	2090	3785	4600	4640	3182	2174	3009	893	880	3109	1172	2850	4566	2502	2161	2674	2812	3219	2861	1829	3578	747	1191	2044	1744	4561	2732	2091	3289	4684	2477	2207	3834	2992	2338	0	5587	4542	1425	4495	
4807	4567	2813	4078	2250	4830	3671	5469	1987	4957	4743	2678	6144	3353	3188	4379	6650	3329	4926	3447	482	4745	3955	4581	4113	2728	5009	4240	2103	5146	945	1811	2337	3288	4428	3174	4065	2288	3023	2678	3658	3881	2747	4749	5974	2995	4426	3127	1813	3279	3486	4251	2787	2589	3428	3916	2286	4908	5924	3626	4362	1332	2859	4370	2300	3581	3192	3865	1873	2614	4737	5587	0	3501	4202	2785	
4383	4274	1949	2377	3641	3202	2508	3693	3068	3416	4939	873	4997	3574	1883	3534	5434	4258	3483	2847	3165	4188	2682	3113	5544	3189	4643	5175	2792	3373	3073	3776	4001	627	4152	2772	2458	3989	482	827	4918	4293	2237	3718	5328	4129	3600	1995	4262	2401	3536	5105	3109	3654	4409	3911	3708	3828	5501	3652	4494	3730	2868	2475	2916	159	2614	2374	3396	2675	5311	4542	3501	0	3336	720	
1052	987	1705	1074	2355	937	838	1452	2277	929	1751	3488	1976	1178	1532	211	2480	1938	838	766	3725	852	667	692	3034	1582	1310	2397	2103	1231	3263	2881	2603	3844	896	1032	971	2637	3309	3302	2511	1478	1585	549	2050	2107	276	1469	3387	1092	1001	2290	1486	2034	2034	964	2375	708	2177	960	1377	3275	1349	1195	1925	3489	1052	982	2540	1589	2252	1425	4202	3336	0	3170	
4178	4034	1563	2365	3050	3243	2335	3808	2465	3445	4628	341	4994	3174	1638	3379	5462	3777	3488	2559	2445	4004	2566	3099	5037	2703	4438	4736	2212	3470	2366	3127	3398	781	3901	2422	2424	3381	269	171	4416	3907	1817	3624	5215	3607	3445	1716	3590	2124	3168	4677	2641	3111	3928	3585	3117	3754	5343	3300	4175	3043	2434	2542	2367	821	2286	2290	2769	2199	4942	4495	2785	720	3170	0	


0	 CF146RF 	 0 	 0 	 540  	 1080  	 0  	 0 

1	 CF146LL 	 1 	 7 	 720  	 960  	 6  	 3 
2	 CF144YJ 	 1 	 10 	 600  	 840  	 8  	 4 
3	 CF144EH 	 1 	 6 	 600  	 840  	 10  	 5 
4	 CF141NA	 1 	 7 	 660  	 900  	 6  	 3 
5	 CF145QD	 1 	 6 	 600  	 840  	 10  	 5 
6	 CF144JQ 	 0 	 20 	 720  	 960  	 5  	 2 
7	 CF140NQ	 1 	 9 	 540  	 780  	 8  	 4 
8	 CF142PF 	 1 	 2 	 720  	 960  	 7  	 3 
9	 CF145PZ 	 1 	 7 	 720  	 960  	 8  	 4 
10	 CF146TU 	 1 	 7 	 540  	 780  	 8  	 4 
11	 CF103UN	 0 	 22 	 720  	 960  	 6  	 3 
12	 CF149BQ	 1 	 6 	 660  	 900  	 6  	 3 
13	 CF146BY 	 1 	 1 	 720  	 960  	 7  	 3 
14	 CF144DH	 1 	 7 	 660  	 900  	 5  	 2 
15	 CF145FE 	 1 	 6 	 600  	 840  	 5  	 2 
16	 CF149HH	 1 	 6 	 540  	 780  	 9  	 4 
17	 CF147AF 	 1 	 2 	 600  	 840  	 7  	 3 
18	 CF145PW	 1 	 7 	 600  	 840  	 5  	 2 
19	 CF144QN	 1 	 2 	 540  	 780  	 6  	 3 
20	 CF52HT 	 1 	 5 	 660  	 900  	 9  	 4 
21	 CF146PJ 	 0 	 14 	 720  	 960  	 7  	 3 
22	 CF144LS 	 1 	 7 	 540  	 780  	 6  	 3 
23	 CF145LH 	 1 	 7 	 600  	 840  	 6  	 3 
24	 CF147EW	 1 	 9 	 600  	 840  	 5  	 2 
25	 CF141PY 	 1 	 2 	 600  	 840  	 6  	 3 
26	 CF146QR	 1 	 7 	 600  	 840  	 7  	 3 
27	 CF147HD	 1 	 4 	 600  	 840  	 10  	 5 
28	 CF141JT 	 1 	 4 	 720  	 960  	 5  	 2 
29	 CF140LY 	 1 	 5 	 540  	 780  	 8  	 4 
30	 CF52ER 	 1 	 4 	 540  	 780  	 5  	 2 
31	 CF142HA	 1 	 6 	 600  	 840  	 10  	 5 
32	 CF142EG 	 1 	 7 	 720  	 960  	 7  	 3 
33	 CF244AX 	 0 	 13 	 660  	 900  	 8  	 4 
34	 CF146LP 	 1 	 3 	 540  	 780  	 10  	 5 
35	 CF144QU	 0 	 20 	 660  	 900  	 7  	 3 
36	 CF144BN	 1 	 1 	 540  	 780  	 6  	 3 
37	 CF142EE 	 1 	 1 	 720  	 960  	 8  	 4 
38	 CF244JG 	 1 	 10 	 660  	 900  	 5  	 2 
39	 CF103EY 	 1 	 7 	 600  	 840  	 7  	 3 
40	 CF147DS 	 1 	 8 	 660  	 900  	 9  	 4 
41	 CF146EG 	 1 	 8 	 540  	 780  	 9  	 4 
42	 CF141DL 	 1 	 3 	 600  	 840  	 10  	 5 
43	 CF145GR 	 1 	 2 	 660  	 900  	 9  	 4 
44	 CF149FJ 	 1 	 5 	 660  	 900  	 10  	 5 
45	 CF142TE 	 0 	 22 	 720  	 960  	 5  	 2 
46	 CF145FB 	 1 	 2 	 540  	 780  	 7  	 3 
47	 CF144EA 	 0 	 10 	 720  	 960  	 8  	 4 
48	 CF52RZ 	 1 	 7 	 600  	 840  	 9  	 4 
49	 CF144JL 	 1 	 9 	 540  	 780  	 9  	 4 
50	 CF146DH	 1 	 2 	 540  	 780  	 5  	 2 
51	 CF147HR 	 1 	 7 	 660  	 900  	 9  	 4 
52	 CF141QB	 1 	 8 	 540  	 780  	 9  	 4 
53	 CF142DX 	 1 	 10 	 600  	 840  	 7  	 3 
54	 CF147AZ 	 1 	 4 	 540  	 780  	 5  	 2 
55	 CF146LQ 	 1 	 1 	 660  	 900  	 10  	 5 
56	 CF141LX 	 1 	 4 	 600  	 840  	 6  	 3 
57	 CF145EG 	 1 	 9 	 660  	 900  	 5  	 2 
58	 CF149UG	 1 	 9 	 720  	 960  	 7  	 3 
59	 CF146DD	 1 	 8 	 600  	 840  	 10  	 5 
60	 CF146LD 	 1 	 8 	 720  	 960  	 10  	 5 
61	 CF52QJ 	 1 	 10 	 540  	 780  	 5  	 2 
62	 CF141QQ	 1 	 10 	 660  	 900  	 6  	 3 
63	 CF235QL 	 1 	 4 	 540  	 780  	 9  	 4 
64	 CF141LB 	 0 	 2 	 600  	 840  	 6  	 3 
65	 CF244NT 	 1 	 10 	 600  	 840  	 6  	 3 
66	 CF144QX	 1 	 2 	 720  	 960  	 7  	 3 
67	 CF144BR 	 1 	 9 	 540  	 780  	 6  	 3 
68	 CF142LQ 	 1 	 6 	 720  	 960  	 5  	 2 
69	 CF141EA 	 1 	 7 	 600  	 840  	 7  	 3 
70	 CF147TT 	 1 	 5 	 720  	 960  	 10  	 5 
71	 CF145AG	 1 	 5 	 660  	 900  	 9  	 4 
72	 CF52JJ 	 1 	 1 	 660  	 900  	 10  	 5 
73	 CF244NX	 1 	 3 	 660  	 900  	 8  	 4 
74	 CF145BB 	 1 	 9 	 660  	 900  	 7  	 3 
75	 CF244HL 	 0 	 3 	 660  	 900  	 9  	 4 
