75

1200
32
10
500

0	3155	4284	935	4769	3562	1987	2837	4142	5445	4497	3507	504	2772	3894	3491	449	1673	4862	3526	2392	1445	633	5164	4472	2085	3213	1873	1032	4740	3151	1338	1952	2016	4231	2839	3710	4607	2755	3740	1168	552	200	3315	2288	1406	2714	5314	3866	5275	3628	2312	3991	2329	5162	3029	1246	790	2107	3346	626	5028	760	3326	4942	1992	2330	929	2912	960	2744	3740	3785	408	1503	2921	
3155	0	3003	2250	1856	1046	1716	907	3088	2455	2442	1047	2857	1010	1201	1226	3588	1516	1877	1326	1546	2430	2591	2201	1360	2398	289	1463	3015	3344	1349	1941	1207	1731	2813	674	569	2840	616	617	3130	3494	2997	171	869	1945	2149	2168	1512	2599	979	1590	1344	874	2264	2104	2267	2565	1352	191	2549	1902	3580	280	1989	1675	1440	2239	671	3909	1034	679	758	3486	1661	340	
4284	3003	0	3529	2458	4031	2426	3813	279	2921	5403	4040	4352	3890	2079	1794	4687	3522	4317	1693	2095	4573	3697	4594	2951	2214	2720	2769	4844	457	4323	3128	3279	4216	216	2454	3204	641	2587	3285	3373	4826	4258	3073	3146	3015	4934	3558	4482	2158	3939	4246	4241	2853	2556	4991	3058	3503	3841	3020	3764	3938	5016	2787	2604	2443	4103	3795	3605	5244	3901	2709	3532	4690	3279	3242	
935	2250	3529	0	3834	2779	1125	2064	3425	4509	3874	2730	830	2021	2961	2569	1384	857	4023	2609	1516	1268	343	4334	3546	1455	2288	943	1331	3983	2468	425	1075	1464	3448	1904	2814	3781	1822	2850	1160	1387	817	2415	1395	521	2298	4395	3137	4354	2824	1721	3208	1403	4228	2560	541	392	1396	2441	310	4143	1543	2404	4006	1120	1685	333	2093	1826	1998	2812	2919	1315	590	2044	
4769	1856	2458	3834	0	2457	2903	2707	2687	686	3555	2500	4567	2818	887	1369	5218	3270	2085	1382	2531	4266	4149	2297	739	3313	1660	2900	4814	2557	3013	3440	2943	3586	2246	1935	1560	1938	2033	1607	4395	5190	4643	1770	2623	3391	3939	1100	2775	840	2321	3438	2432	2478	410	3827	3648	4055	3203	1710	4143	1581	5308	1591	188	2880	3291	3922	2477	5622	2847	1179	1807	5144	3294	2193	
3562	1046	4031	2779	2457	0	2595	725	4128	2887	1397	63	3154	795	2083	2238	3946	1925	1352	2340	2516	2443	3111	1626	1756	3315	1316	2243	3109	4351	631	2595	1734	1668	3835	1698	926	3816	1608	862	3837	3765	3375	958	1484	2641	1618	2275	467	3287	140	1395	430	1672	2821	1424	2972	3154	1460	1011	3034	1704	3793	1244	2527	2551	1306	2646	702	4128	826	1422	651	3814	2225	925	
1987	1716	2426	1125	2903	2595	0	2020	2347	3589	3921	2566	1955	2039	2017	1555	2428	1199	3591	1573	405	2173	1358	3916	2775	727	1614	433	2420	2877	2545	708	1073	1972	2332	1121	2258	2656	1117	2319	1506	2492	1914	1882	1155	604	2800	3643	3040	3318	2583	2103	2981	923	3272	2961	765	1209	1674	1880	1397	3554	2660	1745	3086	44	1991	1371	1919	2928	2032	2070	2473	2391	882	1681	
2837	907	3813	2064	2707	725	2020	0	3864	3250	1907	672	2433	112	2108	2091	3223	1207	2050	2188	2028	1770	2392	2339	2107	2746	1183	1625	2424	4184	538	1911	1050	998	3636	1361	1187	3713	1234	1169	3150	3051	2650	945	865	1971	1245	2789	1080	3485	797	769	1155	1120	3107	1204	2296	2445	739	1008	2312	2320	3088	1185	2819	1976	643	1921	237	3423	143	1540	1088	3093	1528	591	
4142	3088	279	3425	2687	4128	2347	3864	0	3175	5513	4133	4239	3934	2243	1909	4533	3484	4490	1811	2047	4515	3571	4774	3144	2059	2812	2716	4751	641	4384	3036	3261	4202	454	2504	3332	919	2630	3413	3189	4689	4127	3171	3155	2920	4947	3784	4586	2426	4043	4252	4361	2858	2806	5023	2934	3370	3838	3122	3645	4134	4884	2889	2840	2369	4112	3705	3664	5100	3943	2849	3658	4545	3218	3306	
5445	2455	2921	4509	686	2887	3589	3250	3175	0	3802	2939	5229	3362	1573	2051	5893	3917	2190	2058	3216	4883	4828	2317	1148	3988	2292	3580	5453	2930	3486	4119	3591	4177	2722	2606	2066	2331	2698	2094	5079	5856	5315	2345	3264	4073	4449	908	3130	855	2747	4004	2771	3139	375	4301	4333	4737	3805	2290	4819	1603	5968	2207	505	3566	3862	4586	3029	6286	3392	1780	2248	5815	3961	2783	
4497	2442	5403	3874	3555	1397	3921	1907	5513	3802	0	1404	4022	1908	3388	3610	4808	3037	1666	3711	3887	3135	4173	1697	2816	4648	2707	3533	3783	5702	1417	3790	2943	2482	5202	3093	2214	5143	2998	2135	5009	4555	4297	2344	2770	3861	1898	2981	931	4390	1470	2190	1175	3005	3850	1562	4178	4266	2479	2391	4074	2258	4521	2624	3570	3877	2196	3660	2007	4837	1922	2723	1887	4656	3396	2302	
3507	1047	4040	2730	2500	63	2566	672	4133	2939	1404	0	3096	738	2107	2249	3889	1874	1414	2351	2497	2381	3061	1686	1805	3288	1322	2209	3048	4365	570	2552	1690	1607	3845	1689	960	3835	1595	900	3794	3706	3319	968	1447	2601	1558	2334	481	3328	196	1333	484	1643	2868	1369	2930	3106	1403	1023	2982	1766	3733	1255	2573	2523	1245	2592	662	4068	768	1450	697	3756	2180	906	
504	2857	4352	830	4567	3154	1955	2433	4239	5229	4022	3096	0	2359	3713	3356	797	1342	4479	3404	2342	942	694	4772	4205	2224	2954	1736	601	4808	2704	1250	1654	1552	4275	2635	3393	4611	2533	3415	1531	637	312	3008	1992	1351	2216	5024	3429	5135	3230	1850	3578	2090	4969	2535	1310	912	1695	3046	599	4687	742	3056	4731	1948	1884	646	2535	1058	2329	3481	3434	660	1277	2592	
2772	1010	3890	2021	2818	795	2039	112	3934	3362	1908	738	2359	0	2211	2180	3151	1165	2135	2277	2069	1673	2344	2418	2218	2763	1283	1634	2331	4266	507	1891	1036	898	3715	1435	1299	3802	1305	1280	3123	2971	2583	1054	886	1956	1139	2897	1116	3594	879	660	1221	1156	3218	1113	2277	2406	665	1117	2260	2419	3002	1289	2931	1995	539	1863	344	3337	33	1650	1195	3019	1501	687	
3894	1201	2079	2961	887	2083	2017	2108	2243	1573	3388	2107	3713	2211	0	514	4343	2451	2247	558	1649	3489	3270	2535	950	2457	936	2022	3998	2328	2521	2560	2125	2866	1867	1081	1178	1755	1196	1254	3512	4329	3774	1186	1826	2508	3349	1748	2497	1453	1968	2766	2214	1641	1269	3300	2761	3170	2468	1123	3269	1927	4456	923	1070	1993	2613	3067	1871	4764	2234	667	1502	4274	2436	1530	
3491	1226	1794	2569	1369	2238	1555	2091	1909	2051	3610	2249	3356	2180	514	0	3939	2170	2646	101	1168	3243	2860	2950	1439	1949	938	1627	3695	2119	2570	2153	1857	2698	1596	819	1425	1622	958	1506	3030	3953	3386	1281	1606	2087	3291	2258	2688	1786	2145	2649	2453	1363	1721	3293	2314	2741	2298	1228	2871	2390	4094	994	1556	1537	2497	2713	1866	4391	2197	958	1750	3882	2088	1501	
449	3588	4687	1384	5218	3946	2428	3223	4533	5893	4808	3889	797	3151	4343	3939	0	2090	5263	3974	2833	1689	1080	5559	4913	2475	3655	2322	1130	5141	3500	1787	2381	2347	4643	3287	4138	5030	3201	4166	1439	349	591	3746	2719	1854	2971	5751	4226	5724	4018	2645	4371	2772	5612	3298	1677	1222	2486	3779	1075	5449	543	3765	5390	2434	2681	1350	3313	594	3121	4182	4201	163	1944	3344	
1673	1516	3522	857	3270	1925	1199	1207	3484	3917	3037	1874	1342	1165	2451	2170	2090	0	3194	2238	1437	1082	1186	3500	2868	1840	1627	779	1548	3956	1623	775	327	781	3394	1377	2053	3629	1255	2078	1972	1979	1500	1667	656	868	1629	3683	2280	3900	1975	960	2354	813	3678	1833	1159	1241	568	1704	1111	3359	2066	1723	3427	1164	884	743	1248	2394	1142	2151	2113	1979	382	1255	
4862	1877	4317	4023	2085	1352	3591	2050	4490	2190	1666	1414	4479	2135	2247	2646	5263	3194	0	2731	3388	3794	4364	325	1401	4257	2002	3329	4460	4523	1936	3772	2949	3019	4103	2502	1343	3916	2479	1276	4991	5100	4682	1709	2642	3793	2884	1326	1278	2877	1256	2746	973	2732	2302	2623	4121	4375	2788	1713	4300	598	5137	1874	2050	3551	2657	3934	1951	5472	2166	1698	1127	5137	3442	1991	
3526	1326	1693	2609	1382	2340	1573	2188	1811	2058	3711	2351	3404	2277	558	101	3974	2238	2731	0	1179	3314	2894	3033	1500	1932	1038	1670	3756	2018	2670	2191	1928	2781	1495	902	1522	1525	1041	1603	3033	3996	3426	1383	1686	2120	3384	2305	2789	1750	2246	2738	2552	1437	1719	3390	2336	2769	2382	1329	2910	2461	4141	1096	1570	1558	2586	2764	1964	4434	2294	1049	1848	3920	2142	1599	
2392	1546	2095	1516	2531	2516	405	2028	2047	3216	3887	2497	2342	2069	1649	1168	2833	1437	3388	1179	0	2478	1761	3712	2461	874	1386	674	2782	2538	2566	1092	1230	2171	1982	887	2045	2276	931	2114	1864	2892	2314	1701	1198	998	2957	3324	2978	2917	2483	2254	2871	913	2890	3079	1168	1614	1827	1685	1796	3294	3056	1515	2716	400	2125	1737	1886	3328	2068	1786	2297	2795	1185	1591	
1445	2430	4573	1268	4266	2443	2173	1770	4515	4883	3135	2381	942	1673	3489	3243	1689	1082	3794	3314	2478	0	1387	4063	3779	2681	2607	1804	672	5014	1906	1535	1386	776	4456	2436	2890	4707	2306	2891	2330	1421	1249	2550	1663	1657	1283	4531	2639	4943	2543	1052	2844	1880	4677	1610	1800	1578	1087	2601	1263	4090	1394	2679	4410	2148	1139	936	1935	1720	1640	3104	2850	1532	1297	2109	
633	2591	3697	343	4149	3111	1358	2392	3571	4828	4173	3061	694	2344	3270	2860	1080	1186	4364	2894	1761	1387	0	4675	3880	1536	2624	1249	1276	4153	2777	710	1417	1724	3632	2226	3156	3993	2151	3193	944	1140	563	2757	1738	774	2528	4732	3459	4644	3160	1998	3541	1739	4539	2810	639	219	1704	2782	123	4486	1321	2742	4324	1361	1978	523	2429	1572	2320	3146	3261	1034	932	2387	
5164	2201	4594	4334	2297	1626	3916	2339	4774	2317	1697	1686	4772	2418	2535	2950	5559	3500	325	3033	3712	4063	4675	0	1652	4581	2326	3651	4732	4783	2180	4090	3261	3292	4378	2826	1667	4171	2803	1600	5312	5388	4981	2033	2958	4113	3098	1418	1483	3056	1542	3012	1221	3054	2473	2819	4441	4689	3077	2037	4609	727	5419	2197	2240	3875	2930	4238	2253	5753	2449	2009	1449	5431	3755	2309	
4472	1360	2951	3546	739	1756	2775	2107	3144	1148	2816	1805	4205	2218	950	1439	4913	2868	1401	1500	2461	3779	3880	1652	0	3316	1259	2663	4374	3130	2343	3190	2551	3052	2735	1679	920	2520	1734	947	4277	4840	4325	1230	2213	3167	3302	868	2046	1577	1617	2867	1698	2144	1069	3159	3461	3822	2693	1181	3853	991	4934	1150	776	2744	2727	3575	1890	5260	2249	734	1109	4821	2970	1670	
2085	2398	2214	1455	3313	3315	727	2746	2059	3988	4648	3288	2224	2763	2457	1949	2475	1840	4257	1932	874	2681	1536	4581	3316	0	2257	1136	2777	2667	3270	1150	1773	2620	2184	1755	2914	2605	1783	2981	1198	2634	2081	2558	1881	1029	3468	4173	3764	3577	3298	2783	3694	1647	3642	3653	922	1326	2361	2547	1625	4168	2833	2386	3501	771	2683	1774	2644	3042	2755	2657	3154	2486	1474	2396	
3213	289	2720	2288	1660	1316	1614	1183	2812	2292	2707	1322	2954	1283	936	938	3655	1627	2002	1038	1386	2607	2624	2326	1259	2257	0	1429	3162	3057	1638	1943	1304	1945	2528	501	659	2551	504	730	3081	3587	3067	364	973	1929	2418	2108	1777	2363	1236	1831	1581	885	2070	2386	2236	2574	1552	325	2595	1942	3688	131	1807	1577	1679	2319	950	4011	1304	528	931	3563	1711	597	
1873	1463	2769	943	2900	2243	433	1625	2716	3580	3533	2209	1736	1634	2022	1627	2322	779	3329	1670	674	1804	1249	3651	2663	1136	1429	0	2130	3211	2140	539	642	1544	2655	989	2028	2930	931	2080	1667	2326	1761	1634	766	503	2367	3526	2674	3412	2246	1670	2646	597	3291	2530	809	1163	1242	1644	1249	3355	2471	1555	3076	394	1559	1103	1549	2765	1624	1933	2202	2258	514	1359	
1032	3015	4844	1331	4814	3109	2420	2424	4751	5453	3783	3048	601	2331	3998	3695	1130	1548	4460	3756	2782	672	1276	4732	4374	2777	3162	2130	0	5297	2578	1717	1875	1441	4752	2921	3507	5056	2802	3515	2130	811	879	3148	2192	1831	1899	5152	3311	5445	3206	1723	3514	2358	5223	2235	1855	1495	1712	3195	1168	4739	740	3247	4968	2406	1803	1050	2573	1055	2298	3676	3491	967	1624	2711	
4740	3344	457	3983	2557	4351	2877	4184	641	2930	5702	4365	4808	4266	2328	2119	5141	3956	4523	2018	2538	5014	4153	4783	3130	2667	3057	3211	5297	0	4682	3581	3704	4635	563	2836	3490	619	2972	3569	3818	5282	4714	3398	3554	3469	5332	3650	4792	2109	4251	4653	4531	3264	2583	5374	3514	3960	4254	3343	4220	4099	5472	3111	2681	2893	4506	4247	3968	5700	4279	2983	3818	5145	3723	3603	
3151	1349	4323	2468	3013	631	2545	538	4384	3486	1417	570	2704	507	2521	2570	3500	1623	1936	2670	2566	1906	2777	2180	2343	3270	1638	2140	2578	4682	0	2374	1532	1158	4141	1881	1453	4189	1760	1407	3595	3286	2955	1336	1392	2446	988	2904	734	3825	765	862	964	1656	3394	816	2762	2858	1074	1398	2684	2329	3289	1610	3100	2502	821	2274	720	3620	515	1898	1239	3358	1979	1081	
1338	1941	3128	425	3440	2595	708	1911	3036	4119	3790	2552	1250	1891	2560	2153	1787	775	3772	2191	1092	1535	710	4090	3190	1150	1943	539	1717	3581	2374	0	864	1523	3039	1524	2510	3362	1456	2555	1242	1810	1236	2111	1134	122	2379	4049	2991	3939	2621	1731	3016	1069	3829	2602	388	632	1342	2129	719	3843	1967	2065	3615	699	1660	669	1894	2248	1873	2458	2650	1729	397	1781	
1952	1207	3279	1075	2943	1734	1073	1050	3261	3591	2943	1690	1654	1036	2125	1857	2381	327	2949	1928	1230	1386	1417	3261	2551	1773	1304	642	1875	3704	1532	864	0	942	3141	1055	1758	3351	930	1788	2105	2290	1790	1365	339	921	1736	3374	2128	3575	1766	1034	2157	494	3351	1888	1246	1431	604	1398	1360	3078	2385	1403	3100	1033	918	1032	1035	2710	1021	1829	1845	2279	496	973	
2016	1731	4216	1464	3586	1668	1972	998	4202	4177	2482	1607	1552	898	2866	2698	2347	781	3019	2781	2171	776	1724	3292	3052	2620	1945	1544	1441	4635	1158	1523	942	0	4072	1880	2146	4256	1740	2140	2624	2128	1817	1831	1099	1628	857	3776	1890	4307	1767	299	2075	1376	3995	1097	1887	1850	401	1887	1615	3317	2136	1997	3718	1935	363	1201	1176	2469	865	2409	2083	2202	1150	1396	
4231	2813	216	3448	2246	3835	2332	3636	454	2722	5202	3845	4275	3715	1867	1596	4643	3394	4103	1495	1982	4456	3632	4378	2735	2184	2528	2655	4752	563	4141	3039	3141	4072	0	2282	2998	502	2417	3079	3363	4768	4195	2877	2992	2930	4773	3345	4283	1975	3741	4091	4037	2702	2354	4821	2995	3445	3692	2824	3694	3722	4953	2590	2395	2346	3946	3703	3424	5192	3728	2501	3327	4639	3167	3060	
2839	674	2454	1904	1935	1698	1121	1361	2504	2606	3093	1689	2635	1435	1081	819	3287	1377	2502	902	887	2436	2226	2826	1679	1755	501	989	2921	2836	1881	1524	1055	1880	2282	0	1159	2399	140	1227	2607	3255	2709	819	787	1491	2504	2545	2165	2524	1644	1843	2018	563	2335	2539	1782	2151	1480	800	2213	2434	3377	632	2104	1085	1692	1989	1162	3689	1447	957	1413	3209	1359	810	
3710	569	3204	2814	1560	926	2258	1187	3332	2066	2214	960	3393	1299	1178	1425	4138	2053	1343	1522	2045	2890	3156	1667	920	2914	659	2028	3507	3490	1453	2510	1758	2146	2998	1159	0	2930	1142	81	3695	4030	3547	400	1423	2514	2390	1646	1320	2376	801	1950	1041	1443	1945	2267	2835	3134	1803	385	3111	1333	4105	532	1652	2219	1813	2788	975	4437	1330	511	329	4032	2224	803	
4607	2840	641	3781	1938	3816	2656	3713	919	2331	5143	3835	4611	3802	1755	1622	5030	3629	3916	1525	2276	4707	3993	4171	2520	2605	2551	2930	5056	619	4189	3362	3351	4256	502	2399	2930	0	2539	3008	3799	5133	4556	2876	3159	3260	4901	3033	4245	1536	3709	4241	3968	2882	1976	4915	3362	3817	3863	2817	4045	3483	5310	2590	2064	2663	4091	4013	3488	5563	3818	2420	3256	5015	3443	3123	
2755	616	2587	1822	2033	1608	1117	1234	2630	2698	2998	1595	2533	1305	1196	958	3201	1255	2479	1041	931	2306	2151	2803	1734	1783	504	931	2802	2972	1760	1456	930	1740	2417	140	1142	2539	0	1204	2577	3158	2619	775	651	1434	2365	2595	2074	2645	1563	1703	1945	447	2437	2404	1736	2087	1341	766	2131	2445	3275	634	2199	1078	1552	1889	1042	3590	1315	1003	1371	3119	1263	700	
3740	617	3285	2850	1607	862	2319	1169	3413	2094	2135	900	3415	1280	1254	1506	4166	2078	1276	1603	2114	2891	3193	1600	947	2981	730	2080	3515	3569	1407	2555	1788	2140	3079	1227	81	3008	1204	0	3747	4051	3575	446	1456	2562	2356	1640	1246	2429	734	1935	962	1491	1987	2224	2884	3176	1807	440	3145	1293	4122	605	1693	2279	1802	2816	965	4455	1312	588	249	4057	2260	823	
1168	3130	3373	1160	4395	3837	1506	3150	3189	5079	5009	3794	1531	3123	3512	3030	1439	1972	4991	3033	1864	2330	944	5312	4277	1198	3081	1667	2130	3818	3595	1242	2105	2624	3363	2607	3695	3799	2577	3747	0	1692	1265	3301	2368	1202	3452	5146	4230	4739	3862	2879	4258	2260	4751	3720	871	777	2534	3310	1067	5018	1909	3210	4580	1535	2835	1447	3136	2033	3104	3563	3864	1503	1622	3006	
552	3494	4826	1387	5190	3765	2492	3051	4689	5856	4555	3706	637	2971	4329	3953	349	1979	5100	3996	2892	1421	1140	5388	4840	2634	3587	2326	811	5282	3286	1810	2290	2128	4768	3255	4030	5133	3158	4051	1692	0	578	3645	2628	1895	2692	5661	4017	5737	3847	2424	4185	2718	5590	3025	1774	1323	2312	3683	1096	5320	218	3691	5357	2492	2476	1270	3162	439	2940	4115	4066	207	1896	3228	
200	2997	4258	817	4643	3375	1914	2650	4127	5315	4297	3319	312	2583	3774	3386	591	1500	4682	3426	2314	1249	563	4981	4325	2081	3067	1761	879	4714	2955	1236	1790	1817	4195	2709	3547	4556	2619	3575	1265	578	0	3155	2128	1318	2514	5161	3672	5172	3443	2113	3803	2186	5040	2829	1201	757	1917	3187	519	4859	758	3176	4813	1914	2134	759	2731	1014	2554	3594	3613	500	1358	2753	
3315	171	3073	2415	1770	958	1882	945	3171	2345	2344	968	3008	1054	1186	1281	3746	1667	1709	1383	1701	2550	2757	2033	1230	2558	364	1634	3148	3398	1336	2111	1365	1831	2877	819	400	2876	775	446	3301	3645	3155	0	1027	2116	2189	2017	1415	2539	873	1669	1218	1045	2175	2119	2438	2734	1465	64	2713	1733	3727	287	1893	1842	1523	2396	710	4057	1081	596	597	3642	1825	440	
2288	869	3146	1395	2623	1484	1155	865	3155	3264	2770	1447	1992	886	1826	1606	2719	656	2642	1686	1198	1663	1738	2958	2213	1881	973	766	2192	3554	1392	1134	339	1099	2992	787	1423	3159	651	1456	2368	2628	2128	1027	0	1166	1792	3036	1908	3279	1497	1100	1895	297	3032	1887	1498	1734	705	1060	1689	2748	2721	1067	2776	1111	958	1370	785	3047	881	1495	1526	2617	807	652	
1406	1945	3015	521	3391	2641	604	1971	2920	4073	3861	2601	1351	1956	2508	2087	1854	868	3793	2120	998	1657	774	4113	3167	1029	1929	503	1831	3469	2446	122	921	1628	2930	1491	2514	3260	1434	2562	1202	1895	1318	2116	1166	0	2485	4029	3047	3870	2662	1828	3059	1071	3777	2701	331	664	1429	2130	799	3845	2058	2054	3569	600	1750	785	1940	2332	1939	2436	2668	1804	486	1804	
2714	2149	4934	2298	3939	1618	2800	1245	4947	4449	1898	1558	2216	1139	3349	3291	2971	1629	2884	3384	2957	1283	2528	3098	3302	3468	2418	2367	1899	5332	988	2379	1736	857	4773	2504	2390	4901	2365	2356	3452	2692	2514	2189	1792	2485	0	3891	1615	4728	1753	703	1916	2089	4333	337	2741	2675	1132	2253	2412	3310	2640	2428	4041	2761	836	2009	1482	2948	1116	2782	2212	2813	2005	1821	
5314	2168	3558	4395	1100	2275	3643	2789	3784	908	2981	2334	5024	2897	1748	2258	5751	3683	1326	2305	3324	4531	4732	1418	868	4173	2108	3526	5152	3650	2904	4049	3374	3776	3345	2545	1646	3033	2595	1640	5146	5661	5161	2017	3036	4029	3891	0	2419	1708	2138	3557	2059	2992	1128	3693	4327	4681	3446	1978	4700	728	5744	1990	970	3612	3430	4405	2600	6074	2930	1593	1705	5652	3813	2445	
3866	1512	4482	3137	2775	467	3040	1080	4586	3130	931	481	3429	1116	2497	2688	4226	2280	1278	2789	2978	2639	3459	1483	2046	3764	1777	2674	3311	4792	734	2991	2128	1890	4283	2165	1320	4245	2074	1246	4230	4017	3672	1415	1908	3047	1615	2419	0	3614	543	1595	362	2118	3113	1345	3374	3521	1765	1464	3373	1761	4023	1697	2821	2997	1545	2971	1125	4354	1139	1830	1004	4086	2609	1386	
5275	2599	2158	4354	840	3287	3318	3485	2426	855	4390	3328	5135	3594	1453	1786	5724	3900	2877	1750	2917	4943	4644	3056	1577	3577	2363	3412	5445	2109	3825	3939	3575	4307	1975	2524	2376	1536	2645	2429	4739	5737	5172	2539	3279	3870	4728	1708	3614	0	3152	4188	3272	3088	585	4635	4083	4519	3913	2477	4657	2328	5876	2321	829	3305	4037	4490	3249	6175	3620	1946	2638	5667	3861	2938	
3628	979	3939	2824	2321	140	2583	797	4043	2747	1470	196	3230	879	1968	2145	4018	1975	1256	2246	2483	2543	3160	1542	1617	3298	1236	2246	3206	4251	765	2621	1766	1767	3741	1644	801	3709	1563	734	3862	3847	3443	873	1497	2662	1753	2138	543	3152	0	1502	400	1664	2683	1564	2993	3193	1536	921	3087	1579	3881	1155	2388	2540	1404	2705	732	4216	911	1304	514	3890	2261	903	
2312	1590	4246	1721	3438	1395	2103	769	4252	4004	2190	1333	1850	660	2766	2649	2645	960	2746	2738	2254	1052	1998	3012	2867	2783	1831	1670	1723	4653	862	1731	1034	299	4091	1843	1950	4241	1703	1935	2879	2424	2113	1669	1100	1828	703	3557	1595	4188	1502	0	1792	1395	3843	874	2108	2112	430	1728	1893	3068	2428	1866	3561	2064	153	1478	976	2760	627	2260	1854	2501	1342	1250	
3991	1344	4241	3208	2432	430	2981	1155	4361	2771	1175	484	3578	1221	2214	2453	4371	2354	973	2552	2871	2844	3541	1221	1698	3694	1581	2646	3514	4531	964	3016	2157	2075	4037	2018	1041	3968	1945	962	4258	4185	3803	1218	1895	3059	1916	2059	362	3272	400	1792	0	2063	2761	1671	3390	3581	1886	1257	3464	1414	4208	1484	2471	2938	1716	3075	1123	4542	1250	1549	713	4238	2651	1300	
2329	874	2853	1403	2478	1672	923	1120	2858	3139	3005	1643	2090	1156	1641	1363	2772	813	2732	1437	913	1880	1739	3054	2144	1647	885	597	2358	3264	1656	1069	494	1376	2702	563	1443	2882	447	1491	2260	2718	2186	1045	297	1071	2089	2992	2118	3088	1664	1395	2063	0	2883	2182	1394	1698	990	1061	1710	2775	2830	1002	2642	880	1254	1447	999	3147	1155	1411	1605	2684	828	767	
5162	2264	2556	4228	410	2821	3272	3107	2806	375	3850	2868	4969	3218	1269	1721	5612	3678	2302	1719	2890	4677	4539	2473	1069	3642	2070	3291	5223	2583	3394	3829	3351	3995	2354	2335	1945	1976	2437	1987	4751	5590	5040	2175	3032	3777	4333	1128	3113	585	2683	3843	2761	2883	0	4210	4024	4439	3612	2116	4537	1746	5711	2001	295	3251	3697	4324	2878	6024	3247	1586	2171	5540	3695	2601	
3029	2104	4991	2560	3827	1424	2961	1204	5023	4301	1562	1369	2535	1113	3300	3293	3298	1833	2623	3390	3079	1610	2810	2819	3159	3653	2386	2530	2235	5374	816	2602	1888	1097	4821	2539	2267	4915	2404	2224	3720	3025	2829	2119	1887	2701	337	3693	1345	4635	1564	874	1671	2182	4210	0	2975	2945	1292	2182	2697	3082	2975	2378	3916	2921	971	2287	1436	3285	1097	2698	2053	3142	2215	1796	
1246	2267	3058	541	3648	2972	765	2296	2934	4333	4178	2930	1310	2277	2761	2314	1677	1159	4121	2336	1168	1800	639	4441	3461	922	2236	809	1855	3514	2762	388	1246	1887	2995	1782	2835	3362	1736	2884	871	1774	1201	2438	1498	331	2741	4327	3374	4083	2993	2108	3390	1394	4024	2975	0	456	1726	2450	712	4163	1959	2364	3829	779	2042	870	2270	2201	2260	2735	2995	1654	785	2135	
790	2565	3503	392	4055	3154	1209	2445	3370	4737	4266	3106	912	2406	3170	2741	1222	1241	4375	2769	1614	1578	219	4689	3822	1326	2574	1163	1495	3960	2858	632	1431	1850	3445	2151	3134	3817	2087	3176	777	1323	757	2734	1734	664	2675	4681	3521	4519	3193	2112	3581	1698	4439	2945	456	0	1787	2755	332	4467	1514	2696	4232	1218	2077	671	2461	1747	2384	3089	3260	1198	935	2386	
2107	1352	3841	1396	3203	1460	1674	739	3838	3805	2479	1403	1695	665	2468	2298	2486	568	2788	2382	1827	1087	1704	3077	2693	2361	1552	1242	1712	4254	1074	1342	604	401	3692	1480	1803	3863	1341	1807	2534	2312	1917	1465	705	1429	1132	3446	1765	3913	1536	430	1886	990	3612	1292	1726	1787	0	1517	1612	3031	2354	1612	3340	1634	323	1207	863	2690	637	2030	1780	2355	945	1025	
3346	191	3020	2441	1710	1011	1880	1008	3122	2290	2391	1023	3046	1117	1123	1228	3779	1704	1713	1329	1685	2601	2782	2037	1181	2547	325	1644	3195	3343	1398	2129	1398	1887	2824	800	385	2817	766	440	3310	3683	3187	64	1060	2130	2253	1978	1464	2477	921	1728	1257	1061	2116	2182	2450	2755	1517	0	2741	1715	3767	234	1834	1840	1581	2430	773	4097	1144	534	613	3676	1852	493	
626	2549	3764	310	4143	3034	1397	2312	3645	4819	4074	2982	599	2260	3269	2871	1075	1111	4300	2910	1796	1263	123	4609	3853	1625	2595	1249	1168	4220	2684	719	1360	1615	3694	2213	3111	4045	2131	3145	1067	1096	519	2713	1689	799	2412	4700	3373	4657	3087	1893	3464	1710	4537	2697	712	332	1612	2741	0	4437	1265	2710	4316	1396	1878	415	2359	1533	2235	3120	3205	1011	889	2333	
5028	1902	3938	4143	1581	1704	3554	2320	4134	1603	2258	1766	4687	2419	1927	2390	5449	3359	598	2461	3294	4090	4486	727	991	4168	1942	3355	4739	4099	2329	3843	3078	3317	3722	2434	1333	3483	2445	1293	5018	5320	4859	1733	2748	3845	3310	728	1761	2328	1579	3068	1414	2775	1746	3082	4163	4467	3031	1715	4437	0	5379	1811	1515	3517	2958	4101	2169	5714	2452	1514	1254	5335	3553	2107	
760	3580	5016	1543	5308	3793	2660	3088	4884	5968	4521	3733	742	3002	4456	4094	543	2066	5137	4141	3056	1394	1321	5419	4934	2833	3688	2471	740	5472	3289	1967	2385	2136	4953	3377	4105	5310	3275	4122	1909	218	758	3727	2721	2058	2640	5744	4023	5876	3881	2428	4208	2830	5711	2975	1959	1514	2354	3767	1265	5379	0	3788	5472	2658	2492	1389	3213	335	2971	4215	4125	420	2019	3302	
3326	280	2787	2404	1591	1244	1745	1185	2889	2207	2624	1255	3056	1289	923	994	3765	1723	1874	1096	1515	2679	2742	2197	1150	2386	131	1555	3247	3111	1610	2065	1403	1997	2590	632	532	2590	634	605	3210	3691	3176	287	1067	2054	2428	1990	1697	2321	1155	1866	1484	1002	2001	2378	2364	2696	1612	234	2710	1811	3788	0	1731	1708	1716	2426	948	4113	1313	429	816	3671	1823	617	
4942	1989	2604	4006	188	2527	3086	2819	2840	505	3570	2573	4731	2931	1070	1556	5390	3427	2050	1570	2716	4410	4324	2240	776	3501	1807	3076	4968	2681	3100	3615	3100	3718	2395	2104	1652	2064	2199	1693	4580	5357	4813	1893	2776	3569	4041	970	2821	829	2388	3561	2471	2642	295	3916	3829	4232	3340	1834	4316	1515	5472	1731	0	3063	3415	4088	2592	5788	2960	1309	1877	5314	3461	2323	
1992	1675	2443	1120	2880	2551	44	1976	2369	3566	3877	2523	1948	1995	1993	1537	2434	1164	3551	1558	400	2148	1361	3875	2744	771	1577	394	2406	2893	2502	699	1033	1935	2346	1085	2219	2663	1078	2279	1535	2492	1914	1842	1111	600	2761	3612	2997	3305	2540	2064	2938	880	3251	2921	779	1218	1634	1840	1396	3517	2658	1708	3063	0	1951	1357	1875	2928	1988	2036	2432	2395	854	1638	
2330	1440	4103	1685	3291	1306	1991	643	4112	3862	2196	1245	1884	539	2613	2497	2681	884	2657	2586	2125	1139	1978	2930	2727	2683	1679	1559	1803	4506	821	1660	918	363	3946	1692	1813	4091	1552	1802	2835	2476	2134	1523	958	1750	836	3430	1545	4037	1404	153	1716	1254	3697	971	2042	2077	323	1581	1878	2958	2492	1716	3415	1951	0	1465	839	2826	506	2112	1731	2541	1265	1100	
929	2239	3795	333	3922	2646	1371	1921	3705	4586	3660	2592	646	1863	3067	2713	1350	743	3934	2764	1737	936	523	4238	3575	1774	2319	1103	1050	4247	2274	669	1032	1201	3703	1989	2788	4013	1889	2816	1447	1270	759	2396	1370	785	2009	4405	2971	4490	2705	1478	3075	1447	4324	2287	870	671	1207	2430	415	4101	1389	2426	4088	1357	1465	0	1985	1701	1836	2847	2856	1247	631	1994	
2912	671	3605	2093	2477	702	1919	237	3664	3029	2007	662	2535	344	1871	1866	3313	1248	1951	1964	1886	1935	2429	2253	1890	2644	950	1549	2573	3968	720	1894	1035	1176	3424	1162	975	3488	1042	965	3136	3162	2731	710	785	1940	1482	2600	1125	3249	732	976	1123	999	2878	1436	2270	2461	863	773	2359	2169	3213	948	2592	1875	839	1985	0	3548	371	1306	918	3191	1529	365	
960	3909	5244	1826	5622	4128	2928	3423	5100	6286	4837	4068	1058	3337	4764	4391	594	2394	5472	4434	3328	1720	1572	5753	5260	3042	4011	2765	1055	5700	3620	2248	2710	2469	5192	3689	4437	5563	3590	4455	2033	439	1014	4057	3047	2332	2948	6074	4354	6175	4216	2760	4542	3147	6024	3285	2201	1747	2690	4097	1533	5714	335	4113	5788	2928	2826	1701	3548	0	3306	4538	4460	556	2329	3634	
2744	1034	3901	1998	2847	826	2032	143	3943	3392	1922	768	2329	33	2234	2197	3121	1142	2166	2294	2068	1640	2320	2449	2249	2755	1304	1624	2298	4279	515	1873	1021	865	3728	1447	1330	3818	1315	1312	3104	2940	2554	1081	881	1939	1116	2930	1139	3620	911	627	1250	1155	3247	1097	2260	2384	637	1144	2235	2452	2971	1313	2960	1988	506	1836	371	3306	0	1677	1228	2989	1482	707	
3740	679	2709	2812	1179	1422	2070	1540	2849	1780	2723	1450	3481	1650	667	958	4182	2151	1698	1049	1786	3104	3146	2009	734	2657	528	1933	3676	2983	1898	2458	1829	2409	2501	957	511	2420	1003	588	3563	4115	3594	596	1495	2436	2782	1593	1830	1946	1304	2260	1549	1411	1586	2698	2735	3089	2030	534	3120	1514	4215	429	1309	2036	2112	2847	1306	4538	1677	0	836	4091	2238	1015	
3785	758	3532	2919	1807	651	2473	1088	3658	2248	1887	697	3434	1195	1502	1750	4201	2113	1127	1848	2297	2850	3261	1449	1109	3154	931	2202	3491	3818	1239	2650	1845	2083	3327	1413	329	3256	1371	249	3864	4066	3613	597	1526	2668	2212	1705	1004	2638	514	1854	713	1605	2171	2053	2995	3260	1780	613	3205	1254	4125	816	1877	2432	1731	2856	918	4460	1228	836	0	4085	2332	875	
408	3486	4690	1315	5144	3814	2391	3093	4545	5815	4656	3756	660	3019	4274	3882	163	1979	5137	3920	2795	1532	1034	5431	4821	2486	3563	2258	967	5145	3358	1729	2279	2202	4639	3209	4032	5015	3119	4057	1503	207	500	3642	2617	1804	2813	5652	4086	5667	3890	2501	4238	2684	5540	3142	1654	1198	2355	3676	1011	5335	420	3671	5314	2395	2541	1247	3191	556	2989	4091	4085	0	1857	3234	
1503	1661	3279	590	3294	2225	882	1528	3218	3961	3396	2180	1277	1501	2436	2088	1944	382	3442	2142	1185	1297	932	3755	2970	1474	1711	514	1624	3723	1979	397	496	1150	3167	1359	2224	3443	1263	2260	1622	1896	1358	1825	807	486	2005	3813	2609	3861	2261	1342	2651	828	3695	2215	785	935	945	1852	889	3553	2019	1823	3461	854	1265	631	1529	2329	1482	2238	2332	1857	0	1457	
2921	340	3242	2044	2193	925	1681	591	3306	2783	2302	906	2592	687	1530	1501	3344	1255	1991	1599	1591	2109	2387	2309	1670	2396	597	1359	2711	3603	1081	1781	973	1396	3060	810	803	3123	700	823	3006	3228	2753	440	652	1804	1821	2445	1386	2938	903	1250	1300	767	2601	1796	2135	2386	1025	493	2333	2107	3302	617	2323	1638	1100	1994	365	3634	707	1015	875	3234	1457	0	


0	 CF145AD	 0 	 0 	 540  	 1080  	 0  	 0 

1	 CF141DN	 1 	 3 	 660  	 900  	 7  	 3 
2	 CF244JA 	 1 	 10 	 540  	 780  	 7  	 3 
3	 CF145GR 	 1 	 9 	 600  	 840  	 9  	 4 
4	 CF52ED 	 1 	 8 	 720  	 960  	 9  	 4 
5	 CF142TZ 	 1 	 10 	 720  	 960  	 8  	 4 
6	 CF144JU 	 1 	 5 	 540  	 780  	 5  	 2 
7	 CF141AY 	 0 	 10 	 660  	 900  	 7  	 3 
8	 CF244QT 	 1 	 9 	 720  	 960  	 5  	 2 
9	 CF52JF 	 1 	 10 	 540  	 780  	 6  	 3 
10	 CF147ZB 	 1 	 7 	 720  	 960  	 10  	 5 
11	 CF142TQ 	 1 	 1 	 540  	 780  	 5  	 2 
12	 CF145JT 	 1 	 9 	 660  	 900  	 9  	 4 
13	 CF141BJ 	 1 	 8 	 540  	 780  	 7  	 3 
14	 CF142SQ 	 1 	 10 	 720  	 960  	 10  	 5 
15	 CF143HW 1 	 4 	 600  	 840  	 7  	 3 
16	 CF149DL 	 0 	 15 	 660  	 900  	 5  	 2 
17	 CF146LY 	 1 	 7 	 660  	 900  	 6  	 3 
18	 CF52RN 	 1 	 7 	 720  	 960  	 6  	 3 
19	 CF143HQ	 0 	 10 	 600  	 840  	 8  	 4 
20	 CF144BP 	 1 	 1 	 720  	 960  	 5  	 2 
21	 CF146QD	 0 	 2 	 540  	 780  	 5  	 2 
22	 CF145EF 	 1 	 10 	 660  	 900  	 6  	 3 
23	 CF52PY 	 1 	 4 	 600  	 840  	 7  	 3 
24	 CF142JJ 	 1 	 8 	 720  	 960  	 8  	 4 
25	 CF143RJ 	 1 	 9 	 720  	 960  	 5  	 2 
26	 CF141JE 	 1 	 5 	 540  	 780  	 8  	 4 
27	 CF144NP	 1 	 4 	 720  	 960  	 7  	 3 
28	 CF149AG	 1 	 4 	 720  	 960  	 8  	 4 
29	 CF244EF 	 1 	 5 	 720  	 960  	 6  	 3 
30	 CF147BT 	 1 	 3 	 660  	 900  	 5  	 2 
31	 CF145DR 	 1 	 7 	 720  	 960  	 7  	 3 
32	 CF146AQ	 1 	 8 	 720  	 960  	 10  	 5 
33	 CF146LD 	 1 	 1 	 720  	 960  	 10  	 5 
34	 CF244LW	 1 	 4 	 540  	 780  	 6  	 3 
35	 CF141RZ 	 1 	 8 	 660  	 900  	 6  	 3 
36	 CF141PF 	 1 	 6 	 600  	 840  	 5  	 2 
37	 CF103DX 	 1 	 7 	 660  	 900  	 7  	 3 
38	 CF141RE 	 0 	 4 	 600  	 840  	 5  	 2 
39	 CF141NA	 1 	 1 	 660  	 900  	 9  	 4 
40	 CF140NS 	 1 	 9 	 660  	 900  	 7  	 3 
41	 CF149HG	 1 	 10 	 660  	 900  	 7  	 3 
42	 CF145AN	 1 	 6 	 660  	 900  	 10  	 5 
43	 CF141EH 	 1 	 9 	 720  	 960  	 8  	 4 
44	 CF146BL 	 1 	 2 	 600  	 840  	 9  	 4 
45	 CF143XZ 	 1 	 5 	 600  	 840  	 8  	 4 
46	 CF147TR 	 1 	 7 	 660  	 900  	 6  	 3 
47	 CF52NT 	 1 	 9 	 660  	 900  	 7  	 3 
48	 CF147JN 	 1 	 7 	 660  	 900  	 10  	 5 
49	 CF51EA 	 1 	 5 	 600  	 840  	 8  	 4 
50	 CF142DA	 1 	 3 	 720  	 960  	 7  	 3 
51	 CF146HY 	 1 	 10 	 600  	 840  	 7  	 3 
52	 CF142TB 	 1 	 6 	 540  	 780  	 8  	 4 
53	 CF141UF 	 1 	 9 	 660  	 900  	 8  	 4 
54	 CF52BP 	 0 	 2 	 660  	 900  	 5  	 2 
55	 CF147HH	 1 	 5 	 540  	 780  	 10  	 5 
56	 CF145GL 	 1 	 10 	 600  	 840  	 5  	 2 
57	 CF145DZ 	 1 	 6 	 540  	 780  	 8  	 4 
58	 CF146EB 	 1 	 6 	 540  	 780  	 9  	 4 
59	 CF141DS 	 1 	 6 	 540  	 780  	 7  	 3 
60	 CF145BY 	 0 	 9 	 600  	 840  	 8  	 4 
61	 CF52QP 	 1 	 7 	 720  	 960  	 9  	 4 
62	 CF149EJ 	 1 	 5 	 720  	 960  	 5  	 2 
63	 CF141NU	 1 	 4 	 720  	 960  	 7  	 3 
64	 CF52DZ 	 1 	 9 	 660  	 900  	 10  	 5 
65	 CF144JR 	 1 	 7 	 600  	 840  	 7  	 3 
66	 CF146HQ	 1 	 3 	 660  	 900  	 7  	 3 
67	 CF145HD	 1 	 10 	 540  	 780  	 5  	 2 
68	 CF147AS 	 1 	 6 	 540  	 780  	 6  	 3 
69	 CF149FH 	 1 	 2 	 720  	 960  	 9  	 4 
70	 CF141BP 	 1 	 5 	 540  	 780  	 10  	 5 
71	 CF142PF 	 1 	 10 	 720  	 960  	 10  	 5 
72	 CF142AW	 1 	 2 	 600  	 840  	 10  	 5 
73	 CF149DE 	 1 	 7 	 660  	 900  	 7  	 3 
74	 CF144NG	 1 	 5 	 600  	 840  	 7  	 3 
75	 CF141AQ	 0 	 13 	 660  	 900  	 7  	 3 
