75

1200
32
10
500

0	2645	2823	1088	1017	2503	1950	1009	2080	2190	1712	2096	2703	2132	1763	1114	1787	2483	3444	1337	2119	2348	1435	1395	2319	3180	2488	1110	1287	1163	2208	1072	2929	1432	2128	942	951	3367	1626	1280	1203	2418	1850	3011	3485	2127	2265	1423	866	1500	2628	2096	3858	1958	3571	2046	2906	213	680	505	493	452	2150	3850	3450	1504	2230	2770	1138	3921	2286	1298	1792	2896	2245	547	
2645	0	4743	3160	2776	201	4569	3598	2119	3269	3658	4159	243	4738	4138	3480	4252	4801	2492	2458	4117	2528	3375	3824	2841	3085	5039	3753	2583	2893	4089	3353	632	2994	3260	3395	2161	3474	4243	3671	1921	5056	3964	377	2861	3804	4842	2927	2734	1401	5066	3370	3555	4303	2977	2742	365	2432	3306	3016	3003	2781	4752	3216	4492	3901	4842	3001	1913	3474	4636	3915	3380	5475	3761	2291	
2823	4743	0	1773	3758	4547	2890	2865	2832	1653	1151	731	4910	2001	1282	3348	3422	918	3815	2286	705	2610	3927	1586	2253	2887	3478	2546	2165	1908	664	1753	4673	1756	1623	1939	3764	2704	2825	1624	2841	2400	978	5105	3513	947	3259	1820	2157	4128	3920	1470	3325	3748	3514	2177	4832	2945	2388	2335	3001	2395	1972	3669	1550	1473	2058	2496	2865	3506	3918	2119	1363	3579	1049	3355	
1088	3160	1773	0	2087	2978	2130	1537	1738	1272	632	1073	3290	1790	995	1912	2322	1642	3091	882	1071	1807	2400	747	1622	2532	2777	1359	742	361	1132	280	3241	535	1201	522	2003	2611	1882	590	1261	2209	842	3535	2991	1042	2527	576	427	2367	3077	1118	3186	2595	3051	1365	3324	1182	913	668	1393	640	1791	3303	2410	787	1899	2075	1254	3294	2871	1158	752	3085	1177	1596	
1017	2776	3758	2087	0	2697	2057	1176	2918	3199	2694	3027	2744	2632	2580	814	1553	3278	4200	2294	3067	3249	612	2218	3274	4090	2371	1490	2268	2179	3177	2019	3235	2448	3138	1820	619	4316	1759	2145	1999	2771	2781	3090	4314	3130	2218	2436	1879	1381	2318	3112	4763	1544	4412	3007	3109	1015	1390	1439	766	1465	2660	4696	4466	2335	2707	3709	1923	4804	1869	1879	2807	2822	3257	708	
2503	201	4547	2978	2697	0	4439	3471	1920	3069	3468	3969	423	4579	3961	3376	4145	4618	2344	2263	3925	2331	3302	3651	2642	2902	4924	3613	2390	2705	3894	3177	585	2800	3060	3227	2078	3289	4113	3497	1732	4906	3777	560	2699	3608	4722	2733	2553	1340	4967	3170	3386	4210	2816	2541	415	2291	3156	2857	2879	2617	4592	3061	4293	3726	4684	2808	1727	3312	4545	3760	3184	5355	3563	2176	
1950	4569	2890	2130	2057	4439	0	974	3794	3345	2355	2323	4602	966	1674	1248	706	2047	5179	2929	2424	3925	1747	1546	3751	4661	653	862	2810	2469	2614	1860	4879	2663	3274	1611	2536	4717	326	1640	3055	827	2165	4926	5113	2809	405	2706	2336	3287	1039	3154	5308	1005	5177	3495	4847	2156	1381	1740	1570	1996	1001	5432	4197	1608	967	4202	3005	5422	1066	982	2756	974	3023	2293	
1009	3598	2865	1537	1176	3471	974	0	3002	2808	1988	2167	3628	1461	1595	495	819	2227	4388	2173	2238	3204	1096	1284	3096	3999	1479	344	2078	1805	2394	1329	3925	2050	2738	1058	1580	4122	648	1280	2181	1603	1942	3953	4380	2467	1259	2073	1590	2318	1643	2654	4670	1062	4456	2825	3881	1205	626	951	596	1172	1491	4726	3888	1394	1532	3557	2122	4758	1358	781	2273	1893	2649	1319	
2080	2119	2832	1738	2918	1920	3794	3002	0	1214	1945	2413	2336	3526	2661	3193	3819	3160	1389	869	2335	434	3461	2478	722	1215	4416	2951	1001	1377	2240	2015	1890	1291	1225	2212	2457	1525	3508	2326	919	3947	2294	2434	1407	1897	4172	1224	1458	2227	4642	1366	1865	4024	1499	667	2104	1965	2431	2072	2572	1832	3525	1781	2373	2501	3634	950	995	1889	4343	2863	1529	4767	1787	2211	
2190	3269	1653	1272	3199	3069	3345	2808	1214	0	1049	1387	3467	2801	1845	3162	3592	2148	2202	997	1286	958	3604	1819	604	1392	3999	2623	963	1039	1139	1509	3099	773	71	1779	2938	1377	3126	1708	1542	3251	1363	3607	1963	778	3749	770	1326	3011	4329	219	1987	3867	1991	547	3297	2191	2183	1899	2598	1767	2789	2201	1339	1786	2901	939	1599	2125	4141	2365	597	4265	609	2573	
1712	3658	1151	632	2694	3468	2355	1988	1945	1049	0	502	3809	1752	796	2422	2700	1217	3174	1223	465	1868	2955	809	1581	2437	3006	1732	1086	773	501	688	3659	686	983	939	2635	2417	2173	736	1738	2203	350	4028	2985	480	2759	757	1006	2977	3371	837	3035	3002	3023	1389	3783	1814	1406	1255	1968	1268	1740	3243	1904	755	1851	1979	1752	3174	3242	1395	465	3242	676	2227	
2096	4159	731	1073	3027	3969	2323	2167	2413	1387	502	0	4309	1553	649	2640	2783	764	3579	1723	113	2290	3210	884	1971	2766	2951	1862	1587	1270	309	1024	4158	1184	1332	1209	3042	2683	2206	902	2238	1997	247	4529	3350	625	2715	1254	1481	3439	3361	1170	3313	3102	3375	1816	4285	2226	1663	1605	2272	1676	1532	3575	1883	779	1637	2323	2251	3470	3302	1455	886	3123	840	2632	
2703	243	4910	3290	2744	423	4602	3628	2336	3467	3809	4309	0	4819	4257	3478	4250	4932	2734	2625	4272	2751	3331	3932	3056	3323	5049	3803	2745	3039	4252	3470	848	3155	3455	3494	2140	3711	4276	3782	2073	5121	4107	349	3104	3977	4859	3090	2863	1364	5053	3559	3797	4284	3221	2947	544	2490	3375	3101	3032	2875	4834	3459	4707	4014	4921	3230	2058	3717	4612	3990	3551	5489	3944	2311	
2132	4738	2001	1790	2632	4579	966	1461	3526	2801	1752	1553	4819	0	960	1916	1628	1111	4857	2672	1665	3552	2502	1048	3306	4184	1488	1145	2532	2150	1861	1519	4932	2261	2734	1378	2959	4166	1042	1201	2972	452	1467	5112	4711	2132	1285	2321	2138	3622	1948	2588	4786	1949	4757	3083	4964	2341	1453	1723	1947	1964	35	4987	3424	1039	109	3724	2943	4926	2032	834	2209	1586	2355	2619	
1763	4138	1282	995	2580	3961	1674	1595	2661	1845	796	649	4257	960	0	2084	2150	721	3946	1848	751	2637	2675	370	2369	3233	2305	1268	1703	1324	943	787	4235	1371	1779	821	2706	3207	1563	490	2255	1412	513	4515	3775	1179	2067	1438	1410	3223	2712	1631	3828	2473	3815	2161	4315	1935	1191	1261	1814	1422	946	4039	2527	259	1057	2774	2245	3969	2660	837	1259	2494	1402	2309	
1114	3480	3348	1912	814	3376	1248	495	3193	3162	2422	2640	3478	1916	2084	0	772	2721	4557	2420	2705	3446	602	1762	3384	4268	1578	837	2347	2130	2852	1743	3876	2391	3094	1483	1348	4427	962	1743	2313	1994	2408	3817	4595	2896	1410	2403	1874	2124	1594	3027	4945	862	4680	3110	3792	1257	1017	1263	621	1427	1947	4957	4308	1875	1976	3842	2244	5017	1198	1276	2663	2025	3066	1208	
1787	4252	3422	2322	1553	4145	706	819	3819	3592	2700	2783	4250	1628	2150	772	0	2646	5203	2992	2871	4022	1117	1921	3908	4814	819	974	2896	2612	3047	2089	4637	2848	3521	1815	2117	4926	607	1965	2983	1533	2586	4589	5199	3177	692	2876	2407	2895	843	3426	5482	328	5276	3638	4560	1963	1430	1768	1313	1991	1664	5545	4598	2012	1649	4369	2921	5574	549	1330	3035	1270	3375	1971	
2483	4801	918	1642	3278	4618	2047	2227	3160	2148	1217	764	4932	1111	721	2721	2646	0	4343	2421	863	3053	3322	1089	2736	3517	2599	1885	2279	1924	1023	1480	4852	1896	2095	1542	3426	3410	2039	1207	2891	1487	871	5176	4109	1376	2392	1967	2069	3938	3056	1932	4041	2974	4131	2578	4955	2654	1897	1981	2516	2134	1079	4324	2431	980	1155	3080	2891	4205	3104	1446	1644	2671	1578	3029	
3444	2492	3815	3091	4200	2344	5179	4388	1389	2202	3174	3579	2734	4857	3946	4557	5203	4343	0	2250	3482	1309	4775	3812	1607	1020	5804	4339	2372	2733	3341	3371	1948	2595	2251	3585	3670	1381	4896	3666	2246	5290	3516	2645	455	2980	5559	2537	2843	3237	6029	2415	1156	5399	552	1786	2269	3309	3820	3461	3937	3220	4852	736	2804	3819	4963	1323	2317	1025	5722	4236	2714	6150	2803	3497	
1337	2458	2286	882	2294	2263	2929	2173	869	997	1223	1723	2625	2672	1848	2420	2992	2421	2250	0	1670	1032	2769	1629	985	1849	3557	2095	145	527	1631	1154	2437	541	955	1343	1965	2032	2649	1473	575	3085	1554	2822	2208	1354	3312	472	595	2019	3802	1004	2526	3218	2283	714	2564	1281	1580	1227	1808	1005	2673	2553	2336	1663	2781	1432	619	2598	3528	1994	926	3901	1340	1625	
2119	4117	705	1071	3067	3925	2424	2238	2335	1286	465	113	4272	1665	751	2705	2871	863	3482	1670	0	2199	3269	960	1875	2659	3055	1940	1537	1237	197	1052	4101	1130	1233	1255	3059	2572	2299	962	2199	2109	297	4486	3247	517	2818	1199	1466	3433	3461	1069	3203	3188	3271	1728	4234	2240	1716	1635	2317	1690	1644	3468	1777	860	1749	2218	2215	3360	3394	1541	806	3232	729	2650	
2348	2528	2610	1807	3249	2331	3925	3204	434	958	1868	2290	2751	3552	2637	3446	4022	3053	1309	1032	2199	0	3764	2511	367	842	4564	3110	1128	1457	2074	2085	2246	1294	991	2316	2827	1109	3658	2369	1269	3989	2213	2828	1188	1715	4316	1239	1617	2647	4826	1151	1515	4250	1256	479	2485	2261	2603	2255	2830	2037	3547	1523	1978	2513	3658	519	1346	1572	4559	2963	1413	4888	1565	2549	
1435	3375	3927	2400	612	3302	1747	1096	3461	3604	2955	3210	3331	2502	2675	602	1117	3322	4775	2769	3269	3764	0	2343	3753	4603	1918	1439	2721	2566	3406	2268	3845	2834	3539	2024	1229	4801	1504	2309	2547	2541	2973	3679	4866	3420	1809	2835	2283	1974	1783	3490	5279	1014	4960	3480	3713	1504	1556	1732	1010	1837	2534	5242	4810	2457	2556	4201	2472	5333	1315	1876	3149	2366	3575	1282	
1395	3824	1586	747	2218	3651	1546	1284	2478	1819	809	884	3932	1048	370	1762	1921	1089	3812	1629	960	2511	2343	0	2281	3176	2197	980	1487	1104	1128	488	3955	1217	1749	458	2337	3196	1371	159	1974	1479	668	4201	3680	1271	1950	1275	1125	2866	2564	1619	3801	2234	3731	2047	4016	1571	828	896	1452	1072	1047	3970	2682	117	1156	2714	1956	3929	2454	595	1223	2446	1481	1941	
2319	2841	2253	1622	3274	2642	3751	3096	722	604	1581	1971	3056	3306	2369	3384	3908	2736	1607	985	1875	367	3753	2281	0	911	4398	2966	1038	1299	1738	1892	2594	1088	647	2143	2909	1048	3501	2149	1374	3750	1917	3155	1407	1377	4149	1046	1514	2824	4689	810	1574	4156	1451	275	2821	2264	2479	2148	2781	1958	3298	1690	1651	2270	3410	461	1446	1673	4453	2774	1117	4700	1213	2594	
3180	3085	2887	2532	4090	2902	4661	3999	1215	1392	2437	2766	3323	4184	3233	4268	4814	3517	1020	1849	2659	842	4603	3176	911	0	5309	3877	1926	2208	2494	2801	2665	1998	1455	3054	3662	403	4413	3050	2107	4633	2754	3326	636	2143	5059	1957	2411	3433	5600	1610	677	5055	627	1177	2956	3100	3385	3049	3656	2847	4174	810	1784	3157	4286	462	2184	762	5357	3683	1976	5607	1940	3391	
2488	5039	3478	2777	2371	4924	653	1479	4416	3999	3006	2951	5049	1488	2305	1578	819	2599	5804	3557	3055	4564	1918	2197	4398	5309	0	1465	3442	3111	3248	2509	5396	3312	3927	2256	2926	5370	908	2293	3643	1178	2804	5384	5752	3455	250	3353	2962	3700	481	3808	5959	937	5818	4140	5337	2682	1986	2347	2052	2597	1520	6076	4831	2255	1452	4851	3588	6070	776	1635	3409	451	3671	2749	
1110	3753	2546	1359	1490	3613	862	344	2951	2623	1732	1862	3803	1145	1268	837	974	1885	4339	2095	1940	3110	1439	980	2966	3877	1465	0	1984	1668	2106	1116	4034	1891	2552	844	1833	3969	558	1002	2194	1341	1647	4117	4296	2211	1222	1924	1500	2534	1723	2453	4538	1270	4366	2701	4016	1322	523	884	816	1137	1172	4628	3634	1084	1224	3424	2143	4639	1522	440	2061	1833	2405	1523	
1287	2583	2165	742	2268	2390	2810	2078	1001	963	1086	1587	2745	2532	1703	2347	2896	2279	2372	145	1537	1128	2721	1487	1038	1926	3442	1984	0	384	1506	1016	2576	410	913	1214	1975	2085	2535	1332	679	2948	1413	2950	2313	1243	3196	345	489	2083	3698	940	2600	3131	2384	764	2698	1253	1475	1128	1743	922	2532	2650	2294	1520	2641	1495	711	2682	3436	1866	815	3779	1247	1618	
1163	2893	1908	361	2179	2705	2469	1805	1377	1039	773	1270	3039	2150	1324	2130	2612	1924	2733	527	1237	1457	2566	1104	1299	2208	3111	1668	384	0	1244	639	2930	270	974	859	1990	2317	2208	950	973	2570	1072	3265	2644	1048	2862	273	304	2235	3391	933	2872	2867	2708	1033	3033	1194	1183	869	1559	729	2150	2965	2291	1136	2259	1758	982	2970	3158	1507	654	3431	1118	1598	
2208	4089	664	1132	3177	3894	2614	2394	2240	1139	501	309	4252	1861	943	2852	3047	1023	3341	1631	197	2074	3406	1128	1738	2494	3248	2106	1506	1244	0	1158	4043	1096	1091	1383	3135	2392	2482	1113	2180	2306	461	4453	3091	361	3010	1162	1499	3469	3651	928	3024	3362	3111	1611	4189	2314	1850	1739	2438	1767	1841	3301	1584	1035	1946	2061	2203	3185	3574	1717	724	3428	555	2727	
1072	3353	1753	280	2019	3177	1860	1329	2015	1509	688	1024	3470	1519	787	1743	2089	1480	3371	1154	1052	2085	2268	488	1892	2801	2509	1116	1016	639	1158	0	3469	805	1437	274	2020	2866	1622	329	1487	1932	778	3730	3269	1155	2259	851	638	2466	2823	1337	3449	2373	3327	1640	3536	1210	725	583	1283	667	1521	3578	2566	550	1628	2342	1471	3562	2637	882	948	2810	1324	1611	
2929	632	4673	3241	3235	585	4879	3925	1890	3099	3659	4158	848	4932	4235	3876	4637	4852	1948	2437	4101	2246	3845	3955	2594	2665	5396	4034	2576	2930	4043	3469	0	2975	3104	3558	2617	3066	4555	3796	1982	5286	3989	698	2351	3726	5183	2904	2831	1906	5469	3234	3062	4723	2466	2553	325	2724	3550	3226	3344	2974	4941	2683	4220	4017	5039	2663	1999	2960	5059	4135	3319	5817	3647	2668	
1432	2994	1756	535	2448	2800	2663	2050	1291	773	686	1184	3155	2261	1371	2391	2848	1896	2595	541	1130	1294	2834	1217	1088	1998	3312	1891	410	270	1096	805	2975	0	706	1057	2242	2079	2418	1075	1085	2696	1025	3360	2470	846	3062	71	569	2441	3611	664	2650	3112	2526	837	3105	1457	1425	1128	1827	998	2257	2773	2026	1224	2368	1540	1112	2759	3396	1687	424	3614	881	1856	
2128	3260	1623	1201	3138	3060	3274	2738	1225	71	983	1332	3455	2734	1779	3094	3521	2095	2251	955	1233	991	3539	1749	647	1455	3927	2552	913	974	1091	1437	3104	706	0	1708	2885	1447	3055	1637	1509	3184	1300	3602	2020	730	3678	706	1263	2973	4258	164	2056	3796	2050	559	3296	2133	2113	1831	2532	1702	2723	2263	1383	1717	2834	1000	1563	2192	4070	2293	528	4195	575	2518	
942	3395	1939	522	1820	3227	1611	1058	2212	1779	939	1209	3494	1378	821	1483	1815	1542	3585	1343	1255	2316	2024	458	2143	3054	2256	844	1214	859	1383	274	3558	1057	1708	0	1890	3130	1360	338	1595	1762	964	3771	3503	1415	2007	1097	772	2408	2557	1610	3707	2099	3566	1884	3602	1114	469	439	1064	622	1385	3821	2833	562	1486	2597	1566	3815	2364	652	1222	2572	1592	1489	
951	2161	3764	2003	619	2078	2536	1580	2457	2938	2635	3042	2140	2959	2706	1348	2117	3426	3670	1965	3059	2827	1229	2337	2909	3662	2926	1833	1975	1990	3135	2020	2617	2242	2885	1890	0	3924	2218	2228	1557	3170	2796	2483	3822	3018	2750	2213	1689	778	2913	2890	4321	2145	3925	2657	2491	821	1557	1455	1017	1370	2983	4210	4257	2448	3047	3316	1481	4344	2475	2144	2644	3372	3108	409	
3367	3474	2704	2611	4316	3289	4717	4122	1525	1377	2417	2683	3711	4166	3207	4427	4926	3410	1381	2032	2572	1109	4801	3196	1048	403	5370	3969	2085	2317	2392	2866	3066	2079	1447	3130	3924	0	4488	3083	2369	4618	2707	3723	953	2060	5120	2051	2553	3752	5687	1582	631	5184	904	1322	3354	3309	3499	3181	3827	3001	4153	985	1456	3162	4264	608	2445	802	5474	3735	1973	5642	1843	3628	
1626	4243	2825	1882	1759	4113	326	648	3508	3126	2173	2206	4276	1042	1563	962	607	2039	4896	2649	2299	3658	1504	1371	3501	4413	908	558	2535	2208	2482	1622	4555	2418	3055	1360	2218	4488	0	1441	2747	1038	2023	4600	4846	2642	665	2456	2054	2965	1204	2944	5068	935	4913	3240	4521	1831	1080	1441	1244	1694	1077	5173	4052	1451	1077	3957	2695	5175	1097	779	2547	1280	2849	1967	
1280	3671	1624	590	2145	3497	1640	1280	2326	1708	736	902	3782	1201	490	1743	1965	1207	3666	1473	962	2369	2309	159	2149	3050	2293	1002	1332	950	1113	329	3796	1075	1637	338	2228	3083	1441	0	1816	1625	666	4047	3543	1212	2044	1131	967	2733	2642	1514	3682	2270	3596	1910	3860	1447	764	776	1382	932	1200	3839	2634	235	1309	2588	1798	3805	2506	664	1116	2561	1412	1827	
1203	1921	2841	1261	1999	1732	3055	2181	919	1542	1738	2238	2073	2972	2255	2313	2983	2891	2246	575	2199	1269	2547	1974	1374	2107	3643	2194	679	973	2180	1487	1982	1085	1509	1595	1557	2369	2747	1816	0	3350	2045	2292	2320	1921	3408	1022	850	1475	3821	1573	2772	3161	2415	1144	2065	1063	1676	1321	1695	1062	2979	2698	2877	2035	3080	1762	77	2806	3489	2207	1493	4026	1916	1293	
2418	5056	2400	2209	2771	4906	827	1603	3947	3251	2203	1997	5121	452	1412	1994	1533	1487	5290	3085	2109	3989	2541	1479	3750	4633	1178	1341	2948	2570	2306	1932	5286	2696	3184	1762	3170	4618	1038	1625	3350	0	1918	5426	5154	2583	1024	2754	2533	3875	1658	3039	5237	1825	5202	3523	5299	2631	1750	2060	2156	2313	467	5434	3857	1481	360	4172	3316	5376	1834	1151	2658	1185	2806	2863	
1850	3964	978	842	2781	3777	2165	1942	2294	1363	350	247	4107	1467	513	2408	2586	871	3516	1554	297	2213	2973	668	1917	2754	2804	1647	1413	1072	461	778	3989	1025	1300	964	2796	2707	2023	666	2045	1918	0	4337	3316	667	2563	1096	1259	3206	3198	1145	3332	2901	3350	1734	4103	1982	1421	1357	2027	1433	1451	3563	2033	574	1561	2300	2051	3480	3114	1256	802	3005	889	2387	
3011	377	5105	3535	3090	560	4926	3953	2434	3607	4028	4529	349	5112	4515	3817	4589	5176	2645	2822	4486	2828	3679	4201	3155	3326	5384	4117	2950	3265	4453	3730	698	3360	3602	3771	2483	3723	4600	4047	2292	5426	4337	0	3043	4163	5191	3292	3110	1709	5395	3716	3751	4627	3158	3073	378	2798	3676	3390	3357	3156	5126	3380	4803	4278	5215	3282	2287	3654	4957	4287	3741	5822	4114	2639	
3485	2861	3513	2991	4314	2699	5113	4380	1407	1963	2985	3350	3104	4711	3775	4595	5199	4109	455	2208	3247	1188	4866	3680	1407	636	5752	4296	2313	2644	3091	3269	2351	2470	2020	3503	3822	953	4846	3543	2320	5154	3316	3043	0	2734	5504	2419	2799	3467	6009	2182	715	5417	117	1634	2666	3372	3786	3434	3975	3208	4704	391	2400	3674	4816	1031	2395	614	5731	4149	2520	6075	2541	3606	
2127	3804	947	1042	3130	3608	2809	2467	1897	778	480	625	3977	2132	1179	2896	3177	1376	2980	1354	517	1715	3420	1271	1377	2143	3455	2211	1243	1048	361	1155	3726	846	730	1415	3018	2060	2642	1212	1921	2583	667	4163	2734	0	3211	903	1336	3279	3834	567	2690	3480	2756	1257	3887	2203	1879	1701	2423	1676	2116	2951	1424	1201	2224	1704	1953	2845	3717	1864	428	3669	223	2616	
2265	4842	3259	2527	2218	4722	405	1259	4172	3749	2759	2715	4859	1285	2067	1410	692	2392	5559	3312	2818	4316	1809	1950	4149	5059	250	1222	3196	2862	3010	2259	5183	3062	3678	2007	2750	5120	665	2044	3408	1024	2563	5191	5504	3211	0	3103	2717	3520	664	3559	5709	891	5570	3891	5134	2464	1745	2106	1843	2357	1318	5827	4593	2010	1261	4601	3354	5821	822	1385	3160	634	3426	2552	
1423	2927	1820	576	2436	2733	2706	2073	1224	770	757	1254	3090	2321	1438	2403	2876	1967	2537	472	1199	1239	2835	1275	1046	1957	3353	1924	345	273	1162	851	2904	71	706	1097	2213	2051	2456	1131	1022	2754	1096	3292	2419	903	3103	0	558	2393	3646	680	2614	3135	2476	789	3036	1437	1449	1142	1830	998	2318	2727	2047	1286	2428	1501	1051	2719	3423	1733	477	3660	926	1832	
866	2734	2157	427	1879	2553	2336	1590	1458	1326	1006	1481	2863	2138	1410	1874	2407	2069	2843	595	1466	1617	2283	1125	1514	2411	2962	1500	489	304	1499	638	2831	569	1263	772	1689	2553	2054	967	850	2533	1259	3110	2799	1336	2717	558	0	1971	3210	1233	3083	2645	2872	1240	2905	890	987	639	1284	450	2143	3139	2594	1186	2247	1974	836	3169	2947	1415	955	3308	1419	1295	
1500	1401	4128	2367	1381	1340	3287	2318	2227	3011	2977	3439	1364	3622	3223	2124	2895	3938	3237	2019	3433	2647	1974	2866	2824	3433	3700	2534	2083	2235	3469	2466	1906	2441	2973	2408	778	3752	2965	2733	1475	3875	3206	1709	3467	3279	3520	2393	1971	0	3690	3020	4051	2920	3579	2611	1745	1302	2174	1974	1729	1804	3642	3858	4349	2966	3716	3164	1414	4038	3249	2789	2865	4145	3319	1011	
2628	5066	3920	3077	2318	4967	1039	1643	4642	4329	3371	3361	5053	1948	2712	1594	843	3056	6029	3802	3461	4826	1783	2564	4689	5600	481	1723	3698	3391	3651	2823	5469	3611	4258	2557	2913	5687	1204	2642	3821	1658	3198	5395	6009	3834	664	3646	3210	3690	0	4148	6260	775	6082	4424	5383	2805	2223	2576	2155	2810	1981	6347	5231	2634	1920	5147	3759	6361	476	1978	3751	743	4045	2801	
2096	3370	1470	1118	3112	3170	3154	2654	1366	219	837	1170	3559	2588	1631	3027	3426	1932	2415	1004	1069	1151	3490	1619	810	1610	3808	2453	940	933	928	1337	3234	664	164	1610	2890	1582	2944	1514	1573	3039	1145	3716	2182	567	3559	680	1233	3020	4148	0	2198	3707	2210	707	3418	2118	2032	1768	2480	1659	2576	2419	1368	1581	2687	1158	1622	2339	3974	2176	398	4065	422	2512	
3858	3555	3325	3186	4763	3386	5308	4670	1865	1987	3035	3313	3797	4786	3828	4945	5482	4041	1156	2526	3203	1515	5279	3801	1574	677	5959	4538	2600	2872	3024	3449	3062	2650	2056	3707	4321	631	5068	3682	2772	5237	3332	3751	715	2690	5709	2614	3083	4051	6260	2198	0	5728	606	1845	3373	3776	4053	3721	4333	3522	4774	495	1989	3773	4885	1114	2849	203	6027	4327	2584	6244	2474	4061	
1958	4303	3748	2595	1544	4210	1005	1062	4024	3867	3002	3102	4284	1949	2473	862	328	2974	5399	3218	3188	4250	1014	2234	4156	5055	937	1270	3131	2867	3362	2373	4723	3112	3796	2099	2145	5184	935	2270	3161	1825	2901	4627	5417	3480	891	3135	2645	2920	775	3707	5728	0	5497	3883	4625	2114	1687	2007	1467	2213	1984	5770	4904	2328	1964	4616	3095	5812	337	1647	3321	1372	3674	2060	
3571	2977	3514	3051	4412	2816	5177	4456	1499	1991	3023	3375	3221	4757	3815	4680	5276	4131	552	2283	3271	1256	4960	3731	1451	627	5818	4366	2384	2708	3111	3327	2466	2526	2050	3566	3925	904	4913	3596	2415	5202	3350	3158	117	2756	5570	2476	2872	3579	6082	2210	606	5497	0	1688	2781	3463	3859	3509	4060	3287	4749	285	2359	3721	4860	1053	2491	497	5810	4209	2558	6136	2558	3704	
2046	2742	2177	1365	3007	2541	3495	2825	667	547	1389	1816	2947	3083	2161	3110	3638	2578	1786	714	1728	479	3480	2047	275	1177	4140	2701	764	1033	1611	1640	2553	837	559	1884	2657	1322	3240	1910	1144	3523	1734	3073	1634	1257	3891	789	1240	2611	4424	707	1845	3883	1688	0	2756	1995	2209	1876	2507	1683	3077	1938	1781	2044	3188	734	1212	1938	4182	2522	935	4450	1128	2332	
2906	365	4832	3324	3109	415	4847	3881	2104	3297	3783	4285	544	4964	4315	3792	4560	4955	2269	2564	4234	2485	3713	4016	2821	2956	5337	4016	2698	3033	4189	3536	325	3105	3296	3602	2491	3354	4521	3860	2065	5299	4103	378	2666	3887	5134	3036	2905	1745	5383	3418	3373	4625	2781	2756	0	2695	3551	3244	3291	3000	4975	3003	4462	4086	5069	2926	2070	3276	4959	4151	3470	5768	3823	2591	
213	2432	2945	1182	1015	2291	2156	1205	1965	2191	1814	2226	2490	2341	1935	1257	1963	2654	3309	1281	2240	2261	1504	1571	2264	3100	2682	1322	1253	1194	2314	1210	2724	1457	2133	1114	821	3309	1831	1447	1063	2631	1982	2798	3372	2203	2464	1437	890	1302	2805	2118	3776	2114	3463	1995	2695	0	889	676	651	550	2359	3744	3482	1676	2440	2705	992	3829	2446	1508	1842	3096	2303	414	
680	3306	2388	913	1390	3156	1381	626	2431	2183	1406	1663	3375	1453	1191	1017	1430	1897	3820	1580	1716	2603	1556	828	2479	3385	1986	523	1475	1183	1850	725	3550	1425	2113	469	1557	3499	1080	764	1676	1750	1421	3676	3786	1879	1745	1449	987	2174	2223	2032	4053	1687	3859	2209	3551	889	0	361	624	615	1471	4124	3291	945	1551	2939	1628	4146	1975	619	1656	2354	2049	1186	
505	3016	2335	668	1439	2857	1740	951	2072	1899	1255	1605	3101	1723	1261	1263	1768	1981	3461	1227	1635	2255	1732	896	2148	3049	2347	884	1128	869	1739	583	3226	1128	1831	439	1455	3181	1441	776	1321	2060	1357	3390	3434	1701	2106	1142	639	1974	2576	1768	3721	2007	3509	1876	3244	676	361	0	725	259	1736	3777	3078	1002	1827	2609	1276	3808	2308	909	1417	2714	1845	1052	
493	3003	3001	1393	766	2879	1570	596	2572	2598	1968	2272	3032	1947	1814	621	1313	2516	3937	1808	2317	2830	1010	1452	2781	3656	2052	816	1743	1559	2438	1283	3344	1827	2532	1064	1017	3827	1244	1382	1695	2156	2027	3357	3975	2423	1843	1830	1284	1729	2155	2480	4333	1467	4060	2507	3291	651	624	725	0	835	1971	4338	3802	1569	2032	3236	1628	4402	1797	1147	2140	2477	2570	724	
452	2781	2395	640	1465	2617	1996	1172	1832	1767	1268	1676	2875	1964	1422	1427	1991	2134	3220	1005	1690	2037	1837	1072	1958	2847	2597	1137	922	729	1767	667	2974	998	1702	622	1370	3001	1694	932	1062	2313	1433	3156	3208	1676	2357	998	450	1804	2810	1659	3522	2213	3287	1683	3000	550	615	259	835	0	1976	3558	3004	1167	2070	2417	1017	3601	2523	1162	1343	2969	1794	961	
2150	4752	1972	1791	2660	4592	1001	1491	3525	2789	1740	1532	4834	35	946	1947	1664	1079	4852	2673	1644	3547	2534	1047	3298	4174	1520	1172	2532	2150	1841	1521	4941	2257	2723	1385	2983	4153	1077	1200	2979	467	1451	5126	4704	2116	1318	2318	2143	3642	1981	2576	4774	1984	4749	3077	4975	2359	1471	1736	1971	1976	0	4978	3400	1034	112	3714	2951	4914	2067	853	2199	1612	2339	2640	
3850	3216	3669	3303	4696	3061	5432	4726	1781	2201	3243	3575	3459	4987	4039	4957	5545	4324	736	2553	3468	1523	5242	3970	1690	810	6076	4628	2650	2965	3301	3578	2683	2773	2263	3821	4210	985	5173	3839	2698	5434	3563	3380	391	2951	5827	2727	3139	3858	6347	2419	495	5770	285	1938	3003	3744	4124	3777	4338	3558	4978	0	2426	3955	5089	1265	2774	315	6081	4460	2780	6387	2746	3988	
3450	4492	1550	2410	4466	4293	4197	3888	2373	1339	1904	1883	4707	3424	2527	4308	4598	2431	2804	2336	1777	1978	4810	2682	1651	1784	4831	3634	2294	2291	1584	2566	4220	2026	1383	2833	4257	1456	4052	2634	2877	3857	2033	4803	2400	1424	4593	2047	2594	4349	5231	1368	1989	4904	2359	1781	4462	3482	3291	3078	3802	3004	3400	2426	0	2601	3500	1584	2935	2189	5135	3277	1664	5003	1242	3879	
1504	3901	1473	787	2335	3726	1608	1394	2501	1786	755	779	4014	1039	259	1875	2012	980	3819	1663	860	2513	2457	117	2270	3157	2255	1084	1520	1136	1035	550	4017	1224	1717	562	2448	3162	1451	235	2035	1481	574	4278	3674	1201	2010	1286	1186	2966	2634	1581	3773	2328	3721	2044	4086	1676	945	1002	1569	1167	1034	3955	2601	0	1145	2695	2020	3905	2540	682	1190	2488	1416	2050	
2230	4842	2058	1899	2707	4684	967	1532	3634	2901	1851	1637	4921	109	1057	1976	1649	1155	4963	2781	1749	3658	2556	1156	3410	4286	1452	1224	2641	2259	1946	1628	5039	2368	2834	1486	3047	4264	1077	1309	3080	360	1561	5215	4816	2224	1261	2428	2247	3716	1920	2687	4885	1964	4860	3188	5069	2440	1551	1827	2032	2070	112	5089	3500	1145	0	3826	3051	5025	2029	933	2310	1521	2447	2712	
2770	3001	2496	2075	3709	2808	4202	3557	950	939	1979	2323	3230	3724	2774	3842	4369	3080	1323	1432	2218	519	4201	2714	461	462	4851	3424	1495	1758	2061	2342	2663	1540	1000	2597	3316	608	3957	2588	1762	4172	2300	3282	1031	1704	4601	1501	1974	3164	5147	1158	1114	4616	1053	734	2926	2705	2939	2609	3236	2417	3714	1265	1584	2695	3826	0	1838	1220	4913	3223	1516	5146	1510	3020	
1138	1913	2865	1254	1923	1727	3005	2122	995	1599	1752	2251	2058	2943	2245	2244	2921	2891	2317	619	2215	1346	2472	1956	1446	2184	3588	2143	711	982	2203	1471	1999	1112	1563	1566	1481	2445	2695	1798	77	3316	2051	2287	2395	1953	3354	1051	836	1414	3759	1622	2849	3095	2491	1212	2070	992	1628	1276	1628	1017	2951	2774	2935	2020	3051	1838	0	2883	3424	2170	1525	3974	1955	1216	
3921	3474	3506	3294	4804	3312	5422	4758	1889	2125	3174	3470	3717	4926	3969	5017	5574	4205	1025	2598	3360	1572	5333	3929	1673	762	6070	4639	2682	2970	3185	3562	2960	2759	2192	3815	4344	802	5175	3805	2806	5376	3480	3654	614	2845	5821	2719	3169	4038	6361	2339	203	5812	497	1938	3276	3829	4146	3808	4402	3601	4914	315	2189	3905	5025	1220	2883	0	6116	4442	2718	6365	2632	4098	
2286	4636	3918	2871	1869	4545	1066	1358	4343	4141	3242	3302	4612	2032	2660	1198	549	3104	5722	3528	3394	4559	1315	2454	4453	5357	776	1522	3436	3158	3574	2637	5059	3396	4070	2364	2475	5474	1097	2506	3489	1834	3114	4957	5731	3717	822	3423	2947	3249	476	3974	6027	337	5810	4182	4959	2446	1975	2308	1797	2523	2067	6081	5135	2540	2029	4913	3424	6116	0	1859	3583	1162	3918	2397	
1298	3915	2119	1158	1879	3760	982	781	2863	2365	1395	1455	3990	834	837	1276	1330	1446	4236	1994	1541	2963	1876	595	2774	3683	1635	440	1866	1507	1717	882	4135	1687	2293	652	2144	3735	779	664	2207	1151	1256	4287	4149	1864	1385	1733	1415	2789	1978	2176	4327	1647	4209	2522	4151	1508	619	909	1147	1162	853	4460	3277	682	933	3223	2170	4442	1859	0	1778	1927	2070	1791	
1792	3380	1363	752	2807	3184	2756	2273	1529	597	465	886	3551	2209	1259	2663	3035	1644	2714	926	806	1413	3149	1223	1117	1976	3409	2061	815	654	724	948	3319	424	528	1222	2644	1973	2547	1116	1493	2658	802	3741	2520	428	3160	477	955	2865	3751	398	2584	3321	2558	935	3470	1842	1656	1417	2140	1343	2199	2780	1664	1190	2310	1516	1525	2718	3583	1778	0	3670	464	2250	
2896	5475	3579	3085	2822	5355	974	1893	4767	4265	3242	3123	5489	1586	2494	2025	1270	2671	6150	3901	3232	4888	2366	2446	4700	5607	451	1833	3779	3431	3428	2810	5817	3614	4195	2572	3372	5642	1280	2561	4026	1185	3005	5822	6075	3669	634	3660	3308	4145	743	4065	6244	1372	6136	4450	5768	3096	2354	2714	2477	2969	1612	6387	5003	2488	1521	5146	3974	6365	1162	1927	3670	0	3890	3184	
2245	3761	1049	1177	3257	3563	3023	2649	1787	609	676	840	3944	2355	1402	3066	3375	1578	2803	1340	729	1565	3575	1481	1213	1940	3671	2405	1247	1118	555	1324	3647	881	575	1592	3108	1843	2849	1412	1916	2806	889	4114	2541	223	3426	926	1419	3319	4045	422	2474	3674	2558	1128	3823	2303	2049	1845	2570	1794	2339	2746	1242	1416	2447	1510	1955	2632	3918	2070	464	3890	0	2713	
547	2291	3355	1596	708	2176	2293	1319	2211	2573	2227	2632	2311	2619	2309	1208	1971	3029	3497	1625	2650	2549	1282	1941	2594	3391	2749	1523	1618	1598	2727	1611	2668	1856	2518	1489	409	3628	1967	1827	1293	2863	2387	2639	3606	2616	2552	1832	1295	1011	2801	2512	4061	2060	3704	2332	2591	414	1186	1052	724	961	2640	3988	3879	2050	2712	3020	1216	4098	2397	1791	2250	3184	2713	0	


0	 CF144PD 	 0 	 0 	 540  	 1080  	 0  	 0 

1	 CF244NR	 0 	 12 	 660  	 900  	 6  	 3 
2	 CF147EA 	 1 	 1 	 660  	 900  	 5  	 2 
3	 CF146BP 	 1 	 3 	 660  	 900  	 9  	 4 
4	 CF145FA 	 1 	 7 	 660  	 900  	 8  	 4 
5	 CF143JS 	 1 	 9 	 720  	 960  	 9  	 4 
6	 CF149AY 	 0 	 1 	 720  	 960  	 5  	 2 
7	 CF145ZN	 1 	 6 	 660  	 900  	 10  	 5 
8	 CF142SQ 	 1 	 9 	 720  	 960  	 10  	 5 
9	 CF141ND	 1 	 4 	 720  	 960  	 9  	 4 
10	 CF141AX 	 1 	 6 	 720  	 960  	 6  	 3 
11	 CF147BU 	 1 	 4 	 600  	 840  	 10  	 5 
12	 CF244PF 	 1 	 2 	 660  	 900  	 7  	 3 
13	 CF146SL 	 1 	 8 	 600  	 840  	 6  	 3 
14	 CF146HT 	 1 	 4 	 600  	 840  	 6  	 3 
15	 CF145EZ 	 1 	 3 	 660  	 900  	 8  	 4 
16	 CF145AL 	 1 	 6 	 600  	 840  	 8  	 4 
17	 CF147TP 	 1 	 6 	 720  	 960  	 8  	 4 
18	 CF52AH 	 1 	 3 	 600  	 840  	 8  	 4 
19	 CF141DX 	 1 	 3 	 600  	 840  	 6  	 3 
20	 CF147AP 	 1 	 4 	 720  	 960  	 7  	 3 
21	 CF142QT 	 1 	 3 	 600  	 840  	 7  	 3 
22	 CF140NG	 1 	 9 	 720  	 960  	 6  	 3 
23	 CF146HD	 1 	 2 	 540  	 780  	 7  	 3 
24	 CF142NR	 1 	 9 	 600  	 840  	 7  	 3 
25	 CF52XJ 	 0 	 8 	 660  	 900  	 6  	 3 
26	 CF149HY 	 1 	 10 	 660  	 900  	 6  	 3 
27	 CF145EL 	 1 	 4 	 660  	 900  	 10  	 5 
28	 CF141QL 	 1 	 9 	 720  	 960  	 5  	 2 
29	 CF141RF 	 1 	 2 	 540  	 780  	 7  	 3 
30	 CF147BB 	 1 	 3 	 600  	 840  	 8  	 4 
31	 CF146DD	 1 	 5 	 660  	 900  	 6  	 3 
32	 CF103EP 	 1 	 3 	 660  	 900  	 8  	 4 
33	 CF141PP 	 1 	 4 	 540  	 780  	 10  	 5 
34	 CF141PE 	 1 	 2 	 720  	 960  	 8  	 4 
35	 CF146AN	 1 	 5 	 540  	 780  	 9  	 4 
36	 CF143RJ 	 0 	 11 	 540  	 780  	 7  	 3 
37	 CF52SJ 	 1 	 4 	 660  	 900  	 10  	 5 
38	 CF145LB 	 1 	 6 	 720  	 960  	 7  	 3 
39	 CF146DX 	 0 	 21 	 600  	 840  	 10  	 5 
40	 CF141DL 	 1 	 5 	 600  	 840  	 7  	 3 
41	 CF146AZ 	 1 	 3 	 540  	 780  	 7  	 3 
42	 CF146EN 	 1 	 4 	 540  	 780  	 9  	 4 
43	 CF244FE 	 1 	 2 	 660  	 900  	 8  	 4 
44	 CF52JB 	 1 	 3 	 720  	 960  	 9  	 4 
45	 CF142TE 	 1 	 1 	 720  	 960  	 8  	 4 
46	 CF149DX 	 1 	 7 	 600  	 840  	 10  	 5 
47	 CF141PZ 	 1 	 1 	 600  	 840  	 7  	 3 
48	 CF141TG 	 1 	 7 	 660  	 900  	 8  	 4 
49	 CF143PJ 	 1 	 3 	 540  	 780  	 7  	 3 
50	 CF149ER 	 0 	 15 	 540  	 780  	 8  	 4 
51	 CF141LQ 	 1 	 7 	 600  	 840  	 8  	 4 
52	 CF52JP 	 1 	 1 	 540  	 780  	 6  	 3 
53	 CF145AT 	 1 	 4 	 720  	 960  	 8  	 4 
54	 CF52BH 	 1 	 4 	 720  	 960  	 7  	 3 
55	 CF142PF 	 1 	 1 	 600  	 840  	 9  	 4 
56	 CF244JN 	 1 	 10 	 600  	 840  	 10  	 5 
57	 CF144LA 	 1 	 9 	 660  	 900  	 9  	 4 
58	 CF144SL 	 1 	 7 	 600  	 840  	 9  	 4 
59	 CF144SJ 	 1 	 8 	 600  	 840  	 7  	 3 
60	 CF145JA 	 1 	 2 	 660  	 900  	 7  	 3 
61	 CF144PT 	 1 	 9 	 600  	 840  	 9  	 4 
62	 CF146SJ 	 1 	 8 	 540  	 780  	 6  	 3 
63	 CF52BW 	 1 	 2 	 720  	 960  	 7  	 3 
64	 CF52PE 	 1 	 6 	 600  	 840  	 7  	 3 
65	 CF146HL 	 1 	 9 	 660  	 900  	 9  	 4 
66	 CF146TN 	 1 	 9 	 600  	 840  	 5  	 2 
67	 CF142JJ 	 1 	 4 	 660  	 900  	 5  	 2 
68	 CF144AB 	 1 	 1 	 720  	 960  	 8  	 4 
69	 CF52JQ 	 0 	 6 	 660  	 900  	 10  	 5 
70	 CF149DL 	 1 	 6 	 600  	 840  	 8  	 4 
71	 CF146RA 	 1 	 7 	 600  	 840  	 8  	 4 
72	 CF142AA 	 1 	 3 	 540  	 780  	 9  	 4 
73	 CF149HN	 1 	 2 	 660  	 900  	 9  	 4 
74	 CF142AH	 1 	 8 	 600  	 840  	 10  	 5 
75	 CF144NA	 1 	 3 	 540  	 780  	 7  	 3 
