75

1200
32
10
500

0	1969	3935	6187	5178	1482	5786	5179	2461	5198	1853	5862	3980	4323	1159	2289	2316	2032	6121	5558	1818	5240	1971	5399	2234	3722	6349	3036	6007	6338	5448	1704	5810	6302	5163	1829	1880	2494	4790	6600	3891	3397	4635	322	2269	4511	3632	4215	4343	2010	5367	4740	2171	3389	3015	4904	2946	5057	2150	3947	3585	2552	1336	4202	5426	4881	3943	5370	4316	3178	3529	5748	5088	3001	3769	1624	
1969	0	2397	4358	3366	557	3920	3285	584	3360	1294	3950	2042	2357	1055	1001	533	806	4258	3990	680	3440	638	3592	679	2328	4507	2183	4084	4512	3764	385	4201	4462	3302	524	714	533	2829	4704	2078	1546	3120	1861	517	2689	1777	2506	3048	291	3844	2873	483	1422	1250	3060	1588	3124	183	2853	1637	1822	697	2279	3820	3228	2111	3701	3007	1233	1576	4045	3284	1533	2052	1026	
3935	2397	0	4504	3796	2585	4010	1771	1839	3699	3667	2405	2434	1927	3394	1652	1866	3115	4288	1631	2153	1503	2971	3977	1800	361	4580	1376	2586	4644	1535	2777	1876	4552	1619	2906	3075	2205	2043	2995	826	1117	726	3685	1888	1026	1037	526	805	2164	1460	1338	2692	1771	2775	1363	994	1909	2263	1012	1534	1663	3013	1397	1491	966	896	1449	756	1601	1579	1840	3764	939	3222	2315	
6187	4358	4504	0	1010	4915	496	3145	4125	998	4513	3067	2395	2595	5042	4805	4308	4167	267	4869	4890	3747	4216	791	4547	4806	180	5564	2979	155	4352	4514	4813	131	3379	4362	4311	3846	2494	3456	3704	3722	4716	6162	4357	3592	3626	4032	5219	4476	4951	3345	4034	3215	3176	3469	4759	2812	4211	5515	3239	5533	4866	3110	4669	4317	3625	4395	5174	3512	3242	4371	1101	4586	2430	5276	
5178	3366	3796	1010	0	3922	674	2748	3171	148	3514	2896	1481	1879	4032	3877	3352	3158	979	4456	3922	3340	3207	226	3599	4063	1175	4724	2867	1160	3956	3509	4458	1127	2969	3353	3301	2863	1951	3470	2972	2887	4130	5155	3399	3002	2832	3378	4563	3499	4493	2815	3028	2313	2168	2983	3905	2382	3225	4789	2391	4644	3859	2416	4243	3798	2900	3977	4515	2608	2381	4042	96	3734	1423	4308	
1482	557	2585	4915	3922	0	4478	3701	980	3918	1412	4381	2592	2858	851	968	835	1111	4815	4213	462	3789	955	4148	793	2440	5065	2049	4525	5070	4046	541	4447	5020	3692	777	960	1082	3317	5123	2428	1921	3307	1334	791	3049	2157	2791	3130	528	4044	3266	956	1927	1790	3437	1650	3575	715	2844	2108	1613	497	2720	4061	3489	2475	3974	3095	1701	2054	4339	3840	1653	2593	614	
5786	3920	4010	496	674	4478	0	2692	3661	603	4165	2675	1925	2099	4651	4329	3844	3783	338	4422	4432	3297	3820	517	4079	4311	604	5071	2606	643	3907	4097	4380	565	2926	3957	3920	3400	2010	3135	3209	3230	4235	5745	3893	3107	3131	3542	4730	4024	4494	2868	3620	2735	2772	3001	4268	2349	3768	5021	2749	5046	4456	2615	4218	3847	3129	3945	4685	3031	2754	3943	770	4094	2068	4816	
5179	3285	1771	3145	2748	3701	2692	0	2731	2612	4292	692	1967	1212	4330	2999	2865	3722	2892	1730	3387	604	3638	2857	2959	2132	3171	3127	856	3260	1218	3643	1710	3156	235	3662	3762	2841	845	1422	1325	1783	1677	4995	2911	768	1549	1251	2268	3178	1806	467	3332	1952	2916	414	2535	369	3104	2699	1676	3334	3981	1015	1526	1216	1259	1253	2231	2061	1744	1296	2760	2395	2901	3681	
2461	584	1839	4125	3171	980	3661	2731	0	3141	1828	3407	1737	1894	1635	747	184	1283	3995	3414	781	2861	1134	3394	431	1807	4261	1856	3548	4280	3180	967	3620	4219	2736	1070	1237	456	2343	4154	1497	969	2555	2306	234	2112	1202	1923	2530	451	3273	2307	868	981	1275	2488	1134	2596	428	2395	1132	1597	1267	1742	3241	2646	1533	3118	2486	729	1081	3461	3099	1038	2011	1160	
5198	3360	3699	998	148	3918	603	2612	3141	0	3563	2750	1428	1775	4059	3836	3323	3188	929	4324	3900	3206	3229	279	3566	3972	1152	4656	2720	1152	3822	3519	4322	1106	2834	3371	3327	2850	1824	3321	2877	2814	4016	5167	3371	2885	2748	3271	4459	3482	4365	2690	3039	2259	2184	2855	3840	2246	3215	4696	2320	4589	3873	2312	4112	3675	2803	3845	4411	2555	2314	3904	212	3668	1466	4286	
1853	1294	3667	4513	3514	1412	4165	4292	1828	3563	0	4904	2605	3182	775	2263	1820	577	4489	5223	1825	4555	699	3724	1965	3619	4685	3424	5009	4657	4950	952	5415	4636	4357	770	591	1509	3668	5667	3237	2706	4381	1962	1809	3811	2915	3713	4339	1569	5093	3938	996	2341	1503	4143	2881	4058	1406	4141	2626	3012	945	3283	5042	4441	3252	4897	4298	2280	2556	5215	3419	2826	2097	2021	
5862	3950	2405	3067	2896	4381	2675	692	3407	2750	4904	0	2445	1739	4988	3691	3547	4342	2801	1937	4076	977	4269	2956	3647	2764	3053	3777	184	3157	1440	4301	1811	3048	787	4305	4394	3489	1275	764	2017	2469	2173	5682	3593	1444	2237	1901	2793	3857	2085	1156	3967	2580	3477	1054	3218	846	3768	3270	2322	4008	4646	1671	1771	1680	1951	1514	2763	2719	2388	1363	2930	3082	3341	4372	
3980	2042	2434	2395	1481	2592	1925	1967	1737	1428	2605	2445	0	759	2905	2411	1920	2100	2259	3436	2511	2435	2084	1696	2154	2656	2527	3249	2513	2550	2998	2277	3519	2485	2119	2184	2202	1510	1172	3188	1619	1428	2899	3899	1970	1857	1412	2101	3232	2114	3410	1795	1826	832	1104	2008	2428	1641	1877	3385	934	3163	2646	1187	3222	2677	1563	2988	3183	1128	914	3176	1424	2259	939	2894	
4323	2357	1927	2595	1879	2858	2099	1212	1894	1775	3182	1739	759	0	3344	2411	2065	2632	2396	2711	2656	1681	2576	2053	2243	2215	2686	2992	1832	2741	2256	2669	2777	2654	1360	2635	2700	1847	487	2498	1112	1185	2265	4191	2116	1159	1046	1499	2684	2335	2705	1050	2283	935	1738	1258	2212	906	2174	2931	776	3020	3032	537	2496	1980	1035	2252	2636	1167	817	2422	1855	2040	1698	3013	
1159	1055	3394	5042	4032	851	4651	4330	1635	4059	775	4988	2905	3344	0	1814	1550	876	4985	5011	1313	4495	834	4252	1596	3274	5206	2890	5115	5191	4807	687	5232	5158	4354	721	731	1504	3827	5746	3132	2601	4119	1212	1519	3744	2832	3547	3974	1236	4853	3925	1080	2423	1883	4114	2490	4153	1230	3696	2666	2438	380	3319	4849	4263	3166	4742	3937	2270	2602	5092	3941	2479	2616	1393	
2289	1001	1652	4805	3877	968	4329	2999	747	3836	2263	3691	2411	2411	1814	0	599	1806	4658	3282	512	2978	1638	4097	346	1477	4932	1183	3851	4960	3159	1310	3527	4892	2945	1508	1705	1181	2801	4396	1674	1267	2365	2054	571	2276	1479	1935	2162	710	3102	2538	1456	1595	2016	2677	685	2949	968	1892	1640	859	1444	2114	3142	2592	1740	3080	2128	1301	1613	3460	3809	713	2757	691	
2316	533	1866	4308	3352	835	3844	2865	184	3323	1820	3547	1920	2065	1550	599	0	1301	4179	3467	599	2966	1142	3575	262	1798	4444	1749	3691	4463	3257	912	3683	4402	2859	1051	1233	582	2508	4287	1602	1087	2589	2148	51	2222	1323	1997	2519	321	3316	2432	908	1160	1419	2606	1078	2745	423	2346	1297	1457	1174	1889	3301	2713	1645	3191	2478	899	1250	3544	3279	1007	2173	976	
2032	806	3115	4167	3158	1111	3783	3722	1283	3188	577	4342	2100	2632	876	1806	1301	0	4115	4654	1436	3978	169	3377	1482	3088	4332	2988	4452	4316	4375	572	4843	4284	3782	334	166	935	3119	5106	2661	2132	3823	2052	1299	3234	2339	3141	3810	1096	4528	3362	425	1770	1028	3567	2378	3496	878	3646	2052	2614	788	2711	4471	3869	2675	4322	3768	1703	1982	4638	3066	2306	1740	1713	
6121	4258	4288	267	979	4815	338	2892	3995	929	4489	2801	2259	2396	4985	4658	4179	4115	0	4613	4767	3493	4154	788	4412	4598	292	5379	2712	369	4095	4434	4553	267	3127	4293	4254	3738	2264	3191	3498	3543	4479	6082	4228	3360	3435	3809	4992	4361	4699	3105	3957	3063	3107	3224	4582	2565	4106	5300	3067	5366	4792	2899	4413	4073	3417	4140	4947	3359	3075	4109	1075	4408	2393	5152	
5558	3990	1631	4869	4456	4213	4422	1730	3414	4324	5223	1937	3436	2711	5011	3282	3467	4654	4613	0	3784	1126	4524	4577	3425	1845	4887	2748	2094	4980	517	4375	291	4874	1499	4481	4637	3721	2507	2115	2023	2531	924	5299	3495	1584	2346	1516	1378	3776	239	1669	4230	3057	4125	1479	2612	2085	3842	1915	2761	3156	4631	2254	215	797	2031	479	1379	2998	2827	608	4458	2570	4357	3934	
1818	680	2153	4890	3922	462	4432	3387	781	3900	1825	4076	2511	2656	1313	512	599	1436	4767	3784	0	3422	1268	4147	429	1989	5030	1603	4228	5045	3641	886	4024	4987	3356	1111	1309	1073	3088	4801	2080	1608	2871	1610	548	2698	1839	2399	2673	440	3608	2937	1163	1759	1888	3094	1197	3297	742	2383	1883	1189	951	2443	3639	3078	2136	3566	2638	1492	1840	3939	3846	1214	2679	386	
5240	3440	1503	3747	3340	3789	3297	604	2861	3206	4555	977	2435	1681	4495	2978	2966	3978	3493	1126	3422	0	3874	3456	3008	1852	3770	2874	1160	3861	616	3816	1122	3755	373	3871	3996	3058	1404	1493	1365	1894	1195	5025	3006	751	1664	1057	1817	3287	1208	651	3567	2241	3278	434	2415	961	3268	2303	1943	3157	4128	1320	922	702	1329	648	1787	2276	2014	742	3347	2304	3374	3669	
1971	638	2971	4216	3207	955	3820	3638	1134	3229	699	4269	2084	2576	834	1638	1142	169	4154	4524	1268	3874	0	3429	1316	2935	4379	2819	4384	4367	4256	415	4718	4331	3690	181	125	817	3063	5033	2544	2011	3683	1967	1137	3126	2224	3015	3657	928	4394	3266	307	1690	1049	3468	2216	3425	720	3484	1963	2445	677	2624	4343	3743	2562	4201	3614	1598	1894	4523	3117	2148	1801	1551	
5399	3592	3977	791	226	4148	517	2857	3394	279	3724	2956	1696	2053	4252	4097	3575	3377	788	4577	4147	3456	3429	0	3822	4252	961	4932	2913	939	4072	3734	4567	912	3083	3576	3522	3089	2085	3492	3156	3091	4288	5379	3623	3156	3027	3547	4736	3724	4624	2954	3253	2528	2392	3114	4114	2495	3451	4976	2596	4859	4083	2589	4367	3940	3082	4098	4688	2824	2589	4144	312	3943	1639	4533	
2234	679	1800	4547	3599	793	4079	2959	431	3566	1965	3647	2154	2243	1596	346	262	1482	4412	3425	429	3008	1316	3822	0	1685	4680	1520	3799	4702	3253	1021	3655	4639	2932	1199	1392	841	2666	4375	1657	1179	2526	2036	227	2277	1410	2000	2395	396	3260	2511	1117	1367	1680	2671	919	2867	626	2176	1467	1204	1216	2014	3270	2696	1711	3181	2357	1087	1427	3546	3528	886	2434	771	
3722	2328	361	4806	4063	2440	4311	2132	1807	3972	3619	2764	2656	2215	3274	1477	1798	3088	4598	1845	1989	1852	2935	4252	1685	0	4889	1023	2946	4949	1826	2697	2110	4860	1980	2849	3030	2216	2372	3344	1103	1262	922	3457	1812	1383	1245	884	722	2071	1646	1696	2675	1929	2869	1724	792	2263	2215	730	1729	1346	2896	1698	1734	1269	1182	1734	680	1716	1764	2131	4025	800	3386	2099	
6349	4507	4580	180	1175	5065	604	3171	4261	1152	4685	3053	2527	2686	5206	4932	4444	4332	292	4887	5030	3770	4379	961	4680	4889	0	5667	2956	118	4369	4671	4820	49	3406	4522	4475	3992	2555	3406	3790	3829	4767	6319	4493	3650	3724	4100	5283	4619	4977	3393	4191	3339	3335	3509	4867	2848	4358	5592	3350	5648	5025	3191	4689	4358	3709	4415	5238	3635	3357	4375	1268	4694	2598	5415	
3036	2183	1376	5564	4724	2049	5071	3127	1856	4656	3424	3777	3249	2992	2890	1183	1749	2988	5379	2748	1603	2874	2819	4932	1520	1023	5667	0	3957	5714	2814	2474	3031	5633	2990	2683	2882	2312	3248	4367	1944	1844	1867	2736	1732	2363	1946	1878	1395	1892	2524	2675	2637	2428	3117	2728	822	3218	2146	924	2336	484	2546	2535	2676	2275	2028	2719	1382	2146	2343	3115	4671	990	3791	1519	
6007	4084	2586	2979	2867	4525	2606	856	3548	2720	5009	184	2513	1832	5115	3851	3691	4452	2712	2094	4228	1160	4384	2913	3799	2946	2956	3957	0	3063	1605	4429	1954	2954	967	4426	4510	3613	1354	675	2180	2620	2355	5832	3738	1617	2389	2080	2976	3998	2250	1323	4084	2699	3566	1231	3390	962	3901	3454	2450	4184	4778	1807	1935	1862	2112	1683	2946	2851	2514	1509	2907	3251	3391	4530	
6338	4512	4644	155	1160	5070	643	3260	4280	1152	4657	3157	2550	2741	5191	4960	4463	4316	369	4980	5045	3861	4367	939	4702	4949	118	5714	3063	0	4463	4667	4917	109	3495	4513	4461	4000	2627	3519	3848	3873	4845	6314	4512	3724	3774	4169	5354	4631	5067	3472	4186	3369	3327	3592	4910	2933	4366	5656	3390	5685	5018	3252	4781	4441	3768	4507	5309	3665	3395	4473	1250	4737	2578	5431	
5448	3764	1535	4352	3956	4046	3907	1218	3180	3822	4950	1440	2998	2256	4807	3159	3257	4375	4095	517	3641	616	4256	4072	3253	1826	4369	2814	1605	4463	0	4147	521	4356	989	4231	4373	3441	2014	1719	1713	2245	959	5208	3291	1184	2036	1260	1551	3575	645	1206	3954	2701	3763	1001	2525	1577	3603	2086	2401	3172	4431	1836	332	570	1703	99	1536	2684	2470	305	3962	2451	3931	3837	
1704	385	2777	4514	3509	541	4097	3643	967	3519	952	4301	2277	2669	687	1310	912	572	4434	4375	886	3816	415	3734	1021	2697	4671	2474	4429	4667	4147	0	4586	4625	3669	237	428	822	3149	5058	2457	1923	3501	1648	890	3065	2152	2890	3413	627	4227	3241	481	1742	1343	3431	1940	3467	549	3193	1980	2075	370	2632	4205	3612	2488	4085	3373	1583	1916	4427	3423	1898	2133	1142	
5810	4201	1876	4813	4458	4447	4380	1710	3620	4322	5415	1811	3519	2777	5232	3527	3683	4843	4553	291	4024	1122	4718	4567	3655	2110	4820	3031	1954	4917	521	4586	0	4810	1489	4683	4833	3908	2526	1899	2189	2712	1189	5556	3713	1694	2514	1703	1667	3996	529	1728	4419	3201	4267	1522	2865	2076	4047	2205	2902	3433	4853	2353	386	975	2188	539	1667	3166	2970	449	4467	2814	4451	4188	
6302	4462	4552	131	1127	5020	565	3156	4219	1106	4636	3048	2485	2654	5158	4892	4402	4284	267	4874	4987	3755	4331	912	4639	4860	49	5633	2954	109	4356	4625	4810	0	3390	4475	4427	3947	2530	3411	3759	3794	4745	6272	4451	3626	3690	4074	5258	4575	4962	3372	4145	3299	3288	3490	4831	2830	4314	5564	3313	5611	4978	3161	4675	4339	3679	4401	5213	3596	3320	4366	1220	4658	2550	5372	
5163	3302	1619	3379	2969	3692	2926	235	2736	2834	4357	787	2119	1360	4354	2945	2859	3782	3127	1499	3356	373	3690	3083	2932	1980	3406	2990	967	3495	989	3669	1489	3390	0	3702	3813	2882	1042	1451	1277	1772	1463	4966	2902	671	1536	1114	2065	3176	1572	429	3383	2019	3021	271	2442	588	3124	2514	1731	3224	3997	1076	1293	992	1221	1020	2030	2097	1801	1088	2977	2311	3058	3633	
1829	524	2906	4362	3353	777	3957	3662	1070	3371	770	4305	2184	2635	721	1508	1051	334	4293	4481	1111	3871	181	3576	1199	2849	4522	2683	4426	4513	4231	237	4683	4475	3702	0	199	821	3120	5067	2525	1989	3624	1807	1039	3120	2211	2980	3570	804	4343	3276	359	1727	1187	3473	2112	3465	643	3375	1987	2296	511	2647	4305	3707	2549	4173	3529	1606	1919	4504	3264	2055	1957	1379	
1880	714	3075	4311	3301	960	3920	3762	1237	3327	591	4394	2202	2700	731	1705	1233	166	4254	4637	1309	3996	125	3522	1392	3030	4475	2882	4510	4461	4373	428	4833	4427	3813	199	0	938	3188	5158	2662	2128	3790	1892	1224	3248	2344	3130	3752	999	4504	3390	431	1815	1154	3591	2301	3550	816	3567	2087	2495	622	2748	4457	3858	2681	4318	3710	1721	2018	4642	3210	2240	1888	1568	
2494	533	2205	3846	2863	1082	3400	2841	456	2850	1509	3489	1510	1847	1504	1181	582	935	3738	3721	1073	3058	817	3089	841	2216	3992	2312	3613	4000	3441	822	3908	3947	2882	821	938	0	2326	4249	1728	1197	2901	2394	613	2310	1407	2207	2935	638	3599	2457	513	920	840	2656	1583	2651	368	2834	1168	2039	1185	1827	3536	2934	1744	3388	2890	786	1101	3706	2784	1475	1611	1455	
4790	2829	2043	2494	1951	3317	2010	845	2343	1824	3668	1275	1172	487	3827	2801	2508	3119	2264	2507	3088	1404	3063	2085	2666	2372	2555	3248	1354	2627	2014	3149	2526	2530	1042	3120	3188	2326	0	2026	1306	1539	2227	4648	2558	1098	1353	1549	2728	2791	2542	870	2769	1409	2212	1032	2515	487	2646	3053	1211	3336	3510	719	2294	1856	1221	2030	2684	1616	1263	2130	1951	2348	2085	3433	
6600	4704	2995	3456	3470	5123	3135	1422	4154	3321	5667	764	3188	2498	5746	4396	4287	5106	3191	2115	4801	1493	5033	3492	4375	3344	3406	4367	675	3519	1719	5058	1899	3411	1451	5067	5158	4249	2026	0	2725	3203	2618	6411	4333	2121	2969	2530	3239	4601	2319	1864	4730	3343	4235	1720	3881	1609	4523	3755	3082	4643	5400	2426	2013	2136	2666	1814	3217	3476	3148	1510	3517	3757	4063	5084	
3891	2078	826	3704	2972	2428	3209	1325	1497	2877	3237	2017	1619	1112	3132	1674	1602	2661	3498	2023	2080	1365	2544	3156	1657	1103	3790	1944	2180	3848	1713	2457	2189	3759	1277	2525	2662	1728	1306	2725	0	536	1316	3690	1642	621	324	524	1614	1922	1932	864	2241	1049	2112	1014	1244	1315	1909	1821	769	2063	2764	602	1827	1226	84	1663	1566	977	828	1980	2939	1090	2451	2359	
3397	1546	1117	3722	2887	1921	3230	1783	969	2814	2706	2469	1428	1185	2601	1267	1087	2132	3543	2531	1608	1894	2011	3091	1179	1262	3829	1844	2620	3873	2245	1923	2712	3794	1772	1989	2128	1197	1539	3203	536	0	1751	3213	1131	1144	236	1015	1914	1405	2420	1345	1709	667	1663	1521	1038	1692	1375	1981	497	1836	2235	848	2342	1740	566	2191	1865	489	516	2515	2839	865	2125	1923	
4635	3120	726	4716	4130	3307	4235	1677	2555	4016	4381	2173	2899	2265	4119	2365	2589	3823	4479	924	2871	1195	3683	4288	2526	922	4767	1867	2355	4845	959	3501	1189	4745	1463	3624	3790	2901	2227	2618	1316	1751	0	4375	2613	1133	1610	801	625	2889	737	1374	3398	2358	3407	1283	1690	1938	2981	1139	2084	2249	3739	1738	816	494	1354	860	599	2239	2142	1253	4114	1656	3763	3011	
322	1861	3685	6162	5155	1334	5745	4995	2306	5167	1962	5682	3899	4191	1212	2054	2148	2052	6082	5299	1610	5025	1967	5379	2036	3457	6319	2736	5832	6314	5208	1648	5556	6272	4966	1807	1892	2394	4648	6411	3690	3213	4375	0	2099	4306	3445	3988	4061	1858	5103	4547	2128	3261	2988	4704	2692	4891	2035	3652	3438	2254	1298	4035	5173	4640	3746	5127	4036	3032	3385	5510	5068	2758	3764	1371	
2269	517	1888	4357	3399	791	3893	2911	234	3371	1809	3593	1970	2116	1519	571	51	1299	4228	3495	548	3006	1137	3623	227	1812	4493	1732	3738	4512	3291	890	3713	4451	2902	1039	1224	613	2558	4333	1642	1131	2613	2099	0	2263	1366	2031	2531	284	3341	2476	914	1211	1453	2648	1079	2793	424	2348	1348	1430	1141	1937	3330	2744	1687	3224	2490	950	1301	3578	3326	1016	2212	926	
4511	2689	1026	3592	3002	3049	3107	768	2112	2885	3811	1444	1857	1159	3744	2276	2222	3234	3360	1584	2698	751	3126	3156	2277	1383	3650	2363	1617	3724	1184	3065	1694	3626	671	3120	3248	2310	1098	2121	621	1144	1133	4306	2263	0	913	500	1637	2542	1554	314	2820	1522	2580	401	1775	886	2517	2002	1221	2568	3379	671	1371	823	579	1155	1594	1532	1291	1417	2989	1641	2773	2965	
3632	1777	1037	3626	2832	2157	3131	1549	1202	2748	2915	2237	1412	1046	2832	1479	1323	2339	3435	2346	1839	1664	2224	3027	1410	1245	3724	1946	2389	3774	2036	2152	2514	3690	1536	2211	2344	1407	1353	2969	324	236	1610	3445	1366	913	0	837	1842	1640	2249	1109	1920	749	1800	1286	1171	1471	1604	1974	497	1988	2468	642	2151	1550	338	1987	1793	653	544	2299	2790	1001	2187	2145	
4215	2506	526	4032	3378	2791	3542	1251	1923	3271	3713	1901	2101	1499	3547	1935	1997	3141	3809	1516	2399	1057	3015	3547	2000	884	4100	1878	2080	4169	1260	2890	1703	4074	1114	2980	3130	2207	1549	2530	524	1015	801	3988	2031	500	837	0	1191	2315	1412	813	2717	1573	2634	850	1358	1385	2348	1512	1290	2116	3171	963	1329	728	554	1196	1144	1486	1351	1549	3355	1249	2962	2624	
4343	3048	805	5219	4563	3130	4730	2268	2530	4459	4339	2793	3232	2684	3974	2162	2519	3810	4992	1378	2673	1817	3657	4736	2395	722	5283	1395	2976	5354	1551	3413	1667	5258	2065	3570	3752	2935	2728	3239	1614	1914	625	4061	2531	1637	1842	1191	0	2786	1145	1917	3397	2574	3560	1861	1484	2497	2937	542	2339	1838	3599	2147	1342	1118	1677	1452	49	2391	2385	1828	4536	1515	4027	2737	
2010	291	2164	4476	3499	528	4024	3178	451	3482	1569	3857	2114	2335	1236	710	321	1096	4361	3776	440	3287	928	3724	396	2071	4619	1892	3998	4631	3575	627	3996	4575	3176	804	999	638	2791	4601	1922	1405	2889	1858	284	2542	1640	2315	2786	0	3620	2749	760	1410	1448	2925	1314	3047	304	2572	1581	1536	857	2193	3613	3028	1965	3508	2746	1175	1528	3863	3421	1271	2239	818	
5367	3844	1460	4951	4493	4044	4494	1806	3273	4365	5093	2085	3410	2705	4853	3102	3316	4528	4699	239	3608	1208	4394	4624	3260	1646	4977	2524	2250	5067	645	4227	529	4962	1572	4343	4504	3599	2542	2319	1932	2420	737	5103	3341	1554	2249	1412	1145	3620	0	1682	4103	2978	4043	1510	2425	2146	3701	1680	2687	2940	4472	2222	316	734	1949	575	1148	2898	2751	809	4490	2394	4317	3744	
4740	2873	1338	3345	2815	3266	2868	467	2307	2690	3938	1156	1795	1050	3925	2538	2432	3362	3105	1669	2937	651	3266	2954	2511	1696	3393	2675	1323	3472	1206	3241	1728	3372	429	3276	3390	2457	870	1864	864	1345	1374	4547	2476	314	1109	813	1917	2749	1682	0	2959	1606	2630	218	2069	582	2695	2305	1313	2870	3568	672	1453	986	802	1204	1876	1671	1384	1385	2810	1928	2731	3223	
2171	483	2692	4034	3028	956	3620	3332	868	3039	996	3967	1826	2283	1080	1456	908	425	3957	4230	1163	3567	307	3253	1117	2675	4191	2637	4084	4186	3954	481	4419	4145	3383	359	431	513	2769	4730	2241	1709	3398	2128	914	2820	1920	2717	3397	760	4103	2959	0	1387	862	3161	1984	3124	492	3252	1657	2295	836	2318	4047	3445	2257	3900	3354	1292	1588	4219	2941	1901	1655	1496	
3389	1422	1771	3215	2313	1927	2735	1952	981	2259	2341	2580	832	935	2423	1595	1160	1770	3063	3057	1759	2241	1690	2528	1367	1929	3339	2428	2699	3369	2701	1742	3201	3299	2019	1727	1815	920	1409	3343	1049	667	2358	3261	1211	1522	749	1573	2574	1410	2978	1606	1387	0	1068	1818	1606	1738	1240	2646	301	2331	2101	943	2854	2260	1028	2665	2525	297	231	2938	2254	1440	1458	2131	
3015	1250	2775	3176	2168	1790	2772	2916	1275	2184	1503	3477	1104	1738	1883	2016	1419	1028	3107	4125	1888	3278	1049	2392	1680	2869	3335	3117	3566	3327	3763	1343	4267	3288	3021	1187	1154	840	2212	4235	2112	1663	3407	2988	1453	2580	1800	2634	3560	1448	4043	2630	862	1068	0	2847	2344	2640	1147	3545	1365	2872	1691	1958	3922	3328	2095	3729	3512	1175	1298	3991	2080	2211	803	2261	
4904	3060	1363	3469	2983	3437	3001	414	2488	2855	4143	1054	2008	1258	4114	2677	2606	3567	3224	1479	3094	434	3468	3114	2671	1724	3509	2728	1231	3592	1001	3431	1522	3490	271	3473	3591	2656	1032	1720	1014	1521	1283	4704	2648	401	1286	850	1861	2925	1510	218	3161	1818	2847	0	2171	661	2884	2286	1522	2955	3753	889	1264	849	962	1006	1823	1870	1593	1169	2983	2040	2945	3366	
2946	1588	994	4759	3905	1650	4268	2535	1134	3840	2881	3218	2428	2212	2490	685	1078	2378	4582	2612	1197	2415	2216	4114	919	792	4867	822	3390	4910	2525	1940	2865	4831	2442	2112	2301	1583	2515	3881	1244	1038	1690	2692	1079	1775	1171	1358	1484	1314	2425	2069	1984	1606	2344	2171	0	2558	1500	1269	1523	823	2115	1796	2482	1955	1324	2441	1447	1325	1526	2829	3851	173	2985	1323	
5057	3124	1909	2812	2382	3575	2349	369	2596	2246	4058	846	1641	906	4153	2949	2745	3496	2565	2085	3297	961	3425	2495	2867	2263	2848	3218	962	2933	1577	3467	2076	2830	588	3465	3550	2651	487	1609	1315	1692	1938	4891	2793	886	1471	1385	2497	3047	2146	582	3124	1738	2640	661	2558	0	2941	2886	1488	3375	3817	856	1876	1510	1236	1606	2456	1891	1552	1665	2392	2404	2566	3615	
2150	183	2263	4211	3225	715	3768	3104	428	3215	1406	3768	1877	2174	1230	968	423	878	4106	3842	742	3268	720	3451	626	2215	4358	2146	3901	4366	3603	549	4047	4314	3124	643	816	368	2646	4523	1909	1375	2981	2035	424	2517	1604	2348	2937	304	3701	2695	492	1240	1147	2884	1500	2941	0	2769	1454	1816	878	2097	3668	3072	1940	3542	2895	1050	1393	3881	3146	1428	1942	1114	
3947	2853	1012	5515	4789	2844	5021	2699	2395	4696	4141	3270	3385	2931	3696	1892	2346	3646	5300	1915	2383	2303	3484	4976	2176	730	5592	924	3454	5656	2086	3193	2205	5564	2514	3375	3567	2834	3053	3755	1821	1981	1139	3652	2348	2002	1974	1512	542	2572	1680	2305	3252	2646	3545	2286	1269	2886	2769	0	2457	1399	3332	2406	1884	1620	1896	1987	551	2417	2489	2367	4753	1359	4099	2382	
3585	1637	1534	3239	2391	2108	2749	1676	1132	2320	2626	2322	934	776	2666	1640	1297	2052	3067	2761	1883	1943	1963	2596	1467	1729	3350	2336	2450	3390	2401	1980	2902	3313	1731	1987	2087	1168	1211	3082	769	497	2084	3438	1348	1221	497	1290	2339	1581	2687	1313	1657	301	1365	1522	1523	1488	1454	2457	0	2299	2329	661	2557	1966	739	2365	2290	407	71	2638	2342	1350	1692	2237	
2552	1822	1663	5533	4644	1613	5046	3334	1597	4589	3012	4008	3163	3020	2438	859	1457	2614	5366	3156	1189	3157	2445	4859	1204	1346	5648	484	4184	5685	3172	2075	3433	5611	3224	2296	2495	2039	3336	4643	2063	1836	2249	2254	1430	2568	1988	2116	1838	1536	2940	2870	2295	2331	2872	2955	823	3375	1816	1399	2299	0	2108	2618	3065	2614	2145	3079	1819	2036	2291	3476	4583	988	3597	1052	
1336	697	3013	4866	3859	497	4456	3981	1267	3873	945	4646	2646	3032	380	1444	1174	788	4792	4631	951	4128	677	4083	1216	2896	5025	2546	4778	5018	4431	370	4853	4978	3997	511	622	1185	3510	5400	2764	2235	3739	1298	1141	3379	2468	3171	3599	857	4472	3568	836	2101	1691	3753	2115	3817	878	3332	2329	2108	0	2975	4470	3885	2800	4365	3562	1927	2267	4717	3771	2100	2467	1086	
4202	2279	1397	3110	2416	2720	2615	1015	1742	2312	3283	1671	1187	537	3319	2114	1889	2711	2899	2254	2443	1320	2624	2589	2014	1698	3191	2535	1807	3252	1836	2632	2353	3161	1076	2647	2748	1827	719	2426	602	848	1738	4035	1937	671	642	963	2147	2193	2222	672	2318	943	1958	889	1796	856	2097	2406	661	2618	2975	0	2041	1489	520	1817	2099	1049	730	2043	2392	1631	2103	2768	
5426	3820	1491	4669	4243	4061	4218	1526	3241	4112	5042	1771	3222	2496	4849	3142	3301	4471	4413	215	3639	922	4343	4367	3270	1734	4689	2676	1935	4781	332	4205	386	4675	1293	4305	4457	3536	2294	2013	1827	2342	816	5173	3330	1371	2151	1329	1342	3613	316	1453	4047	2854	3922	1264	2482	1876	3668	1884	2557	3065	4470	2041	0	602	1832	274	1335	2804	2624	512	4245	2429	4144	3805	
4881	3228	966	4317	3798	3489	3847	1216	2646	3675	4441	1680	2677	1980	4263	2592	2713	3869	4073	797	3078	702	3743	3940	2696	1269	4358	2275	1862	4441	570	3612	975	4339	992	3707	3858	2934	1856	2136	1226	1740	494	4640	2744	823	1550	728	1118	3028	734	986	3445	2260	3328	849	1955	1510	3072	1620	1966	2614	3885	1489	602	0	1234	488	1091	2203	2032	874	3790	1882	3584	3268	
3943	2111	896	3625	2900	2475	3129	1259	1533	2803	3252	1951	1563	1035	3166	1740	1645	2675	3417	2031	2136	1329	2562	3082	1711	1182	3709	2028	2112	3768	1703	2488	2188	3679	1221	2549	2681	1744	1221	2666	84	566	1354	3746	1687	579	338	554	1677	1965	1949	802	2257	1028	2095	962	1324	1236	1940	1896	739	2145	2800	520	1832	1234	0	1657	1628	980	802	1963	2869	1168	2409	2422	
5370	3701	1449	4395	3977	3974	3945	1253	3118	3845	4897	1514	2988	2252	4742	3080	3191	4322	4140	479	3566	648	4201	4098	3181	1734	4415	2719	1683	4507	99	4085	539	4401	1020	4173	4318	3388	2030	1814	1663	2191	860	5127	3224	1155	1987	1196	1452	3508	575	1204	3900	2665	3729	1006	2441	1606	3542	1987	2365	3079	4365	1817	274	488	1657	0	1437	2637	2434	397	3981	2370	3917	3756	
4316	3007	756	5174	4515	3095	4685	2231	2486	4411	4298	2763	3183	2636	3937	2128	2478	3768	4947	1379	2638	1787	3614	4688	2357	680	5238	1382	2946	5309	1536	3373	1667	5213	2030	3529	3710	2890	2684	3217	1566	1865	599	4036	2490	1594	1793	1144	49	2746	1148	1876	3354	2525	3512	1823	1447	2456	2895	551	2290	1819	3562	2099	1335	1091	1628	1437	0	2343	2336	1816	4488	1475	3978	2708	
3178	1233	1601	3512	2608	1701	3031	2061	729	2555	2280	2719	1128	1167	2270	1301	899	1703	3359	2998	1492	2276	1598	2824	1087	1716	3635	2146	2851	3665	2684	1583	3166	3596	2097	1606	1721	786	1616	3476	977	489	2239	3032	950	1532	653	1486	2391	1175	2898	1671	1292	297	1175	1870	1325	1891	1050	2417	407	2036	1927	1049	2804	2203	980	2637	2343	0	353	2940	2548	1163	1686	1856	
3529	1576	1579	3242	2381	2054	2754	1744	1081	2314	2556	2388	914	817	2602	1613	1250	1982	3075	2827	1840	2014	1894	2589	1427	1764	3357	2343	2514	3395	2470	1916	2970	3320	1801	1919	2018	1101	1263	3148	828	516	2142	3385	1301	1291	544	1351	2385	1528	2751	1384	1588	231	1298	1593	1526	1552	1393	2489	71	2291	2267	730	2624	2032	802	2434	2336	353	0	2708	2330	1354	1643	2198	
5748	4045	1840	4371	4042	4339	3943	1296	3461	3904	5215	1363	3176	2422	5092	3460	3544	4638	4109	608	3939	742	4523	4144	3546	2131	4375	3115	1509	4473	305	4427	449	4366	1088	4504	4642	3706	2130	1510	1980	2515	1253	5510	3578	1417	2299	1549	1828	3863	809	1385	4219	2938	3991	1169	2829	1665	3881	2367	2638	3476	4717	2043	512	874	1963	397	1816	2940	2708	0	4055	2753	4114	4140	
5088	3284	3764	1101	96	3840	770	2760	3099	212	3419	2930	1424	1855	3941	3809	3279	3066	1075	4458	3846	3347	3117	312	3528	4025	1268	4671	2907	1250	3962	3423	4467	1220	2977	3264	3210	2784	1951	3517	2939	2839	4114	5068	3326	2989	2790	3355	4536	3421	4490	2810	2941	2254	2080	2983	3851	2392	3146	4753	2342	4583	3771	2392	4245	3790	2869	3981	4488	2548	2330	4055	0	3681	1330	4232	
3001	1533	939	4586	3734	1653	4094	2395	1038	3668	2826	3082	2259	2040	2479	713	1007	2306	4408	2570	1214	2304	2148	3943	886	800	4694	990	3251	4737	2451	1898	2814	4658	2311	2055	2240	1475	2348	3757	1090	865	1656	2758	1016	1641	1001	1249	1515	1271	2394	1928	1901	1440	2211	2040	173	2404	1428	1359	1350	988	2100	1631	2429	1882	1168	2370	1475	1163	1354	2753	3681	0	2833	1387	
3769	2052	3222	2430	1423	2593	2068	2901	2011	1466	2097	3341	939	1698	2616	2757	2173	1740	2393	4357	2679	3374	1801	1639	2434	3386	2598	3791	3391	2578	3931	2133	4451	2550	3058	1957	1888	1611	2085	4063	2451	2125	3763	3764	2212	2773	2187	2962	4027	2239	4317	2731	1655	1458	803	2945	2985	2566	1942	4099	1692	3597	2467	2103	4144	3584	2409	3917	3978	1686	1643	4114	1330	2833	0	3056	
1624	1026	2315	5276	4308	614	4816	3681	1160	4286	2021	4372	2894	3013	1393	691	976	1713	5152	3934	386	3669	1551	4533	771	2099	5415	1519	4530	5431	3837	1142	4188	5372	3633	1379	1568	1455	3433	5084	2359	1923	3011	1371	926	2965	2145	2624	2737	818	3744	3223	1496	2131	2261	3366	1323	3615	1114	2382	2237	1052	1086	2768	3805	3268	2422	3756	2708	1856	2198	4140	4232	1387	3056	0	


0	 CF149JE 	 0 	 0 	 540  	 1080  	 0  	 0 

1	 CF145ZG 	 1 	 5 	 600  	 840  	 9  	 4 
2	 CF142TE 	 0 	 22 	 540  	 780  	 8  	 4 
3	 CF244BG 	 1 	 2 	 540  	 780  	 6  	 3 
4	 CF244QN	 1 	 9 	 540  	 780  	 8  	 4 
5	 CF145BR 	 1 	 5 	 720  	 960  	 10  	 5 
6	 CF244HY 	 0 	 13 	 600  	 840  	 9  	 4 
7	 CF142QR	 1 	 3 	 720  	 960  	 5  	 2 
8	 CF144SP 	 1 	 2 	 660  	 900  	 5  	 2 
9	 CF244PX 	 1 	 5 	 540  	 780  	 9  	 4 
10	 CF140RD 	 1 	 3 	 540  	 780  	 6  	 3 
11	 CF52EE 	 1 	 4 	 720  	 960  	 9  	 4 
12	 CF144DH	 1 	 9 	 720  	 960  	 9  	 4 
13	 CF141EQ 	 0 	 13 	 720  	 960  	 9  	 4 
14	 CF145AR 	 1 	 1 	 720  	 960  	 5  	 2 
15	 CF146NS 	 1 	 1 	 600  	 840  	 6  	 3 
16	 CF146LZ 	 1 	 5 	 540  	 780  	 8  	 4 
17	 CF145DX 	 1 	 3 	 540  	 780  	 9  	 4 
18	 CF244AH	 1 	 3 	 660  	 900  	 8  	 4 
19	 CF52RJ 	 1 	 10 	 660  	 900  	 10  	 5 
20	 CF146RG 	 1 	 5 	 660  	 900  	 7  	 3 
21	 CF142JL 	 1 	 8 	 540  	 780  	 10  	 5 
22	 CF145DY 	 1 	 6 	 720  	 960  	 7  	 3 
23	 CF244PF 	 1 	 10 	 660  	 900  	 7  	 3 
24	 CF146PB 	 1 	 1 	 660  	 900  	 8  	 4 
25	 CF147BB 	 1 	 6 	 600  	 840  	 7  	 3 
26	 CF244BE 	 1 	 4 	 660  	 900  	 9  	 4 
27	 CF147TP 	 1 	 9 	 720  	 960  	 6  	 3 
28	 CF52YJ 	 1 	 10 	 600  	 840  	 7  	 3 
29	 CF244BA 	 0 	 20 	 720  	 960  	 5  	 2 
30	 CF52RU 	 1 	 2 	 660  	 900  	 5  	 2 
31	 CF145BY 	 1 	 7 	 720  	 960  	 8  	 4 
32	 CF52RD 	 1 	 5 	 540  	 780  	 5  	 2 
33	 CF244AU	 1 	 3 	 540  	 780  	 9  	 4 
34	 CF142HZ 	 1 	 5 	 600  	 840  	 7  	 3 
35	 CF145ER 	 1 	 5 	 600  	 840  	 8  	 4 
36	 CF145PD 	 1 	 7 	 600  	 840  	 8  	 4 
37	 CF145DL 	 1 	 2 	 720  	 960  	 7  	 3 
38	 CF142SA 	 1 	 1 	 660  	 900  	 6  	 3 
39	 CF52JJ 	 1 	 7 	 660  	 900  	 5  	 2 
40	 CF141PR 	 1 	 3 	 720  	 960  	 6  	 3 
41	 CF141TA 	 1 	 9 	 720  	 960  	 7  	 3 
42	 CF142BN	 1 	 4 	 660  	 900  	 5  	 2 
43	 CF149EZ 	 1 	 3 	 600  	 840  	 7  	 3 
44	 CF146LW	 1 	 7 	 540  	 780  	 10  	 5 
45	 CF141LS 	 1 	 7 	 600  	 840  	 6  	 3 
46	 CF141QF 	 0 	 1 	 660  	 900  	 6  	 3 
47	 CF142EB 	 1 	 2 	 600  	 840  	 8  	 4 
48	 CF147JQ 	 1 	 8 	 660  	 900  	 9  	 4 
49	 CF145EJ 	 1 	 5 	 600  	 840  	 6  	 3 
50	 CF52DH 	 1 	 2 	 660  	 900  	 5  	 2 
51	 CF142NY	 1 	 4 	 600  	 840  	 8  	 4 
52	 CF145GH	 1 	 1 	 600  	 840  	 7  	 3 
53	 CF144QQ	 1 	 3 	 540  	 780  	 8  	 4 
54	 CF144HF 	 1 	 9 	 720  	 960  	 7  	 3 
55	 CF142HS 	 1 	 3 	 540  	 780  	 8  	 4 
56	 CF146EG 	 1 	 3 	 600  	 840  	 6  	 3 
57	 CF142ST 	 1 	 10 	 720  	 960  	 7  	 3 
58	 CF145EY 	 1 	 10 	 720  	 960  	 7  	 3 
59	 CF147EE 	 1 	 3 	 540  	 780  	 8  	 4 
60	 CF141TT 	 1 	 1 	 600  	 840  	 7  	 3 
61	 CF146UQ	 1 	 7 	 540  	 780  	 10  	 5 
62	 CF145JP 	 0 	 5 	 720  	 960  	 7  	 3 
63	 CF141HH	 1 	 6 	 600  	 840  	 9  	 4 
64	 CF52RS 	 0 	 9 	 600  	 840  	 10  	 5 
65	 CF142FT 	 1 	 1 	 720  	 960  	 8  	 4 
66	 CF141PQ	 1 	 8 	 720  	 960  	 8  	 4 
67	 CF52TE 	 1 	 7 	 660  	 900  	 8  	 4 
68	 CF147JN 	 1 	 2 	 660  	 900  	 5  	 2 
69	 CF144PR 	 1 	 8 	 600  	 840  	 6  	 3 
70	 CF141UD	 1 	 2 	 600  	 840  	 7  	 3 
71	 CF52QT 	 1 	 8 	 720  	 960  	 7  	 3 
72	 CF244QF 	 1 	 1 	 600  	 840  	 5  	 2 
73	 CF146EF 	 1 	 5 	 540  	 780  	 5  	 2 
74	 CF143QL 	 1 	 1 	 660  	 900  	 6  	 3 
75	 CF146QL 	 1 	 2 	 540  	 780  	 6  	 3 
