75

1200
32
10
500

0	1092	1212	2960	1907	1904	2475	1150	1826	1910	2958	1694	1557	1983	3643	1138	1036	671	2716	2156	1245	2525	479	766	3704	3393	1986	1288	4118	645	1672	3922	4359	2624	854	3810	1830	451	1148	2862	1008	1998	4157	3071	1161	1085	1507	2065	3813	1453	3558	4007	1530	1713	460	2092	4555	3173	4165	567	3078	3385	850	2598	1187	2300	3761	639	1928	2387	4151	3222	3816	2068	1198	740	
1092	0	2206	2796	2994	2424	2870	1372	956	2975	3759	779	2573	2609	3555	2044	1748	745	3741	2701	1178	3216	1159	338	3434	4004	3078	2360	5039	1720	859	3640	5160	3649	290	4648	2918	1303	1855	3756	2086	3090	5099	4121	2252	243	1721	3082	3500	2536	4638	3744	1984	2793	1516	3007	5519	4248	5011	1573	3718	4237	1884	3294	2249	3383	3591	453	2975	3380	4913	4202	3520	2904	436	1797	
1212	2206	0	2910	1262	1285	1865	1373	2666	1454	1825	2594	370	1183	3418	287	715	1877	1535	1425	1681	1536	1063	1869	3674	2417	1205	415	2909	935	2500	3885	3197	1444	2023	2632	933	904	706	1668	896	1194	2945	1926	722	2260	1487	876	3819	600	2499	3940	1184	1194	1064	901	3345	2098	2981	650	2094	2206	1104	1595	313	1625	3615	1782	797	1181	3016	2014	3805	956	2139	1010	
2960	2796	2910	0	4172	1746	1445	1817	2131	4354	2948	2271	3129	1998	766	2631	2262	3278	3856	1804	1751	2330	2500	2726	768	2515	4100	3321	4308	3376	2094	984	3947	3798	2943	3682	3813	2616	2227	3272	3602	4083	4452	4290	3549	3035	1504	3398	908	3510	4995	1056	1727	4095	3308	2943	4896	4621	3986	2819	2427	3433	3634	2378	3204	4526	809	2821	3502	3455	3624	3943	896	2643	2362	3500	
1907	2994	1262	4172	0	2508	3050	2563	3687	300	2485	3575	1095	2346	4661	1545	1948	2400	1456	2593	2835	2495	2056	2673	4935	3284	216	856	3031	1275	3524	5145	3604	1389	2736	3029	443	1875	1959	2126	911	255	2991	1585	758	2951	2733	1148	5081	662	1816	5198	2446	226	1484	1620	3276	1495	3310	1568	2984	2648	1157	2527	981	399	4867	2542	908	1425	3528	2057	5066	1871	3082	1211	
1904	2424	1285	1746	2508	0	600	1062	2390	2727	1492	2409	1423	286	2155	1049	879	2492	2134	277	1341	857	1459	2161	2478	1580	2406	1695	2894	2026	2248	2678	2818	2069	2389	2373	2113	1454	777	1678	2128	2385	3002	2574	1997	2591	796	1652	2635	1859	3269	2719	440	2470	2052	1207	3453	2887	2729	1485	1301	2010	2260	932	1598	2832	2372	2163	1766	1723	2542	2312	2613	918	2130	2137	
2475	2870	1865	1445	3050	600	0	1504	2661	3286	1508	2717	1955	703	1675	1644	1468	3030	2460	458	1712	886	2013	2642	2093	1252	2929	2266	2893	2626	2541	2272	2640	2411	2877	2293	2636	2030	1372	1829	2724	2905	3028	2883	2584	3061	1151	2090	2260	2417	3593	2294	950	3031	2647	1591	3477	3234	2622	2081	1062	2006	2860	933	2177	3351	1923	2666	2245	2078	2333	2501	2228	1284	2525	2737	
1150	1372	1373	1817	2563	1062	1504	0	1407	2684	2484	1391	1706	1277	2494	1100	666	1576	2773	1338	333	1890	683	1140	2571	2639	2549	1723	3841	1580	1250	2789	3856	2689	1375	3379	2295	807	717	2567	1847	2544	3927	3201	1850	1557	381	2149	2688	1929	3831	2869	624	2436	1495	1895	4368	3430	3740	1050	2363	2988	1837	1968	1593	2952	2613	1173	2142	2365	3591	3115	2688	1706	1069	1704	
1826	956	2666	2131	3687	2390	2661	1407	0	3724	3867	183	3029	2643	2892	2430	2025	1682	4151	2648	1079	3246	1645	1132	2654	3899	3729	2933	5242	2465	166	2844	5207	4064	1227	4757	3519	1826	2101	3972	2820	3734	5332	4569	2929	1176	1594	3508	2692	3132	5165	2957	1985	3511	2285	3297	5774	4764	5116	2135	3660	4378	2675	3322	2807	4085	2869	1280	3462	3752	4925	4519	2720	3113	635	2566	
1910	2975	1454	4354	300	2727	3286	2684	3724	0	2781	3601	1341	2585	4871	1725	2102	2335	1750	2832	2935	2769	2125	2667	5120	3572	512	1039	3319	1265	3565	5332	3902	1685	2704	3328	731	1948	2127	2426	905	551	3274	1853	834	2908	2887	1442	5261	869	2015	5390	2629	260	1461	1902	3546	1725	3606	1653	3268	2948	1094	2804	1151	470	5068	2529	1199	1724	3828	2348	5250	2141	3105	1178	
2958	3759	1825	2948	2485	1492	1508	2484	3867	2781	0	3870	1614	1224	3042	1822	2016	3624	1286	1269	2796	652	2639	3452	3543	873	2290	2039	1410	2758	3718	3701	1407	1286	3656	895	2051	2548	1906	448	2650	2254	1531	1611	2412	3883	2279	1339	3713	2067	2294	3702	1882	2580	2886	951	1982	2006	1258	2403	663	519	2901	588	2035	2631	3319	3412	1584	1083	1195	1073	3676	891	3536	2823	
1694	779	2594	2271	3575	2409	2717	1391	183	3601	3870	0	2960	2652	3035	2369	1979	1513	4097	2674	1074	3260	1552	976	2817	3943	3626	2842	5232	2337	184	3010	5226	4009	1055	4763	3425	1731	2062	3955	2697	3632	5316	4509	2817	995	1617	3448	2860	3037	5091	3122	1991	3394	2152	3262	5754	4691	5124	2038	3693	4377	2540	3337	2717	3973	3022	1125	3391	3703	4950	4484	2887	3092	497	2435	
1557	2573	370	3129	1095	1423	1955	1706	3029	1341	1614	2960	0	1251	3578	608	1041	2214	1168	1498	2025	1455	1433	2235	3881	2304	983	425	2587	1185	2863	4087	2937	1076	2384	2362	690	1272	1005	1389	1036	962	2613	1556	799	2620	1774	511	4033	493	2137	4134	1426	1094	1348	663	3002	1736	2700	1007	1987	1939	1296	1500	433	1410	3793	2145	436	832	2782	1667	4015	828	2508	1231	
1983	2609	1183	1998	2346	286	703	1277	2643	2585	1224	2652	1251	0	2351	994	948	2606	1863	247	1578	613	1572	2327	2713	1421	2226	1573	2619	2013	2497	2907	2580	1802	2548	2114	1933	1534	835	1393	2065	2203	2723	2301	1905	2760	1055	1416	2873	1718	3001	2941	661	2331	2068	945	3173	2624	2473	1506	1118	1740	2230	691	1493	2649	2584	2313	1553	1457	2315	2026	2848	646	2344	2116	
3643	3555	3418	766	4661	2155	1675	2494	2892	4871	3042	3035	3578	2351	0	3154	2839	4009	4124	2118	2476	2507	3170	3471	607	2415	4561	3832	4294	4000	2859	691	3795	4080	3692	3640	4268	3266	2782	3431	4188	4540	4454	4538	4101	3793	2144	3761	761	4006	5249	667	2270	4611	3956	3266	4880	4900	3897	3434	2427	3470	4254	2534	3725	4987	287	3558	3904	3751	3470	4100	710	2958	3123	4122	
1138	2044	287	2631	1545	1049	1644	1100	2430	1725	1822	2369	608	994	3154	0	436	1807	1730	1223	1416	1438	885	1713	3396	2322	1492	691	3008	1025	2264	3608	3221	1641	1890	2673	1219	754	419	1735	1080	1481	3060	2140	952	2125	1200	1080	3539	884	2743	3665	904	1466	1104	970	3475	2341	3030	582	2000	2250	1236	1504	574	1911	3345	1645	1045	1346	3016	2159	3526	931	1932	1124	
1036	1748	715	2262	1948	879	1468	666	2025	2102	2016	1979	1041	948	2839	436	0	1660	2127	1122	988	1514	633	1437	3031	2365	1912	1093	3300	1180	1862	3246	3421	2040	1642	2901	1647	587	115	2015	1349	1904	3369	2548	1287	1867	786	1491	3167	1295	3168	3311	575	1846	1181	1289	3798	2767	3263	619	2056	2489	1428	1590	967	2326	3009	1399	1476	1726	3186	2509	3158	1157	1572	1298	
671	745	1877	3278	2400	2492	3030	1576	1682	2335	3624	1513	2214	2606	4009	1807	1660	0	3360	2758	1534	3170	1036	588	3977	4025	2518	1908	4786	1149	1565	4191	5027	3267	458	4479	2407	1084	1775	3533	1497	2536	4822	3696	1708	598	1957	2716	4064	2050	4140	4287	2083	2185	939	2762	5215	3766	4836	1237	3716	4055	1247	3245	1821	2772	4088	464	2563	3046	4814	3881	4076	2735	1079	1192	
2716	3741	1535	3856	1456	2134	2460	2773	4151	1750	1286	4097	1168	1863	4124	1730	2127	3360	0	2054	3104	1629	2595	3403	4548	2158	1240	1459	1582	2261	3987	4732	2165	93	3551	1603	1115	2439	2058	842	2003	1201	1558	441	1744	3787	2742	659	4713	1356	1139	4754	2337	1626	2452	931	1893	775	1861	2174	1924	1264	2295	1617	1538	1468	4381	3313	800	417	2126	603	4684	1218	3661	2272	
2156	2701	1425	1804	2593	277	458	1338	2648	2832	1269	2674	1498	247	2118	1223	1122	2758	2054	0	1611	618	1722	2437	2500	1303	2471	1819	2678	2232	2510	2689	2559	1998	2665	2133	2178	1706	1013	1507	2300	2447	2795	2486	2147	2868	1057	1643	2663	1964	3192	2719	717	2578	2274	1156	3247	2822	2484	1709	1026	1788	2456	689	1736	2893	2356	2437	1791	1657	2277	2163	2636	849	2405	2338	
1245	1178	1681	1751	2835	1341	1712	333	1079	2935	2796	1074	2025	1578	2476	1416	988	1534	3104	1611	0	2188	839	1014	2473	2899	2835	2011	4165	1767	925	2691	4155	3020	1246	3690	2591	1000	1047	2894	2067	2833	4253	3531	2102	1391	566	2477	2575	2216	4156	2780	917	2694	1649	2228	4695	3754	4050	1283	2637	3305	2018	2265	1881	3229	2560	1087	2461	2697	3883	3448	2582	2035	813	1888	
2525	3216	1536	2330	2495	857	886	1890	3246	2769	652	3260	1455	613	2507	1438	1514	3170	1629	618	2188	0	2147	2927	2967	885	2333	1856	2062	2451	3102	3138	1967	1593	3144	1518	2054	2087	1399	944	2427	2302	2182	2033	2223	3361	1652	1396	3135	1947	2742	3150	1271	2534	2542	884	2634	2402	1872	2005	563	1170	2638	78	1811	2729	2772	2905	1604	1287	1702	1617	3101	629	2957	2538	
479	1159	1063	2500	2056	1459	2013	683	1645	2125	2639	1552	1433	1572	3170	885	633	1036	2595	1722	839	2147	0	830	3252	2992	2086	1290	3885	928	1480	3471	4046	2504	1019	3517	1875	181	748	2605	1238	2090	3942	2989	1302	1250	1030	1937	3367	1487	3545	3552	1064	1894	819	1849	4360	3148	3878	491	2685	3099	1179	2223	1165	2454	3296	774	1853	2225	3817	3043	3368	1764	1081	1049	
766	338	1869	2726	2673	2161	2642	1140	1132	2667	3452	976	2235	2327	3471	1713	1437	588	3403	2437	1014	2927	830	0	3407	3736	2750	2023	4715	1404	999	3619	4857	3311	236	4337	2584	967	1547	3434	1770	2762	4771	3782	1926	434	1510	2745	3488	2201	4301	3718	1726	2476	1206	2679	5188	3911	4699	1234	3443	3922	1585	3004	1911	3065	3533	148	2637	3045	4617	3868	3503	2587	504	1489	
3704	3434	3674	768	4935	2478	2093	2571	2654	5120	3543	2817	3881	2713	607	3396	3031	3977	4548	2500	2473	2967	3252	3407	0	2978	4857	4086	4842	4139	2656	219	4378	4496	3612	4194	4568	3374	2994	3907	4369	4840	4997	4975	4317	3677	2270	4126	170	4273	5684	311	2492	4861	4065	3654	5430	5320	4466	3585	2958	3996	4397	3003	3969	5284	355	3514	4243	4157	4053	4580	136	3348	2998	4263	
3393	4004	2417	2515	3284	1580	1252	2639	3899	3572	873	3943	2304	1421	2415	2322	2365	4025	2158	1303	2899	885	2992	3736	2978	0	3103	2718	1884	3336	3772	3103	1432	2156	3961	1226	2842	2948	2251	1319	3303	3068	2049	2473	3090	4168	2335	2142	3146	2790	3138	3082	2020	3352	3426	1673	2467	2870	1488	2885	323	1123	3520	823	2683	3467	2702	3730	2376	1931	1111	1892	3101	1480	3702	3422	
1986	3078	1205	4100	216	2406	2929	2549	3729	512	2290	3626	983	2226	4561	1492	1912	2518	1240	2471	2835	2333	2086	2750	4857	3103	0	826	2815	1375	3565	5064	3390	1173	2829	2816	293	1905	1911	1922	1022	39	2776	1376	826	3051	2691	961	5006	621	1649	5114	2380	413	1586	1451	3065	1309	3094	1596	2807	2438	1290	2361	956	427	4775	2625	731	1221	3318	1840	4990	1716	3138	1327	
1288	2360	415	3321	856	1695	2266	1723	2933	1039	2039	2842	425	1573	3832	691	1093	1908	1459	1819	2011	1856	1290	2023	4086	2718	826	0	2960	806	2768	4297	3350	1367	2140	2772	587	1111	1103	1800	614	822	2972	1789	375	2373	1878	844	4229	205	2279	4354	1594	779	993	1088	3340	1888	3104	806	2398	2351	883	1906	130	1233	4029	1914	659	1190	3202	2010	4216	1237	2363	833	
4118	5039	2909	4308	3031	2894	2893	3841	5242	3319	1410	5232	2587	2619	4294	3008	3300	4786	1582	2678	4165	2062	3885	4715	4842	1884	2815	2960	0	3762	5089	4977	854	1659	4897	659	2694	3761	3200	1285	3546	2776	180	1516	3286	5131	3671	2117	5012	2896	1856	4961	3263	3207	3934	2037	589	1818	538	3552	1888	893	3833	1995	3011	2986	4579	4652	2327	1770	1042	979	4969	2148	4865	3793	
645	1720	935	3376	1275	2026	2626	1580	2465	1265	2758	2337	1185	2013	4000	1025	1180	1149	2261	2232	1767	2451	928	1404	4139	3336	1375	806	3762	0	2308	4357	4115	2170	1461	3543	1260	775	1261	2571	366	1391	3777	2569	560	1678	1873	1648	4263	917	2992	4432	1753	1073	211	1820	4146	2620	3884	567	3013	3118	258	2514	753	1663	4152	1270	1462	1993	3945	2817	4260	1890	1841	124	
1672	859	2500	2094	3524	2248	2541	1250	166	3565	3718	184	2863	2497	2859	2264	1862	1565	3987	2510	925	3102	1480	999	2656	3772	3565	2768	5089	2308	0	2852	5066	3900	1115	4610	3354	1661	1939	3816	2661	3569	5177	4404	2767	1091	1454	3343	2704	2966	4999	2962	1837	3350	2132	3136	5617	4598	4970	1970	3526	4228	2522	3179	2641	3923	2853	1146	3296	3588	4787	4359	2729	2956	495	2411	
3922	3640	3885	984	5145	2678	2272	2789	2844	5332	3701	3010	4087	2907	691	3608	3246	4191	4732	2689	2691	3138	3471	3619	219	3103	5064	4297	4977	4357	2852	0	4486	4681	3822	4325	4775	3593	3208	4074	4586	5047	5136	5155	4532	3883	2488	4322	165	4483	5866	119	2704	5073	4284	3845	5564	5505	4587	3802	3102	4143	4615	3172	4182	5492	405	3728	4444	4344	4161	4747	125	3538	3205	4481	
4359	5160	3197	3947	3604	2818	2640	3856	5207	3902	1407	5226	2937	2580	3795	3221	3421	5027	2165	2559	4155	1967	4046	4857	4378	1432	3390	3350	854	4115	5066	4486	0	2222	5063	581	3214	3954	3310	1550	3961	3351	1023	2231	3709	5288	3613	2546	4544	3334	2675	4453	3239	3750	4260	2297	1280	2581	335	3799	1579	998	4232	1890	3370	3631	4081	4819	2785	2212	326	1602	4496	2293	4921	4168	
2624	3649	1444	3798	1389	2069	2411	2689	4064	1685	1286	4009	1076	1802	4080	1641	2040	3267	93	1998	3020	1593	2504	3311	4496	2156	1173	1367	1659	2170	3900	4681	2222	0	3459	1654	1035	2348	1973	850	1915	1134	1641	516	1656	3695	2664	567	4660	1267	1200	4705	2261	1553	2360	863	1982	825	1922	2082	1912	1301	2206	1586	1446	1420	4334	3221	709	346	2171	680	4632	1156	3571	2182	
854	290	2023	2943	2736	2389	2877	1375	1227	2704	3656	1055	2384	2548	3692	1890	1642	458	3551	2665	1246	3144	1019	236	3612	3961	2829	2140	4897	1461	1115	3822	5063	3459	0	4536	2683	1136	1754	3621	1825	2844	4949	3918	2005	237	1746	2894	3688	2307	4412	3923	1956	2530	1252	2860	5360	4026	4897	1377	3665	4119	1610	3220	2035	3121	3748	246	2772	3204	4828	4034	3704	2783	643	1530	
3810	4648	2632	3682	3029	2373	2293	3379	4757	3328	895	4763	2362	2114	3640	2673	2901	4479	1603	2133	3690	1518	3517	4337	4194	1226	2816	2772	659	3543	4610	4325	581	1654	4536	0	2635	3415	2793	973	3383	2777	830	1716	3129	4765	3166	1965	4363	2753	2238	4307	2774	3171	3692	1731	1240	2089	363	3246	1256	426	3655	1444	2795	3071	3926	4291	2204	1631	540	1069	4320	1753	4431	3593	
1830	2918	933	3813	443	2113	2636	2295	3519	731	2051	3425	690	1933	4268	1219	1647	2407	1115	2178	2591	2054	1875	2584	4568	2842	293	587	2694	1260	3354	4775	3214	1035	2683	2635	0	1695	1638	1707	941	272	2673	1341	701	2911	2418	711	4718	388	1734	4823	2097	538	1468	1177	2994	1360	2931	1387	2541	2241	1230	2085	715	719	4483	2467	468	1010	3120	1715	4701	1432	2944	1237	
451	1303	904	2616	1875	1454	2030	807	1826	1948	2548	1731	1272	1534	3266	754	587	1084	2439	1706	1000	2087	181	967	3374	2948	1905	1111	3761	775	1661	3593	3954	2348	1136	3415	1695	0	700	2488	1068	1909	3812	2826	1123	1372	1123	1780	3494	1307	3373	3671	1091	1715	693	1724	4225	2977	3775	309	2636	2994	1031	2161	987	2273	3403	891	1686	2077	3734	2902	3493	1663	1255	898	
1148	1855	706	2227	1959	777	1372	717	2101	2127	1906	2062	1005	835	2782	419	115	1775	2058	1013	1047	1399	748	1547	2994	2251	1911	1103	3200	1261	1939	3208	3310	1973	1754	2793	1638	700	0	1915	1408	1900	3272	2485	1326	1978	781	1433	3134	1300	3117	3270	512	1869	1275	1200	3704	2716	3155	709	1941	2382	1504	1475	981	2330	2960	1512	1436	1653	3073	2423	3123	1054	1666	1377	
2862	3756	1668	3272	2126	1678	1829	2567	3972	2426	448	3955	1389	1393	3431	1735	2015	3533	842	1507	2894	944	2605	3434	3907	1319	1922	1800	1285	2571	3816	4074	1550	850	3621	973	1707	2488	1915	0	2411	1884	1361	1165	2160	3854	2423	1011	4076	1789	1856	4082	2009	2245	2724	771	1801	1559	1314	2296	1105	552	2682	904	1822	2234	3702	3375	1256	701	1419	674	4041	864	3580	2620	
1008	2086	896	3602	911	2128	2724	1847	2820	905	2650	2697	1036	2065	4188	1080	1349	1497	2003	2300	2067	2427	1238	1770	4369	3303	1022	614	3546	366	2661	4586	3961	1915	1825	3383	941	1068	1408	2411	0	1041	3547	2276	260	2041	2101	1435	4500	651	2657	4655	1919	707	573	1698	3896	2295	3711	797	2981	2963	293	2483	621	1297	4358	1636	1220	1782	3816	2581	4494	1826	2200	305	
1998	3090	1194	4083	255	2385	2905	2544	3734	551	2254	3632	962	2203	4540	1481	1904	2536	1201	2447	2833	2302	2090	2762	4840	3068	39	822	2776	1391	3569	5047	3351	1134	2844	2777	272	1909	1900	1884	1041	0	2738	1341	839	3066	2680	927	4990	616	1624	5095	2365	447	1602	1419	3028	1280	3055	1599	2774	2400	1313	2329	952	448	4756	2637	699	1183	3280	1802	4973	1687	3145	1346	
4157	5099	2945	4452	2991	3002	3028	3927	5332	3274	1531	5316	2613	2723	4454	3060	3369	4822	1558	2795	4253	2182	3942	4771	4997	2049	2776	2972	180	3777	5177	5136	1023	1641	4949	830	2673	3812	3272	1361	3547	2738	0	1444	3287	5184	3770	2129	5167	2896	1726	5121	3360	3176	3954	2092	452	1719	714	3593	2040	1022	3836	2118	3030	2924	4739	4704	2328	1786	1220	966	5125	2225	4938	3802	
3071	4121	1926	4290	1585	2574	2883	3201	4569	1853	1611	4509	1556	2301	4538	2140	2548	3696	441	2486	3531	2033	2989	3782	4975	2473	1376	1789	1516	2569	4404	5155	2231	516	3918	1716	1341	2826	2485	1165	2276	1341	1444	0	2025	4153	3180	1061	5140	1653	711	5174	2777	1788	2770	1372	1693	398	1904	2548	2270	1461	2567	2013	1885	1481	4799	3684	1146	858	2256	650	5110	1656	4063	2563	
1161	2252	722	3549	758	1997	2584	1850	2929	834	2412	2817	799	1905	4101	952	1287	1708	1744	2147	2102	2223	1302	1926	4317	3090	826	375	3286	560	2767	4532	3709	1656	2005	3129	701	1123	1326	2160	260	839	3287	2025	0	2228	2065	1176	4454	391	2432	4595	1836	593	770	1461	3637	2061	3456	822	2770	2712	551	2275	417	1156	4285	1800	960	1523	3569	2321	4445	1609	2325	539	
1085	243	2260	3035	2951	2591	3061	1557	1176	2908	3883	995	2620	2760	3793	2125	1867	598	3787	2868	1391	3361	1250	434	3677	4168	3051	2373	5131	1678	1091	3883	5288	3695	237	4765	2911	1372	1978	3854	2041	3066	5184	4153	2228	0	1918	3131	3743	2537	4642	3987	2155	2742	1468	3094	5596	4258	5126	1613	3876	4349	1814	3438	2269	3333	3832	480	3007	3441	5050	4270	3763	3013	679	1742	
1507	1721	1487	1504	2733	796	1151	381	1594	2887	2279	1617	1774	1055	2144	1200	786	1957	2742	1057	566	1652	1030	1510	2270	2335	2691	1878	3671	1873	1454	2488	3613	2664	1746	3166	2418	1123	781	2423	2101	2680	3770	3180	2065	1918	0	2159	2399	2078	3842	2560	416	2631	1814	1825	4218	3445	3523	1315	2078	2795	2130	1728	1752	3108	2282	1551	2195	2326	3334	3018	2394	1589	1377	1996	
2065	3082	876	3398	1148	1652	2090	2149	3508	1442	1339	3448	511	1416	3761	1080	1491	2716	659	1643	2477	1396	1937	2745	4126	2142	961	844	2117	1648	3343	4322	2546	567	2894	1965	711	1780	1433	1011	1435	927	2129	1061	1176	3131	2159	0	4285	792	1686	4357	1772	1243	1828	516	2504	1287	2283	1517	1848	1557	1718	1416	903	1337	3998	2655	247	348	2430	1170	4261	813	3006	1676	
3813	3500	3819	908	5081	2635	2260	2688	2692	5261	3713	2860	4033	2873	761	3539	3167	4064	4713	2663	2575	3135	3367	3488	170	3146	5006	4229	5012	4263	2704	165	4544	4660	3688	4363	4718	3494	3134	4076	4500	4990	5167	5140	4454	3743	2399	4285	0	4419	5850	284	2635	5003	4183	3816	5600	5485	4634	3712	3128	4167	4520	3172	4112	5433	490	3600	4399	4320	4218	4749	56	3511	3066	4387	
1453	2536	600	3510	662	1859	2417	1929	3132	869	2067	3037	493	1718	4006	884	1295	2050	1356	1964	2216	1947	1487	2201	4273	2790	621	205	2896	917	2966	4483	3334	1267	2307	2753	388	1307	1300	1789	651	616	2896	1653	391	2537	2078	792	4419	0	2106	4538	1784	614	1118	1127	3248	1722	3074	999	2475	2340	941	1991	336	1031	4209	2086	569	1137	3205	1930	4404	1319	2555	918	
3558	4638	2499	4995	1816	3269	3593	3831	5165	2015	2294	5091	2137	3001	5249	2743	3168	4140	1139	3192	4156	2742	3545	4301	5684	3138	1649	2279	1856	2992	4999	5866	2675	1200	4412	2238	1734	3373	3117	1856	2657	1624	1726	711	2432	4642	3842	1686	5850	2106	0	5885	3447	2041	3201	2063	1802	401	2340	3077	2956	2068	2935	2721	2393	1560	5510	4191	1702	1546	2768	1252	5820	2355	4626	2960	
4007	3744	3940	1056	5198	2719	2294	2869	2957	5390	3702	3122	4134	2941	667	3665	3311	4287	4754	2719	2780	3150	3552	3718	311	3082	5114	4354	4961	4432	2962	119	4453	4705	3923	4307	4823	3671	3270	4082	4655	5095	5121	5174	4595	3987	2560	4357	284	4538	5885	0	2763	5131	4363	3874	5547	5528	4562	3875	3093	4135	4689	3181	4240	5541	383	3825	4484	4370	4128	4754	242	3567	3309	4556	
1530	1984	1184	1727	2446	440	950	624	1985	2629	1882	1991	1426	661	2270	904	575	2083	2337	717	917	1271	1064	1726	2492	2020	2380	1594	3263	1753	1837	2704	3239	2261	1956	2774	2097	1091	512	2009	1919	2365	3360	2777	1836	2155	416	1772	2635	1784	3447	2763	0	2369	1742	1414	3806	3053	3133	1189	1740	2394	2002	1349	1478	2804	2448	1734	1829	1920	2969	2601	2622	1173	1693	1872	
1713	2793	1194	4095	226	2470	3031	2436	3511	260	2580	3394	1094	2331	4611	1466	1846	2185	1626	2578	2694	2534	1894	2476	4861	3352	413	779	3207	1073	3350	5073	3750	1553	2530	3171	538	1715	1869	2245	707	447	3176	1788	593	2742	2631	1243	5003	614	2041	5131	2369	0	1278	1679	3473	1715	3464	1415	3044	2779	939	2573	891	591	4809	2343	997	1548	3659	2229	4991	1905	2898	1001	
460	1516	1064	3308	1484	2052	2647	1495	2285	1461	2886	2152	1348	2068	3956	1104	1181	939	2452	2274	1649	2542	819	1206	4065	3426	1586	993	3934	211	2132	4284	4260	2360	1252	3692	1468	693	1275	2724	573	1602	3954	2770	770	1468	1814	1828	4183	1118	3201	4363	1742	1278	0	1963	4331	2828	4038	567	3104	3266	391	2608	925	1869	4095	1068	1651	2169	4079	2998	4183	2007	1656	284	
2092	3007	901	2943	1620	1207	1591	1895	3297	1902	951	3262	663	945	3266	970	1289	2762	931	1156	2228	884	1849	2679	3654	1673	1451	1088	2037	1820	3136	3845	2297	863	2860	1731	1177	1724	1200	771	1698	1419	2092	1372	1461	3094	1825	516	3816	1127	2063	3874	1414	1679	1963	0	2514	1680	2081	1525	1366	1305	1953	910	1086	1844	3510	2615	721	517	2126	1223	3790	308	2859	1879	
4555	5519	3345	4896	3276	3453	3477	4368	5774	3546	1982	5754	3002	3173	4880	3475	3798	5215	1893	3247	4695	2634	4360	5188	5430	2467	3065	3340	589	4146	5617	5564	1280	1982	5360	1240	2994	4225	3704	1801	3896	3028	452	1693	3637	5596	4218	2504	5600	3248	1802	5547	3806	3473	4331	2514	0	1893	1036	3995	2478	1472	4188	2570	3407	3162	5165	5116	2686	2170	1541	1335	5557	2662	5369	4163	
3173	4248	2098	4621	1495	2887	3234	3430	4764	1725	2006	4691	1736	2624	4900	2341	2767	3766	775	2822	3754	2402	3148	3911	5320	2870	1309	1888	1818	2620	4598	5505	2581	825	4026	2089	1360	2977	2716	1559	2295	1280	1719	398	2061	4258	3445	1287	5485	1722	401	5528	3053	1715	2828	1680	1893	0	2249	2683	2662	1853	2579	2387	2000	1297	5156	3802	1302	1167	2628	1035	5456	1979	4229	2595	
4165	5011	2981	3986	3310	2729	2622	3740	5116	3606	1258	5124	2700	2473	3897	3030	3263	4836	1861	2484	4050	1872	3878	4699	4466	1488	3094	3104	538	3884	4970	4587	335	1922	4897	363	2931	3775	3155	1314	3711	3055	714	1904	3456	5126	3523	2283	4634	3074	2340	4562	3133	3464	4038	2081	1036	2249	0	3601	1568	781	3987	1797	3134	3321	4184	4652	2516	1941	512	1283	4588	2114	4794	3930	
567	1573	650	2819	1568	1485	2081	1050	2135	1653	2403	2038	1007	1506	3434	582	619	1237	2174	1709	1283	2005	491	1234	3585	2885	1596	806	3552	567	1970	3802	3799	2082	1377	3246	1387	309	709	2296	797	1599	3593	2548	822	1613	1315	1517	3712	999	3077	3875	1189	1415	567	1525	3995	2683	3601	0	2566	2821	821	2075	685	1966	3589	1139	1403	1831	3598	2663	3708	1513	1558	688	
3078	3718	2094	2427	2984	1301	1062	2363	3660	3268	663	3693	1987	1118	2427	2000	2056	3716	1924	1026	2637	563	2685	3443	2958	323	2807	2398	1888	3013	3526	3102	1579	1912	3665	1256	2541	2636	1941	1105	2981	2774	2040	2270	2770	3876	2078	1848	3128	2475	2956	3093	1740	3044	3104	1366	2478	2662	1568	2566	0	1043	3197	500	2362	3181	2709	3431	2077	1661	1276	1731	3087	1161	3431	3100	
3385	4237	2206	3433	2648	2010	2006	2988	4378	2948	519	4377	1939	1740	3470	2250	2489	4055	1264	1788	3305	1170	3099	3922	3996	1123	2438	2351	893	3118	4228	4143	998	1301	4119	426	2241	2994	2382	552	2963	2400	1022	1461	2712	4349	2795	1557	4167	2340	2068	4135	2394	2779	3266	1305	1472	1853	781	2821	1043	0	3233	1103	2372	2720	3752	3873	1799	1232	880	823	4126	1335	4032	3170	
850	1884	1104	3634	1157	2260	2860	1837	2675	1094	2901	2540	1296	2230	4254	1236	1428	1247	2295	2456	2018	2638	1179	1585	4397	3520	1290	883	3833	258	2522	4615	4232	2206	1610	3655	1230	1031	1504	2682	293	1313	3836	2567	551	1814	2130	1718	4520	941	2935	4689	2002	939	391	1953	4188	2579	3987	821	3197	3233	0	2698	867	1525	4409	1443	1508	2066	4077	2871	4518	2055	2044	134	
2598	3294	1595	2378	2527	932	933	1968	3322	2804	588	3337	1500	691	2534	1504	1590	3245	1617	689	2265	78	2223	3004	3003	823	2361	1906	1995	2514	3179	3172	1890	1586	3220	1444	2085	2161	1475	904	2483	2329	2118	2013	2275	3438	1728	1416	3172	1991	2721	3181	1349	2573	2608	910	2570	2387	1797	2075	500	1103	2698	0	1865	2752	2802	2982	1631	1288	1624	1577	3137	672	3035	2600	
1187	2249	313	3204	981	1598	2177	1593	2807	1151	2035	2717	433	1493	3725	574	967	1821	1538	1736	1881	1811	1165	1911	3969	2683	956	130	3011	753	2641	4182	3370	1446	2035	2795	715	987	981	1822	621	952	3030	1885	417	2269	1752	903	4112	336	2393	4240	1478	891	925	1086	3407	2000	3134	685	2362	2372	867	1865	0	1361	3919	1805	743	1244	3211	2074	4100	1205	2241	798	
2300	3383	1625	4526	399	2832	3351	2952	4085	470	2631	3973	1410	2649	4987	1911	2326	2772	1468	2893	3229	2729	2454	3065	5284	3467	427	1233	2986	1663	3923	5492	3631	1420	3121	3071	719	2273	2330	2234	1297	448	2924	1481	1156	3333	3108	1337	5433	1031	1560	5541	2804	591	1869	1844	3162	1297	3321	1966	3181	2720	1525	2752	1361	0	5202	2932	1127	1547	3591	2040	5417	2122	3479	1591	
3761	3591	3615	809	4867	2372	1923	2613	2869	5068	3319	3022	3793	2584	287	3345	3009	4088	4381	2356	2560	2772	3296	3533	355	2702	4775	4029	4579	4152	2853	405	4081	4334	3748	3926	4483	3403	2960	3702	4358	4756	4739	4799	4285	3832	2282	3998	490	4209	5510	383	2448	4809	4095	3510	5165	5156	4184	3589	2709	3752	4409	2802	3919	5202	0	3630	4133	4002	3756	4373	436	3203	3156	4275	
639	453	1782	2821	2542	2163	2666	1173	1280	2529	3412	1125	2145	2313	3558	1645	1399	464	3313	2437	1087	2905	774	148	3514	3730	2625	1914	4652	1270	1146	3728	4819	3221	246	4291	2467	891	1512	3375	1636	2637	4704	3684	1800	480	1551	2655	3600	2086	4191	3825	1734	2343	1068	2615	5116	3802	4652	1139	3431	3873	1443	2982	1805	2932	3630	0	2538	2963	4586	3791	3613	2538	650	1351	
1928	2975	797	3502	908	1766	2245	2142	3462	1199	1584	3391	436	1553	3904	1045	1476	2563	800	1791	2461	1604	1853	2637	4243	2376	731	659	2327	1462	3296	4444	2785	709	2772	2204	468	1686	1436	1256	1220	699	2328	1146	960	3007	2195	247	4399	569	1702	4484	1829	997	1651	721	2686	1302	2516	1403	2077	1799	1508	1631	743	1127	4133	2538	0	575	2675	1363	4378	995	2932	1477	
2387	3380	1181	3455	1425	1723	2078	2365	3752	1724	1083	3703	832	1457	3751	1346	1726	3046	417	1657	2697	1287	2225	3045	4157	1931	1221	1190	1770	1993	3588	4344	2212	346	3204	1631	1010	2077	1653	701	1782	1183	1786	858	1523	3441	2326	348	4320	1137	1546	4370	1920	1548	2169	517	2170	1167	1941	1831	1661	1232	2066	1288	1244	1547	4002	2963	575	0	2111	835	4293	812	3277	2023	
4151	4913	3016	3624	3528	2542	2333	3591	4925	3828	1195	4950	2782	2315	3470	3016	3186	4814	2126	2277	3883	1702	3817	4617	4053	1111	3318	3202	1042	3945	4787	4161	326	2171	4828	540	3120	3734	3073	1419	3816	3280	1220	2256	3569	5050	3334	2430	4218	3205	2768	4128	2969	3659	4079	2126	1541	2628	512	3598	1276	880	4077	1624	3211	3591	3756	4586	2675	2111	0	1608	4171	2085	4659	4006	
3222	4202	2014	3943	2057	2312	2501	3115	4519	2348	1073	4484	1667	2026	4100	2159	2509	3881	603	2163	3448	1617	3043	3868	4580	1892	1840	2010	979	2817	4359	4747	1602	680	4034	1069	1715	2902	2423	674	2581	1802	966	650	2321	4270	3018	1170	4749	1930	1252	4754	2601	2229	2998	1223	1335	1035	1283	2663	1731	823	2871	1577	2074	2040	4373	3791	1363	835	1608	0	4714	1429	4077	2838	
3816	3520	3805	896	5066	2613	2228	2688	2720	5250	3676	2887	4015	2848	710	3526	3158	4076	4684	2636	2582	3101	3368	3503	136	3101	4990	4216	4969	4260	2729	125	4496	4632	3704	4320	4701	3493	3123	4041	4494	4973	5125	5110	4445	3763	2394	4261	56	4404	5820	242	2622	4991	4183	3790	5557	5456	4588	3708	3087	4126	4518	3137	4100	5417	436	3613	4378	4293	4171	4714	0	3484	3085	4384	
2068	2904	956	2643	1871	918	1284	1706	3113	2141	891	3092	828	646	2958	931	1157	2735	1218	849	2035	629	1764	2587	3348	1480	1716	1237	2148	1890	2956	3538	2293	1156	2783	1753	1432	1663	1054	864	1826	1687	2225	1656	1609	3013	1589	813	3511	1319	2355	3567	1173	1905	2007	308	2662	1979	2114	1513	1161	1335	2055	672	1205	2122	3203	2538	995	812	2085	1429	3484	0	2717	1966	
1198	436	2139	2362	3082	2130	2525	1069	635	3105	3536	497	2508	2344	3123	1932	1572	1079	3661	2405	813	2957	1081	504	2998	3702	3138	2363	4865	1841	495	3205	4921	3571	643	4431	2944	1255	1666	3580	2200	3145	4938	4063	2325	679	1377	3006	3066	2555	4626	3309	1693	2898	1656	2859	5369	4229	4794	1558	3431	4032	2044	3035	2241	3479	3156	650	2932	3277	4659	4077	3085	2717	0	1938	
740	1797	1010	3500	1211	2137	2737	1704	2566	1178	2823	2435	1231	2116	4122	1124	1298	1192	2272	2338	1888	2538	1049	1489	4263	3422	1327	833	3793	124	2411	4481	4168	2182	1530	3593	1237	898	1377	2620	305	1346	3802	2563	539	1742	1996	1676	4387	918	2960	4556	1872	1001	284	1879	4163	2595	3930	688	3100	3170	134	2600	798	1591	4275	1351	1477	2023	4006	2838	4384	1966	1938	0	


0	 CF142HA	 0 	 0 	 540  	 1080  	 0  	 0 

1	 CF52NP 	 1 	 4 	 660  	 900  	 7  	 3 
2	 CF141AA 	 1 	 3 	 660  	 900  	 5  	 2 
3	 CF244LD 	 1 	 7 	 600  	 840  	 7  	 3 
4	 CF147TA 	 1 	 7 	 600  	 840  	 6  	 3 
5	 CF141SD 	 1 	 5 	 540  	 780  	 8  	 4 
6	 CF144DF 	 1 	 5 	 720  	 960  	 10  	 5 
7	 CF142RS 	 1 	 10 	 600  	 840  	 7  	 3 
8	 CF52AL 	 1 	 3 	 540  	 780  	 5  	 2 
9	 CF147EA 	 1 	 2 	 600  	 840  	 9  	 4 
10	 CF145DL 	 1 	 4 	 540  	 780  	 6  	 3 
11	 CF52BS 	 1 	 5 	 720  	 960  	 6  	 3 
12	 CF141BB 	 1 	 2 	 720  	 960  	 9  	 4 
13	 CF141TU 	 1 	 8 	 660  	 900  	 10  	 5 
14	 CF244RA 	 1 	 5 	 720  	 960  	 5  	 2 
15	 CF141DN	 1 	 3 	 720  	 960  	 8  	 4 
16	 CF142NZ	 1 	 5 	 660  	 900  	 7  	 3 
17	 CF52RW 	 1 	 2 	 600  	 840  	 5  	 2 
18	 CF146JW 	 1 	 8 	 600  	 840  	 9  	 4 
19	 CF144AG	 1 	 8 	 720  	 960  	 10  	 5 
20	 CF142QX	 1 	 6 	 600  	 840  	 7  	 3 
21	 CF144PL 	 1 	 4 	 660  	 900  	 6  	 3 
22	 CF142LJ 	 0 	 23 	 660  	 900  	 7  	 3 
23	 CF52YQ 	 1 	 9 	 540  	 780  	 7  	 3 
24	 CF244FD 	 1 	 9 	 720  	 960  	 10  	 5 
25	 CF144HW 1 	 2 	 660  	 900  	 6  	 3 
26	 CF147DE 	 1 	 9 	 720  	 960  	 6  	 3 
27	 CF147XD 	 1 	 9 	 720  	 960  	 8  	 4 
28	 CF145AG	 1 	 4 	 540  	 780  	 9  	 4 
29	 CF142EL 	 1 	 1 	 660  	 900  	 5  	 2 
30	 CF52BP 	 1 	 10 	 660  	 900  	 6  	 3 
31	 CF244BY 	 1 	 7 	 540  	 780  	 6  	 3 
32	 CF145UX 	 1 	 9 	 540  	 780  	 10  	 5 
33	 CF146JS 	 1 	 4 	 540  	 780  	 7  	 3 
34	 CF52SJ 	 1 	 5 	 540  	 780  	 9  	 4 
35	 CF145DT 	 1 	 5 	 660  	 900  	 10  	 5 
36	 CF147BU 	 1 	 6 	 660  	 900  	 10  	 5 
37	 CF142LE 	 1 	 10 	 540  	 780  	 7  	 3 
38	 CF141LD 	 1 	 1 	 600  	 840  	 9  	 4 
39	 CF145ES 	 1 	 9 	 540  	 780  	 8  	 4 
40	 CF142DF 	 1 	 1 	 660  	 900  	 8  	 4 
41	 CF147BZ 	 1 	 5 	 540  	 780  	 5  	 2 
42	 CF149AW	 1 	 1 	 720  	 960  	 8  	 4 
43	 CF146SW	 1 	 8 	 720  	 960  	 9  	 4 
44	 CF142AY 	 1 	 9 	 600  	 840  	 9  	 4 
45	 CF52ND 	 1 	 4 	 720  	 960  	 8  	 4 
46	 CF142RZ 	 1 	 5 	 660  	 900  	 9  	 4 
47	 CF146EQ 	 1 	 10 	 660  	 900  	 10  	 5 
48	 CF244BJ 	 1 	 8 	 720  	 960  	 8  	 4 
49	 CF147AE 	 1 	 10 	 540  	 780  	 7  	 3 
50	 CF146TQ 	 1 	 8 	 720  	 960  	 8  	 4 
51	 CF244BR 	 1 	 3 	 540  	 780  	 5  	 2 
52	 CF141JX 	 1 	 7 	 720  	 960  	 9  	 4 
53	 CF147BG 	 0 	 1 	 720  	 960  	 7  	 3 
54	 CF142HD	 1 	 10 	 600  	 840  	 7  	 3 
55	 CF146AD	 1 	 8 	 720  	 960  	 6  	 3 
56	 CF149EE 	 1 	 7 	 600  	 840  	 9  	 4 
57	 CF146TR 	 1 	 4 	 600  	 840  	 9  	 4 
58	 CF145YL 	 1 	 5 	 660  	 900  	 9  	 4 
59	 CF141ND	 1 	 3 	 540  	 780  	 6  	 3 
60	 CF144LT 	 1 	 9 	 660  	 900  	 7  	 3 
61	 CF145GR 	 1 	 2 	 540  	 780  	 9  	 4 
62	 CF142BN	 1 	 2 	 600  	 840  	 8  	 4 
63	 CF144NZ	 1 	 1 	 540  	 780  	 5  	 2 
64	 CF142AD	 1 	 10 	 720  	 960  	 9  	 4 
65	 CF147ES 	 1 	 7 	 540  	 780  	 6  	 3 
66	 CF244NN	 1 	 8 	 720  	 960  	 10  	 5 
67	 CF52QA 	 1 	 10 	 720  	 960  	 9  	 4 
68	 CF146EL 	 1 	 6 	 540  	 780  	 6  	 3 
69	 CF146JP 	 1 	 7 	 660  	 900  	 10  	 5 
70	 CF145ND	 1 	 7 	 540  	 780  	 7  	 3 
71	 CF146RG 	 1 	 6 	 720  	 960  	 9  	 4 
72	 CF244BZ 	 1 	 10 	 540  	 780  	 5  	 2 
73	 CF141UH	 1 	 8 	 720  	 960  	 9  	 4 
74	 CF52LD 	 1 	 6 	 660  	 900  	 5  	 2 
75	 CF142BP 	 1 	 3 	 600  	 840  	 9  	 4 
