75

1200
32
10
500

0	5118	1972	4673	3174	1949	3311	1057	1815	784	2805	1818	1056	2047	2952	2144	4008	2589	1075	1097	2693	3510	2923	2923	2916	1309	3930	2513	4004	2887	4556	1458	2923	4386	1486	4418	2923	3813	3075	1560	1536	971	2637	1275	932	5042	3202	3687	1588	1710	1093	2227	667	1875	1404	1267	574	3779	2041	2564	3015	2923	4042	2095	2458	3092	2923	1922	1002	2210	1708	608	4240	3200	3285	968	
5118	0	3596	600	5862	3275	3212	4876	3576	4413	2359	3306	6088	3405	5014	3588	1360	3614	4083	4763	3974	1950	2297	2297	4084	3828	1210	2762	1454	3490	1247	4557	2297	1269	5575	1196	2297	1375	2372	3961	3626	4421	5183	3946	5761	133	2135	1493	3861	5896	6108	3519	4751	3635	3740	5675	5690	1574	5317	5814	2123	2297	1358	5414	5303	2796	2297	5743	4859	5192	3826	5725	912	6014	1837	6060	
1972	3596	0	3053	4464	573	1364	1331	247	1200	1773	1174	2693	1953	3900	213	2299	726	1004	1217	1030	2594	1961	1961	1288	928	2570	855	2916	990	3458	963	1961	3281	1983	3282	1961	2547	1263	1997	1358	1910	3757	1557	2297	3492	2290	2105	384	2301	3063	275	1374	103	858	2111	2491	2064	3405	4016	1561	1961	2903	3494	3692	1132	1961	2156	1329	3456	2016	2521	2685	4550	1969	2733	
4673	600	3053	0	5711	2777	2613	4355	3053	3941	2009	2889	5611	3103	4879	3030	774	3028	3616	4242	3382	1807	1991	1991	3487	3368	939	2241	1414	2896	1445	4016	1991	1390	5036	1322	1991	1148	1806	3633	3227	4044	5004	3558	5266	472	1908	988	3339	5353	5696	2957	4263	3100	3276	5151	5246	999	5065	5597	1658	1991	1309	5165	5099	2205	1990	5186	4343	4964	3510	5281	452	5856	1455	5596	
3174	5862	4464	5711	0	4047	5734	4170	4220	3528	3838	3450	3798	2800	856	4678	5391	5190	3534	4174	5459	3924	3784	3784	5714	3541	4772	4420	4410	5439	4751	4461	3784	4656	4653	4723	3784	4565	4930	2499	3150	2602	741	2908	3962	5858	3805	4962	4172	4844	2903	4729	3711	4367	3607	4403	3225	5241	1138	671	4413	3784	4505	1079	774	5275	3785	5090	4111	1019	2528	3237	5283	163	4363	3588	
1949	3275	573	2777	4047	0	1688	1614	384	1181	1238	636	2836	1413	3427	746	2074	1213	874	1505	1571	2066	1422	1422	1823	665	2162	564	2431	1417	2986	1370	1422	2808	2349	2817	1422	2104	1131	1549	897	1607	3322	1169	2490	3183	1753	1793	628	2677	3025	760	1486	529	568	2413	2513	1841	3041	3653	1159	1422	2431	3136	3283	1271	1421	2591	1593	3060	1537	2547	2369	4145	1525	2833	
3311	3212	1364	2613	5734	1688	0	2496	1576	2556	2371	2296	3904	3032	5096	1172	1878	749	2366	2393	899	3027	2545	2545	913	2259	2579	1397	3126	458	3562	2033	2545	3408	2938	3379	2545	2667	1141	3236	2584	3248	5007	2847	3476	3084	2807	1961	1739	3199	4391	1093	2676	1467	2176	3163	3799	1707	4719	5332	1838	2545	3069	4813	4971	579	2544	2927	2517	4746	3217	3827	2414	5832	2220	3981	
1057	4876	1331	4355	4170	1614	2496	0	1302	774	2784	1850	1408	2419	3841	1425	3615	1747	1016	114	1745	3592	2948	2948	1939	1244	3776	2116	4011	2042	4571	470	2948	4393	765	4408	2948	3712	2589	2122	1747	1673	3573	1673	986	4779	3271	3384	1016	1091	1998	1512	466	1266	1291	800	1382	3379	3033	3589	2771	2948	4021	3098	3425	2426	2947	1108	60	3172	2230	1403	3965	4211	3136	1491	
1815	3576	247	3053	4220	384	1576	1302	0	1032	1621	941	2608	1715	3653	459	2318	970	796	1189	1276	2448	1805	1805	1534	690	2501	815	2802	1225	3353	1006	1805	3175	2008	3182	1805	2459	1308	1750	1111	1678	3511	1312	2232	3478	2136	2083	286	2333	2908	510	1262	164	615	2100	2355	2083	3167	3779	1489	1805	2798	3258	3448	1279	1805	2226	1290	3214	1769	2387	2665	4307	1878	2629	
784	4413	1200	3941	3528	1181	2556	774	1032	0	2171	1184	1676	1660	3122	1384	3253	1856	332	724	2019	2942	2315	2315	2261	591	3250	1744	3400	2149	3960	940	2315	3785	1505	3808	2315	3155	2298	1350	1007	946	2885	899	1373	4329	2623	2953	818	1816	1876	1464	386	1100	674	1441	1336	3021	2405	2995	2292	2315	3424	2482	2762	2310	2315	1879	720	2511	1456	1369	3519	3586	2600	1656	
2805	2359	1773	2009	3838	1238	2371	2784	1621	2171	0	994	3822	1103	3057	1891	1558	2227	1843	2683	2635	828	191	191	2858	1584	1149	1043	1232	2313	1793	2599	191	1617	3541	1638	191	1011	1276	1624	1280	2062	3105	1591	3544	2302	517	1134	1859	3870	3757	1867	2544	1753	1514	3562	3371	1403	3082	3640	610	191	1253	3183	3164	1798	190	3815	2751	3003	1502	3406	1558	3971	557	3767	
1818	3306	1174	2889	3450	636	2296	1850	941	1184	994	0	2828	780	2802	1367	2286	1848	862	1759	2197	1760	1131	1131	2452	610	2112	983	2218	2050	2777	1754	1131	2603	2614	2627	1131	1996	1535	961	358	1183	2717	693	2555	3236	1440	1920	1070	2940	2808	1391	1564	1104	560	2603	2388	2074	2493	3098	1244	1131	2244	2591	2698	1826	1131	2929	1811	2486	923	2423	2446	3556	1470	2775	
1056	6088	2693	5611	3798	2836	3904	1408	2608	1676	3822	2828	0	3104	3767	2815	4907	3155	2006	1513	3127	4553	3951	3951	3296	2263	4922	3389	5037	3449	5593	1872	3951	5421	1222	5450	3951	4820	3915	2606	2574	2011	3402	2329	440	6004	4241	4624	2334	1232	960	2903	1353	2614	2349	904	619	4673	2742	3134	3967	3951	5069	2764	3183	3816	3951	1583	1391	2957	2757	596	5193	3783	4273	216	
2047	3405	1953	3103	2800	1413	3032	2419	1715	1660	1103	780	3104	0	2082	2148	2649	2625	1410	2348	2977	1556	1116	1116	3232	1226	2204	1656	2085	2818	2603	2427	1116	2446	3165	2490	1116	2030	2135	572	684	1129	2059	791	2925	3362	1291	2231	1811	3475	2833	2171	2037	1879	1225	3088	2561	2476	1981	2548	1628	1116	2146	2082	2089	2523	1116	3527	2369	1913	425	2595	2652	2922	1659	3000	
2952	5014	3900	4879	856	3427	5096	3841	3653	3122	3057	2802	3767	2082	0	4111	4594	4616	3055	3822	4923	3082	2986	2986	5181	3007	3941	3736	3560	4842	3895	4058	2986	3801	4427	3869	2986	3731	4211	1904	2546	2177	411	2364	3837	5012	2981	4164	3652	4662	2989	4152	3376	3809	3057	4219	3154	4458	1070	1081	3650	2986	3656	1088	664	4602	2986	4857	3781	831	1891	3174	4457	1014	3563	3574	
2144	3588	213	3030	4678	746	1172	1425	459	1384	1891	1367	2815	2148	4111	0	2264	513	1208	1313	830	2701	2081	2081	1085	1140	2610	908	2993	781	3524	1013	2081	3349	2025	3346	2081	2604	1224	2208	1567	2121	3970	1770	2407	3479	2405	2109	568	2333	3231	87	1525	313	1071	2181	2649	2033	3617	4228	1615	2081	2973	3707	3905	1002	2081	2156	1432	3669	2224	2678	2683	4763	2034	2868	
4008	1360	2299	774	5391	2074	1878	3615	2318	3253	1558	2286	4907	2649	4594	2264	0	2256	2937	3501	2615	1692	1609	1609	2729	2700	896	1518	1515	2132	1803	3260	1609	1680	4280	1633	1609	1077	1040	3128	2640	3467	4661	2976	4546	1239	1657	430	2603	4594	5061	2190	3554	2352	2604	4406	4578	236	4629	5195	1051	1609	1425	4730	4722	1436	1608	4418	3606	4558	3024	4612	548	5526	1032	4906	
2589	3614	726	3028	5190	1213	749	1747	970	1856	2227	1848	3155	2625	4616	513	2256	0	1710	1645	412	2998	2417	2417	633	1653	2763	1186	3221	300	3722	1285	2417	3553	2215	3539	2417	2796	1272	2716	2070	2631	4481	2282	2727	3495	2725	2197	1058	2492	3659	464	1941	825	1584	2426	3061	2041	4129	4740	1835	2417	3186	4218	4418	834	2416	2248	1768	4182	2727	3087	2738	5276	2258	3233	
1075	4083	1004	3616	3534	874	2366	1016	796	332	1843	862	2006	1410	3055	1208	2937	1710	0	939	1933	2622	1990	1990	2185	260	2919	1438	3073	1989	3634	1044	1990	3458	1775	3480	1990	2823	2004	1195	732	937	2857	718	1703	4001	2302	2628	653	2095	2153	1278	702	901	343	1743	1642	2707	2439	3045	1964	1990	3095	2525	2761	2065	1990	2120	970	2516	1274	1676	3191	3607	2269	1981	
1097	4763	1217	4242	4174	1505	2393	114	1189	724	2683	1759	1513	2348	3822	1313	3501	1645	939	0	1658	3495	2849	2849	1859	1158	3667	2003	3909	1941	4468	382	2849	4291	859	4305	2849	3605	2475	2073	1671	1648	3564	1616	1095	4666	3174	3272	903	1187	2073	1400	465	1152	1199	911	1458	3265	3038	3602	2661	2849	3917	3106	3422	2315	2849	1181	124	3170	2176	1481	3853	4219	3028	1589	
2693	3974	1030	3382	5459	1571	899	1745	1276	2019	2635	2197	3127	2977	4923	830	2615	412	1933	1658	0	3410	2825	2825	258	1923	3163	1595	3630	492	4127	1277	2825	3959	2077	3944	2825	3202	1665	3019	2387	2869	4764	2565	2689	3852	3135	2586	1287	2320	3726	812	2028	1116	1867	2327	3114	2409	4372	4978	2246	2825	3593	4457	4685	1178	2824	2035	1779	4443	3044	3138	3114	5536	2669	3230	
3510	1950	2594	1807	3924	2066	3027	3592	2448	2942	828	1760	4553	1556	3082	2701	1692	2998	2622	3495	3410	0	648	648	3619	2368	882	1818	534	3045	1053	3424	648	891	4354	935	648	668	1886	2127	1979	2664	3235	2244	4306	1937	321	1300	2685	4682	4379	2671	3323	2578	2307	4359	4059	1646	3380	3866	1194	648	609	3476	3354	2450	649	4638	3557	3246	1978	4093	1410	4074	816	4478	
2923	2297	1961	1991	3784	1422	2545	2948	1805	2315	191	1131	3951	1116	2986	2081	1609	2417	1990	2849	2825	648	0	0	3047	1733	1090	1232	1087	2498	1646	2776	0	1472	3708	1498	0	926	1435	1664	1388	2140	3058	1683	3686	2250	331	1179	2038	4037	3847	2058	2693	1940	1668	3720	3483	1477	3076	3618	745	0	1119	3176	3131	1968	1	3989	2914	2983	1532	3518	1542	3921	578	3888	
2923	2297	1961	1991	3784	1422	2545	2948	1805	2315	191	1131	3951	1116	2986	2081	1609	2417	1990	2849	2825	648	0	0	3047	1733	1090	1232	1087	2498	1646	2776	0	1472	3708	1498	0	926	1435	1664	1388	2140	3058	1683	3686	2250	331	1179	2038	4037	3847	2058	2693	1940	1668	3720	3483	1477	3076	3618	745	0	1119	3176	3131	1968	1	3989	2914	2983	1532	3518	1542	3921	578	3888	
2916	4084	1288	3487	5714	1823	913	1939	1534	2261	2858	2452	3296	3232	5181	1085	2729	633	2185	1859	258	3619	3047	3047	0	2181	3328	1815	3816	606	4301	1478	3047	4136	2199	4118	3047	3379	1827	3277	2645	3122	5022	2823	2856	3959	3352	2737	1543	2417	3932	1063	2249	1374	2125	2466	3317	2534	4625	5229	2442	3047	3775	4709	4940	1303	3046	2107	1977	4698	3302	3340	3245	5791	2861	3410	
1309	3828	928	3368	3541	665	2259	1244	690	591	1584	610	2263	1226	3007	1140	2700	1653	260	1158	1923	2368	1733	1733	2181	0	2660	1220	2815	1915	3375	1201	1733	3200	2008	3221	1733	2564	1794	1109	544	990	2841	643	1963	3747	2047	2381	646	2332	2369	1198	960	828	98	1993	1881	2472	2477	3089	1712	1733	2836	2568	2767	1909	1733	2335	1203	2529	1159	1915	2940	3624	2010	2232	
3930	1210	2570	939	4772	2162	2579	3776	2501	3250	1149	2112	4922	2204	3941	2610	896	2763	2919	3667	3163	882	1090	1090	3328	2660	0	1715	619	2723	983	3506	1090	831	4506	800	1090	214	1501	2754	2422	3211	4066	2739	4615	1159	971	622	2778	4833	4903	2554	3604	2589	2577	4573	4500	937	4145	4666	1013	1090	531	4244	4165	2043	1090	4721	3753	4035	2622	4535	529	4918	650	4882	
2513	2762	855	2241	4420	564	1397	2116	815	1744	1043	983	3389	1656	3736	908	1518	1186	1438	2003	1595	1818	1232	1232	1815	1220	1715	0	2085	1276	2616	1803	1232	2441	2816	2438	1232	1698	578	1942	1324	2110	3682	1640	3030	2663	1540	1269	1100	3139	3587	865	2036	880	1122	2914	3077	1284	3476	4081	709	1232	2065	3574	3675	868	1231	3010	2102	3466	1893	3111	1850	4530	1126	3392	
4004	1454	2916	1414	4410	2431	3126	4011	2802	3400	1232	2218	5037	2085	3560	2993	1515	3221	3073	3909	3630	534	1087	1087	3816	2815	619	2085	0	3220	561	3802	1087	385	4765	413	1087	466	2005	2657	2469	3183	3736	2749	4772	1458	808	1212	3060	5094	4899	2950	3775	2916	2746	4793	4560	1545	3906	4381	1389	1087	106	4002	3866	2568	1087	5022	3980	3767	2509	4595	1094	4562	965	4971	
2887	3490	990	2896	5439	1417	458	2042	1225	2149	2313	2050	3449	2818	4842	781	2132	300	1989	1941	492	3045	2498	2498	606	1915	2723	1276	3220	0	3698	1578	2498	3534	2482	3514	2498	2778	1223	2951	2300	2900	4723	2532	3020	3367	2791	2130	1343	2748	3959	717	2241	1092	1839	2705	3361	1932	4391	5004	1858	2498	3176	4482	4668	699	2497	2486	2065	4436	2951	3387	2642	5528	2271	3530	
4556	1247	3458	1445	4751	2986	3562	4571	3353	3960	1793	2777	5593	2603	3895	3524	1803	3722	3634	4468	4127	1053	1646	1646	4301	3375	983	2616	561	3698	0	4355	1646	178	5324	184	1646	927	2475	3174	3021	3716	4112	3294	5332	1303	1353	1602	3614	5653	5431	3477	4336	3462	3307	5354	5108	1895	4344	4784	1910	1646	555	4437	4263	3024	1646	5577	4541	4188	3022	5143	1284	4909	1491	5523	
1458	4557	963	4016	4461	1370	2033	470	1006	940	2599	1754	1872	2427	4058	1013	3260	1285	1044	382	1277	3424	2776	2776	1478	1201	3506	1803	3802	1578	4355	0	2776	4178	1021	4185	2776	3465	2221	2236	1744	1885	3825	1761	1442	4454	3107	3065	742	1339	2454	1096	798	923	1212	1170	1840	3025	3332	3911	2493	2776	3800	3405	3699	2001	2776	1221	502	3447	2318	1863	3646	4515	2884	1961	
2923	2297	1961	1991	3784	1422	2545	2948	1805	2315	191	1131	3951	1116	2986	2081	1609	2417	1990	2849	2825	648	0	0	3047	1733	1090	1232	1087	2498	1646	2776	0	1472	3708	1498	0	926	1435	1664	1388	2140	3058	1683	3686	2250	331	1179	2038	4037	3847	2058	2693	1940	1668	3720	3483	1477	3076	3618	745	0	1119	3176	3131	1968	1	3989	2914	2983	1532	3518	1542	3921	578	3888	
4386	1269	3281	1390	4656	2808	3408	4393	3175	3785	1617	2603	5421	2446	3801	3349	1680	3553	3458	4291	3959	891	1472	1472	4136	3200	831	2441	385	3534	178	4178	1472	0	5146	74	1472	758	2312	3017	2851	3554	4005	3127	5157	1307	1185	1453	3436	5475	5269	3303	4160	3285	3130	5177	4940	1758	4216	4668	1736	1472	378	4310	4149	2864	1472	5399	4363	4066	2867	4975	1180	4812	1315	5353	
1486	5575	1983	5036	4653	2349	2938	765	2008	1505	3541	2614	1222	3165	4427	2025	4280	2215	1775	859	2077	4354	3708	3708	2199	2008	4506	2816	4765	2482	5324	1021	3708	5146	0	5159	3708	4453	3241	2825	2501	2318	4121	2399	820	5473	4033	4082	1728	329	2091	2106	1137	1940	2055	319	1528	4046	3524	4028	3496	3708	4772	3574	3944	2991	3708	437	806	3696	2945	1533	4664	4672	3874	1398	
4418	1196	3282	1322	4723	2817	3379	4408	3182	3808	1638	2627	5450	2490	3869	3346	1633	3539	3480	4305	3944	935	1498	1498	4118	3221	800	2438	413	3514	184	4185	1498	74	5159	0	1498	745	2291	3062	2882	3594	4070	3163	5181	1233	1220	1421	3445	5488	5310	3298	4182	3288	3151	5194	4974	1718	4275	4731	1731	1498	387	4369	4212	2840	1499	5406	4379	4126	2913	5009	1125	4879	1313	5384	
2923	2297	1961	1991	3784	1422	2545	2948	1805	2315	191	1131	3951	1116	2986	2081	1609	2417	1990	2849	2825	648	0	0	3047	1733	1090	1232	1087	2498	1646	2776	0	1472	3708	1498	0	926	1435	1664	1388	2140	3058	1683	3686	2250	331	1179	2038	4037	3847	2058	2693	1940	1668	3720	3483	1477	3076	3618	745	0	1119	3176	3131	1968	1	3989	2914	2983	1532	3518	1542	3921	578	3888	
3813	1375	2547	1148	4565	2104	2667	3712	2459	3155	1011	1996	4820	2030	3731	2604	1077	2796	2823	3605	3202	668	926	926	3379	2564	214	1698	466	2778	927	3465	926	758	4453	745	926	0	1557	2588	2291	3063	3862	2599	4526	1337	772	748	2729	4781	4765	2554	3517	2558	2485	4505	4380	1085	3954	4469	989	926	402	4053	3965	2115	926	4685	3686	3840	2452	4415	743	4711	581	4771	
3075	2372	1263	1806	4930	1131	1141	2589	1308	2298	1276	1535	3915	2135	4211	1224	1040	1272	2004	2475	1665	1886	1435	1435	1827	1794	1501	578	2005	1223	2475	2221	1435	2312	3241	2291	1435	1557	0	2484	1886	2685	4189	2210	3538	2260	1675	925	1587	3554	4156	1151	2566	1323	1696	3374	3634	808	4022	4622	703	1435	1957	4121	4199	567	1434	3380	2584	4000	2420	3667	1477	5046	1079	3931	
1560	3961	1997	3633	2499	1549	3236	2122	1750	1350	1624	961	2606	572	1904	2208	3128	2716	1195	2073	3019	2127	1664	1664	3277	1109	2754	1942	2657	2951	3174	2236	1664	3017	2825	3062	1664	2588	2484	0	653	596	1773	478	2475	3913	1860	2724	1754	3117	2270	2252	1690	1906	1154	2703	2037	2938	1539	2140	2082	1664	2717	1638	1739	2784	1664	3219	2067	1525	156	2070	3182	2599	2179	2485	
1536	3626	1358	3227	3150	897	2584	1747	1111	1007	1280	358	2574	684	2546	1567	2640	2070	732	1671	2387	1979	1388	1388	2645	544	2422	1324	2469	2300	3021	1744	1388	2851	2501	2882	1388	2291	1886	653	0	827	2426	336	2339	3561	1668	2267	1156	2818	2482	1606	1393	1271	554	2448	2095	2430	2158	2768	1594	1388	2506	2256	2388	2145	1388	2852	1699	2166	657	2130	2781	3249	1791	2503	
971	4421	1910	4044	2602	1607	3248	1673	1678	946	2062	1183	2011	1129	2177	2121	3467	2631	937	1648	2869	2664	2140	2140	3122	990	3211	2110	3183	2900	3716	1885	2140	3554	2318	3594	2140	3063	2685	596	827	0	1942	491	1896	4362	2377	3091	1585	2592	1715	2184	1213	1808	1073	2164	1442	3257	1503	2111	2420	2140	3235	1589	1830	2877	2140	2732	1614	1583	749	1475	3595	2671	2596	1889	
2637	5183	3757	5004	741	3322	5007	3573	3511	2885	3105	2717	3402	2059	411	3970	4661	4481	2857	3564	4764	3235	3058	3058	5022	2841	4066	3682	3736	4723	4112	3825	3058	4005	4121	4070	3058	3862	4189	1773	2426	1942	0	2201	3496	5172	3096	4232	3480	4343	2597	4018	3108	3662	2901	3898	2795	4507	673	716	3675	3058	3828	682	254	4540	3058	4555	3513	445	1794	2813	4570	866	3635	3204	
1275	3946	1557	3558	2908	1169	2847	1673	1312	899	1591	693	2329	791	2364	1770	2976	2282	718	1616	2565	2244	1683	1683	2823	643	2739	1640	2749	2532	3294	1761	1683	3127	2399	3163	1683	2599	2210	478	336	491	2201	0	2135	3884	1943	2601	1288	2702	2166	1821	1263	1461	700	2305	1815	2767	1873	2486	1929	1683	2794	1968	2137	2437	1683	2779	1619	1904	561	1850	3110	2997	2115	2240	
932	5761	2297	5266	3962	2490	3476	986	2232	1373	3544	2555	440	2925	3837	2407	4546	2727	1703	1095	2689	4306	3686	3686	2856	1963	4615	3030	4772	3020	5332	1442	3686	5157	820	5181	3686	4526	3538	2475	2339	1896	3496	2135	0	5672	3989	4282	1951	905	1275	2494	1011	2223	2041	505	749	4311	2860	3314	3638	3686	4797	2897	3295	3408	3686	1219	974	3056	2617	745	4857	3964	3966	584	
5042	133	3492	472	5858	3183	3084	4779	3478	4329	2302	3236	6004	3362	5012	3479	1239	3495	4001	4666	3852	1937	2250	2250	3959	3747	1159	2663	1458	3367	1303	4454	2250	1307	5473	1233	2250	1337	2260	3913	3561	4362	5172	3884	5672	0	2104	1395	3763	5793	6041	3409	4663	3533	3658	5577	5615	1458	5289	5795	2038	2250	1358	5387	5286	2674	2249	5635	4764	5170	3781	5650	815	6009	1770	5980	
3202	2135	2290	1908	3805	1753	2807	3271	2136	2623	517	1440	4241	1291	2981	2405	1657	2725	2302	3174	3135	321	331	331	3352	2047	971	1540	808	2791	1353	3107	331	1185	4033	1220	331	772	1675	1860	1668	2377	3096	1943	3989	2104	0	1236	2369	4361	4092	2379	3004	2270	1986	4038	3755	1567	3184	3697	971	331	859	3283	3194	2227	332	4318	3236	3068	1716	3790	1478	3950	665	4170	
3687	1493	2105	988	4962	1793	1961	3384	2083	2953	1134	1920	4624	2231	4164	2109	430	2197	2628	3272	2586	1300	1179	1179	2737	2381	622	1269	1212	2130	1602	3065	1179	1453	4082	1421	1179	748	925	2724	2267	3091	4232	2601	4282	1395	1236	0	2368	4404	4719	2044	3277	2143	2289	4183	4261	347	4212	4773	677	1179	1138	4313	4296	1439	1178	4258	3369	4136	2615	4295	582	5097	601	4609	
1588	3861	384	3339	4172	628	1739	1016	286	818	1859	1070	2334	1811	3652	568	2603	1058	653	903	1287	2685	2038	2038	1543	646	2778	1100	3060	1343	3614	742	2038	3436	1728	3445	2038	2729	1587	1754	1156	1585	3480	1288	1951	3763	2369	2368	0	2055	2679	646	999	289	606	1814	2110	2367	3088	3696	1767	2038	3059	3175	3397	1511	2037	1963	1004	3156	1797	2140	2950	4249	2148	2364	
1710	5896	2301	5353	4844	2677	3199	1091	2333	1816	3870	2940	1232	3475	4662	2333	4594	2492	2095	1187	2320	4682	4037	4037	2417	2332	4833	3139	5094	2748	5653	1339	4037	5475	329	5488	4037	4781	3554	3117	2818	2592	4343	2702	905	5793	4361	4404	2055	0	2165	2412	1440	2261	2381	444	1653	4360	3727	4205	3822	4037	5101	3771	4155	3285	4036	374	1129	3910	3242	1651	4985	4853	4201	1433	
1093	6108	3063	5696	2903	3025	4391	1998	2908	1876	3757	2808	960	2833	2989	3231	5061	3659	2153	2073	3726	4379	3847	3847	3932	2369	4903	3587	4899	3959	5431	2454	3847	5269	2091	5310	3847	4765	4156	2270	2482	1715	2597	2166	1275	6041	4092	4719	2679	2165	0	3315	1718	2967	2467	1780	616	4836	1924	2232	4042	3847	4949	1926	2359	4185	3847	2494	1956	2159	2426	597	5254	2872	4272	745	
2227	3519	275	2957	4729	760	1093	1512	510	1464	1867	1391	2903	2171	4152	87	2190	464	1278	1400	812	2671	2058	2058	1063	1198	2554	865	2950	717	3477	1096	2058	3303	2106	3298	2058	2554	1151	2252	1606	2184	4018	1821	2494	3409	2379	2044	646	2412	3315	0	1611	378	1125	2266	2734	1959	3676	4288	1567	2058	2928	3766	3958	915	2058	2229	1519	3723	2262	2763	2616	4817	1988	2955	
667	4751	1374	4263	3711	1486	2676	466	1262	386	2544	1564	1353	2037	3376	1525	3554	1941	702	465	2028	3323	2693	2693	2249	960	3604	2036	3775	2241	4336	798	2693	4160	1137	4182	2693	3517	2566	1690	1393	1213	3108	1263	1011	4663	3004	3277	999	1440	1718	1611	0	1286	1033	1056	1125	3320	2574	3138	2628	2693	3796	2641	2961	2506	2692	1531	406	2709	1808	1153	3850	3755	2955	1367	
1875	3635	103	3100	4367	529	1467	1266	164	1100	1753	1104	2614	1879	3809	313	2352	825	901	1152	1116	2578	1940	1940	1374	828	2589	880	2916	1092	3462	923	1940	3285	1940	3288	1940	2558	1323	1906	1271	1808	3662	1461	2223	3533	2270	2143	289	2261	2967	378	1286	0	761	2055	2399	2116	3304	3915	1577	1940	2907	3394	3594	1222	1939	2132	1261	3357	1928	2429	2724	4451	1978	2649	
1404	3740	858	3276	3607	568	2176	1291	615	674	1514	560	2349	1225	3057	1071	2604	1584	343	1199	1867	2307	1668	1668	2125	98	2577	1122	2746	1839	3307	1212	1668	3130	2055	3151	1668	2485	1696	1154	554	1073	2901	700	2041	3658	1986	2289	606	2381	2467	1125	1033	761	0	2053	1975	2376	2553	3165	1622	1668	2764	2644	2834	1816	1668	2371	1253	2598	1192	2009	2850	3692	1927	2322	
1267	5675	2111	5151	4403	2413	3163	800	2100	1441	3562	2603	904	3088	4219	2181	4406	2426	1743	911	2327	4359	3720	3720	2466	1993	4573	2914	4793	2705	5354	1170	3720	5177	319	5194	3720	4505	3374	2703	2448	2164	3898	2305	505	5577	4038	4183	1814	444	1780	2266	1056	2055	2053	0	1234	4171	3284	3768	3571	3720	4807	3329	3711	3170	3720	718	820	3466	2833	1235	4764	4415	3931	1079	
574	5690	2491	5246	3225	2513	3799	1382	2355	1336	3371	2388	619	2561	3154	2649	4578	3061	1642	1458	3114	4059	3483	3483	3317	1881	4500	3077	4560	3361	5108	1840	3483	4940	1528	4974	3483	4380	3634	2037	2095	1442	2795	1815	749	5615	3755	4261	2110	1653	616	2734	1125	2399	1975	1234	0	4349	2142	2572	3588	3483	4601	2172	2582	3621	3483	1950	1341	2351	2191	35	4814	3222	3856	456	
3779	1574	2064	999	5241	1841	1707	3379	2083	3021	1403	2074	4673	2476	4458	2033	236	2041	2707	3265	2409	1646	1477	1477	2534	2472	937	1284	1545	1932	1895	3025	1477	1758	4046	1718	1477	1085	808	2938	2430	3257	4507	2767	4311	1458	1567	347	2367	4360	4836	1959	3320	2116	2376	4171	4349	0	4451	5024	856	1477	1465	4552	4559	1233	1476	4188	3370	4389	2840	4383	712	5373	913	4674	
2041	5317	3405	5065	1138	3041	4719	3033	3167	2405	3082	2493	2742	1981	1070	3617	4629	4129	2439	3038	4372	3380	3076	3076	4625	2477	4145	3476	3906	4391	4344	3332	3076	4216	3524	4275	3076	3954	4022	1539	2158	1503	673	1873	2860	5289	3184	4212	3088	3727	1924	3676	2574	3304	2553	3284	2142	4451	0	613	3597	3076	3988	101	441	4302	3076	3961	2973	244	1616	2158	4618	1183	3636	2540	
2564	5814	4016	5597	671	3653	5332	3589	3779	2995	3640	3098	3134	2548	1081	4228	5195	4740	3045	3602	4978	3866	3618	3618	5229	3089	4666	4081	4381	5004	4784	3911	3618	4668	4028	4731	3618	4469	4622	2140	2768	2111	716	2486	3314	5795	3697	4773	3696	4205	2232	4288	3138	3915	3165	3768	2572	5024	613	0	4175	3618	4468	522	521	4913	3619	4464	3530	637	2206	2581	5154	651	4187	2923	
3015	2123	1561	1658	4413	1159	1838	2771	1489	2292	610	1244	3967	1628	3650	1615	1051	1835	1964	2661	2246	1194	745	745	2442	1712	1013	709	1389	1858	1910	2493	745	1736	3496	1731	745	989	703	2082	1594	2420	3675	1929	3638	2038	971	677	1767	3822	4042	1567	2628	1577	1622	3571	3588	856	3597	4175	0	745	1362	3698	3716	1259	745	3708	2751	3540	1984	3623	1228	4541	424	3944	
2923	2297	1961	1991	3784	1422	2545	2948	1805	2315	191	1131	3951	1116	2986	2081	1609	2417	1990	2849	2825	648	0	0	3047	1733	1090	1232	1087	2498	1646	2776	0	1472	3708	1498	0	926	1435	1664	1388	2140	3058	1683	3686	2250	331	1179	2038	4037	3847	2058	2693	1940	1668	3720	3483	1477	3076	3618	745	0	1119	3176	3131	1968	1	3989	2914	2983	1532	3518	1542	3921	578	3888	
4042	1358	2903	1309	4505	2431	3069	4021	2798	3424	1253	2244	5069	2146	3656	2973	1425	3186	3095	3917	3593	609	1119	1119	3775	2836	531	2065	106	3176	555	3800	1119	378	4772	387	1119	402	1957	2717	2506	3235	3828	2794	4797	1358	859	1138	3059	5101	4949	2928	3796	2907	2764	4807	4601	1465	3988	4468	1362	1119	0	4084	3954	2516	1119	5022	3992	3852	2571	4636	992	4657	939	5007	
2095	5414	3494	5165	1079	3136	4813	3098	3258	2482	3183	2591	2764	2082	1088	3707	4730	4218	2525	3106	4457	3476	3176	3176	4709	2568	4244	3574	4002	4482	4437	3405	3176	4310	3574	4369	3176	4053	4121	1638	2256	1589	682	1968	2897	5387	3283	4313	3175	3771	1926	3766	2641	3394	2644	3329	2172	4552	101	522	3698	3176	4084	0	435	4399	3177	4011	3038	291	1717	2186	4718	1113	3736	2560	
2458	5303	3692	5099	774	3283	4971	3425	3448	2762	3164	2698	3183	2089	664	3905	4722	4418	2761	3422	4685	3354	3131	3131	4940	2767	4165	3675	3866	4668	4263	3699	3131	4149	3944	4212	3131	3965	4199	1739	2388	1830	254	2137	3295	5286	3194	4296	3397	4155	2359	3958	2961	3594	2834	3711	2582	4559	441	521	3716	3131	3954	435	0	4523	3131	4380	3365	253	1782	2598	4660	861	3705	2982	
3092	2796	1132	2205	5275	1271	579	2426	1279	2310	1798	1826	3816	2523	4602	1002	1436	834	2065	2315	1178	2450	1968	1968	1303	1909	2043	868	2568	699	3024	2001	1968	2864	2991	2840	1968	2115	567	2784	2145	2877	4540	2437	3408	2674	2227	1439	1511	3285	4185	915	2506	1222	1816	3170	3621	1233	4302	4913	1259	1968	2516	4399	4523	0	1968	3064	2434	4308	2747	3651	1943	5382	1646	3862	
2923	2297	1961	1990	3785	1421	2544	2947	1805	2315	190	1131	3951	1116	2986	2081	1608	2416	1990	2849	2824	649	1	1	3046	1733	1090	1231	1087	2497	1646	2776	1	1472	3708	1499	1	926	1434	1664	1388	2140	3058	1683	3686	2249	332	1178	2037	4036	3847	2058	2692	1939	1668	3720	3483	1476	3076	3619	745	1	1119	3177	3131	1968	0	3989	2913	2983	1532	3518	1542	3922	578	3888	
1922	5743	2156	5186	5090	2591	2927	1108	2226	1879	3815	2929	1583	3527	4857	2156	4418	2248	2120	1181	2035	4638	3989	3989	2107	2335	4721	3010	5022	2486	5577	1221	3989	5399	437	5406	3989	4685	3380	3219	2852	2732	4555	2779	1219	5635	4318	4258	1963	374	2494	2229	1531	2132	2371	718	1950	4188	3961	4464	3708	3989	5022	4011	4380	3064	3989	0	1160	4131	3333	1952	4836	5108	4104	1776	
1002	4859	1329	4343	4111	1593	2517	60	1290	720	2751	1811	1391	2369	3781	1432	3606	1768	970	124	1779	3557	2914	2914	1977	1203	3753	2102	3980	2065	4541	502	2914	4363	806	4379	2914	3686	2584	2067	1699	1614	3513	1619	974	4764	3236	3369	1004	1129	1956	1519	406	1261	1253	820	1341	3370	2973	3530	2751	2914	3992	3038	3365	2434	2913	1160	0	3112	2176	1363	3949	4152	3111	1466	
2210	5192	3456	4964	1019	3060	4746	3172	3214	2511	3003	2486	2957	1913	831	3669	4558	4182	2516	3170	4443	3246	2983	2983	4698	2529	4035	3466	3767	4436	4188	3447	2983	4066	3696	4126	2983	3840	4000	1525	2166	1583	445	1904	3056	5170	3068	4136	3156	3910	2159	3723	2709	3357	2598	3466	2351	4389	244	637	3540	2983	3852	291	253	4308	2983	4131	3112	0	1580	2368	4520	1094	3551	2759	
1708	3826	2016	3510	2528	1537	3217	2230	1769	1456	1502	923	2757	425	1891	2224	3024	2727	1274	2176	3044	1978	1532	1532	3302	1159	2622	1893	2509	2951	3022	2318	1532	2867	2945	2913	1532	2452	2420	156	657	749	1794	561	2617	3781	1716	2615	1797	3242	2426	2262	1808	1928	1192	2833	2191	2840	1616	2206	1984	1532	2571	1717	1782	2747	1532	3333	2176	1580	0	2224	3059	2636	2059	2639	
608	5725	2521	5281	3237	2547	3827	1403	2387	1369	3406	2423	596	2595	3174	2678	4612	3087	1676	1481	3138	4093	3518	3518	3340	1915	4535	3111	4595	3387	5143	1863	3518	4975	1533	5009	3518	4415	3667	2070	2130	1475	2813	1850	745	5650	3790	4295	2140	1651	597	2763	1153	2429	2009	1235	35	4383	2158	2581	3623	3518	4636	2186	2598	3651	3518	1952	1363	2368	2224	0	4848	3232	3891	426	
4240	912	2685	452	5283	2369	2414	3965	2665	3519	1558	2446	5193	2652	4457	2683	548	2738	3191	3853	3114	1410	1542	1542	3245	2940	529	1850	1094	2642	1284	3646	1542	1180	4664	1125	1542	743	1477	3182	2781	3595	4570	3110	4857	815	1478	582	2950	4985	5254	2616	3850	2724	2850	4764	4814	712	4618	5154	1228	1542	992	4718	4660	1943	1542	4836	3949	4520	3059	4848	0	5427	1004	5172	
3200	6014	4550	5856	163	4145	5832	4211	4307	3586	3971	3556	3783	2922	1014	4763	5526	5276	3607	4219	5536	4074	3921	3921	5791	3624	4918	4530	4562	5528	4909	4515	3921	4812	4672	4879	3921	4711	5046	2599	3249	2671	866	2997	3964	6009	3950	5097	4249	4853	2872	4817	3755	4451	3692	4415	3222	5373	1183	651	4541	3921	4657	1113	861	5382	3922	5108	4152	1094	2636	3232	5427	0	4499	3571	
3285	1837	1969	1455	4363	1525	2220	3136	1878	2600	557	1470	4273	1659	3563	2034	1032	2258	2269	3028	2669	816	578	578	2861	2010	650	1126	965	2271	1491	2884	578	1315	3874	1313	578	581	1079	2179	1791	2596	3635	2115	3966	1770	665	601	2148	4201	4272	1988	2955	1978	1927	3931	3856	913	3636	4187	424	578	939	3736	3705	1646	578	4104	3111	3551	2059	3891	1004	4499	0	4234	
968	6060	2733	5596	3588	2833	3981	1491	2629	1656	3767	2775	216	3000	3574	2868	4906	3233	1981	1589	3230	4478	3888	3888	3410	2232	4882	3392	4971	3530	5523	1961	3888	5353	1398	5384	3888	4771	3931	2485	2503	1889	3204	2240	584	5980	4170	4609	2364	1433	745	2955	1367	2649	2322	1079	456	4674	2540	2923	3944	3888	5007	2560	2982	3862	3888	1776	1466	2759	2639	426	5172	3571	4234	0	


0	 CF142QR	 0 	 0 	 540  	 1080  	 0  	 0 

1	 CF149DT 	 1 	 6 	 720  	 960  	 10  	 5 
2	 CF147AD	 1 	 5 	 660  	 900  	 9  	 4 
3	 CF149EE 	 0 	 5 	 540  	 780  	 10  	 5 
4	 CF244BH 	 1 	 1 	 600  	 840  	 10  	 5 
5	 CF146BY 	 1 	 8 	 540  	 780  	 7  	 3 
6	 CF147TL 	 1 	 5 	 600  	 840  	 7  	 3 
7	 CF142FN 	 1 	 3 	 600  	 840  	 8  	 4 
8	 CF141AZ 	 1 	 6 	 540  	 780  	 6  	 3 
9	 CF141NY	 1 	 6 	 600  	 840  	 8  	 4 
10	 CF145DJ 	 1 	 5 	 660  	 900  	 8  	 4 
11	 CF141UE 	 1 	 3 	 660  	 900  	 10  	 5 
12	 CF52NJ 	 1 	 6 	 600  	 840  	 7  	 3 
13	 CF144BH 	 1 	 1 	 720  	 960  	 8  	 4 
14	 CF244PH 	 1 	 5 	 540  	 780  	 7  	 3 
15	 CF147AG	 1 	 2 	 600  	 840  	 7  	 3 
16	 CF149AJ 	 0 	 20 	 660  	 900  	 7  	 3 
17	 CF147BZ 	 1 	 9 	 720  	 960  	 8  	 4 
18	 CF142NQ	 1 	 2 	 600  	 840  	 8  	 4 
19	 CF142EZ 	 1 	 6 	 720  	 960  	 7  	 3 
20	 CF147EG 	 1 	 2 	 600  	 840  	 10  	 5 
21	 CF145QA	 1 	 9 	 720  	 960  	 5  	 2 
22	 CF148LR 	 0 	 2 	 600  	 840  	 9  	 4 
23	 CF148JD 	 1 	 7 	 600  	 840  	 5  	 2 
24	 CF147DP 	 1 	 6 	 600  	 840  	 7  	 3 
25	 CF141PU 	 0 	 24 	 540  	 780  	 10  	 5 
26	 CF145BU 	 1 	 6 	 720  	 960  	 7  	 3 
27	 CF146LQ 	 1 	 2 	 540  	 780  	 8  	 4 
28	 CF145NH	 1 	 5 	 600  	 840  	 8  	 4 
29	 CF147TD 	 0 	 14 	 600  	 840  	 8  	 4 
30	 CF140RZ 	 0 	 3 	 540  	 780  	 5  	 2 
31	 CF142EP 	 1 	 3 	 600  	 840  	 7  	 3 
32	 CF148HR 	 1 	 10 	 600  	 840  	 10  	 5 
33	 CF140RL 	 1 	 3 	 600  	 840  	 9  	 4 
34	 CF52QN 	 1 	 1 	 660  	 900  	 10  	 5 
35	 CF140SB 	 1 	 2 	 540  	 780  	 5  	 2 
36	 CF148JS 	 1 	 4 	 600  	 840  	 9  	 4 
37	 CF145DE 	 1 	 6 	 540  	 780  	 6  	 3 
38	 CF146JB 	 1 	 1 	 660  	 900  	 8  	 4 
39	 CF144AL 	 1 	 3 	 720  	 960  	 8  	 4 
40	 CF141RJ 	 1 	 4 	 540  	 780  	 6  	 3 
41	 CF143HT 	 1 	 4 	 540  	 780  	 9  	 4 
42	 CF244HD	 1 	 8 	 540  	 780  	 7  	 3 
43	 CF141HS 	 1 	 10 	 720  	 960  	 9  	 4 
44	 CF52PX 	 1 	 3 	 660  	 900  	 9  	 4 
45	 CF149EQ 	 0 	 8 	 600  	 840  	 9  	 4 
46	 CF145GL 	 1 	 3 	 660  	 900  	 6  	 3 
47	 CF145JN 	 1 	 10 	 600  	 840  	 5  	 2 
48	 CF142AF 	 1 	 10 	 540  	 780  	 8  	 4 
49	 CF52RD 	 1 	 8 	 540  	 780  	 10  	 5 
50	 CF52BR 	 1 	 7 	 540  	 780  	 6  	 3 
51	 CF147AJ 	 0 	 24 	 660  	 900  	 8  	 4 
52	 CF142LB 	 1 	 1 	 720  	 960  	 8  	 4 
53	 CF147AS 	 1 	 7 	 660  	 900  	 7  	 3 
54	 CF141QA	 1 	 6 	 540  	 780  	 7  	 3 
55	 CF52QS 	 1 	 7 	 720  	 960  	 9  	 4 
56	 CF52EJ 	 1 	 3 	 540  	 780  	 5  	 2 
57	 CF145HL 	 1 	 10 	 600  	 840  	 7  	 3 
58	 CF103EX 	 0 	 2 	 720  	 960  	 10  	 5 
59	 CF103ED 	 1 	 3 	 540  	 780  	 10  	 5 
60	 CF146PD 	 1 	 7 	 600  	 840  	 6  	 3 
61	 CF148FD 	 1 	 8 	 600  	 840  	 7  	 3 
62	 CF145UZ 	 1 	 8 	 600  	 840  	 6  	 3 
63	 CF103HA	 1 	 5 	 720  	 960  	 5  	 2 
64	 CF244JE 	 1 	 8 	 600  	 840  	 5  	 2 
65	 CF146UL 	 1 	 2 	 540  	 780  	 8  	 4 
66	 CF148NS 	 1 	 9 	 540  	 780  	 9  	 4 
67	 CF52TD 	 1 	 7 	 600  	 840  	 10  	 5 
68	 CF142FE 	 1 	 1 	 660  	 900  	 6  	 3 
69	 CF244LT 	 1 	 9 	 660  	 900  	 7  	 3 
70	 CF144AP 	 1 	 1 	 540  	 780  	 7  	 3 
71	 CF52DN 	 1 	 4 	 720  	 960  	 9  	 4 
72	 CF149AW	 0 	 17 	 660  	 900  	 6  	 3 
73	 CF244AT 	 1 	 6 	 540  	 780  	 7  	 3 
74	 CF145YF 	 1 	 6 	 720  	 960  	 9  	 4 
75	 CF52LF 	 1 	 6 	 660  	 900  	 6  	 3 
