75

1200
32
10
500

0	724	744	1243	1703	3365	1802	3379	988	2656	421	2872	1870	3091	1540	3260	969	475	587	1176	2802	1248	1334	1156	2485	1514	528	3340	944	1733	2128	1593	1164	1100	2559	759	3614	1232	1572	3123	2679	1757	3845	3099	530	3316	547	3651	223	1632	1210	902	3078	3549	2526	1349	2261	1124	2691	1577	282	1367	1047	2536	421	2371	1998	1228	2289	2653	1595	3451	1454	2718	1089	1960	
724	0	1466	522	1021	2976	1407	2898	664	1938	962	2151	2028	2797	857	2616	1100	1033	1307	1683	2116	1934	624	1661	2178	919	973	2999	1417	1156	1996	922	1264	1046	3249	628	2907	842	853	2800	2085	1232	3472	2428	1252	2993	1110	2930	932	933	1695	1451	2707	2827	3228	1564	1589	1402	2127	864	878	2082	1729	2315	962	1651	2722	1906	1587	2185	1092	2740	965	2005	1808	1546	
744	1466	0	1981	2411	3805	2420	3897	1581	3400	660	3616	2068	3458	2251	3977	1383	619	160	1077	3538	705	2063	897	3014	2230	879	3740	993	2377	2553	2296	1414	1609	1922	1323	4357	1815	2306	3515	3375	2368	4258	3829	252	3699	719	4395	564	2352	968	842	3513	4283	1860	1427	2994	1202	3370	2321	711	628	418	3000	660	3115	1261	580	3004	3279	2275	4195	2066	3463	420	2580	
1243	522	1981	0	551	2720	1374	2566	787	1442	1434	1646	2333	2623	401	2226	1475	1504	1822	2156	1677	2452	140	2072	2154	737	1463	2780	1888	827	2121	481	1507	1338	3766	914	2427	819	333	2603	1774	955	3217	2005	1773	2791	1614	2421	1454	440	2095	1941	2474	2306	3747	1835	1188	1723	1850	416	1395	2591	2221	2353	1434	1153	3240	2393	1077	2010	997	2253	788	1519	2329	1477	
1703	1021	2411	551	0	2257	1795	2054	941	1232	1800	1379	2871	2231	164	2213	2026	1865	2252	2694	1605	2943	415	2328	2543	1138	1991	2346	2426	428	2598	118	1615	1883	4258	1167	2214	817	311	2191	1908	592	2748	1944	2227	2369	2131	2111	1924	129	2335	2469	2034	1907	4228	1942	1247	1894	2023	642	1894	2992	2591	2778	1800	966	3668	2752	596	2283	1414	2027	622	1337	2788	1867	
3365	2976	3805	2720	2257	0	4052	503	2398	3001	3171	2971	5001	504	2351	4089	4075	3196	3685	4538	3491	4496	2586	3168	4797	3394	3843	237	4293	1894	4838	2271	2403	4008	5696	2607	3665	2166	2567	380	4012	1771	498	3780	3748	331	3909	3301	3563	2385	3123	4267	292	2836	5605	2506	3360	2675	4156	2898	3639	4163	3733	5035	3171	2881	4850	3813	2196	4486	3670	3492	2012	3116	4222	4124	
1802	1407	2420	1374	1795	4052	0	3835	2038	1735	2199	1968	1416	3991	1705	1740	1122	2263	2295	1906	1548	2523	1492	2945	785	658	1555	4132	1710	2173	849	1784	2670	853	3669	2035	2389	2151	1485	3965	1079	2316	4543	1711	2169	4149	1737	2632	1888	1667	2993	1860	3822	2773	3718	2962	1096	2782	1016	1159	1715	3021	2804	985	2199	1573	3494	2983	2041	859	383	2290	2161	1716	2582	160	
3379	2898	3897	2566	2054	503	3835	0	2391	2625	3244	2568	4892	948	2174	3697	3993	3280	3765	4531	3117	4568	2427	3353	4551	3184	3821	738	4275	1754	4651	2092	2544	3894	5815	2626	3219	2148	2362	818	3679	1667	814	3388	3809	828	3909	2837	3590	2183	3316	4269	615	2363	5737	2704	3046	2842	3831	2677	3642	4316	3879	4807	3244	2541	5015	3979	1874	4189	3459	3052	1948	2736	4317	3891	
988	664	1581	787	941	2398	2038	2391	0	2133	927	2303	2655	2169	814	3002	1711	982	1431	2146	2433	2205	763	1387	2819	1469	1446	2394	1897	801	2660	824	723	1697	3494	258	3126	244	986	2185	2560	789	2886	2768	1447	2379	1520	3050	1202	936	1395	1880	2116	2842	3439	1054	1969	967	2632	1198	1252	2112	1691	2972	927	1849	2807	1841	1521	2761	1692	2943	485	2226	1989	2166	
2656	1938	3400	1442	1232	3001	1735	2625	2133	0	2876	240	3132	3147	1326	1094	2555	2947	3243	3354	492	3793	1399	3497	2214	1333	2750	3161	3102	1599	2556	1335	2836	2315	5079	2322	994	2044	1156	3070	1107	1754	3430	789	3177	3213	2928	1004	2851	1203	3513	3201	2863	1042	5085	3167	642	3100	1273	1080	2757	4020	3661	2522	2876	289	4647	3835	855	1697	1491	814	1852	118	3719	1697	
421	962	660	1434	1800	3171	2199	3244	927	2876	0	3078	2263	2850	1648	3573	1384	71	521	1462	3077	1328	1491	746	2899	1847	912	3120	1269	1727	2549	1683	832	1521	2582	669	3858	1157	1739	2897	3021	1712	3635	3389	578	3085	870	3851	485	1757	797	1183	2880	3699	2520	958	2550	726	3047	1817	650	1194	793	2956	0	2587	1883	961	2396	3040	1963	3686	1410	2951	1077	2354	
2872	2151	3616	1646	1379	2971	1968	2568	2303	240	3078	0	3369	3154	1490	1130	2794	3148	3458	3592	599	4023	1590	3679	2417	1573	2982	3145	3338	1712	2781	1489	2993	2554	5313	2504	840	2196	1344	3069	1268	1859	3380	822	3396	3202	3159	779	3071	1368	3693	3435	2855	806	5316	3321	872	3267	1436	1301	2982	4233	3866	2729	3078	503	4867	4038	917	1876	1730	650	1988	260	3942	1924	
1870	2028	2068	2333	2871	5001	1416	4892	2655	3132	2263	3369	0	4819	2732	3088	946	2295	2027	1054	2964	1755	2473	2898	1429	1866	1351	5027	1076	3139	812	2813	3028	998	2545	2512	3796	2861	2585	4827	2436	3239	5498	3106	1877	5020	1417	4048	1784	2748	2965	1230	4734	4174	2641	3216	2502	2987	2330	2333	1613	2486	2480	1235	2263	2939	2695	2621	3281	1988	1651	3704	2990	3123	1982	1501	
3091	2797	3458	2623	2231	504	3991	948	2169	3147	2850	3154	4819	0	2293	4240	3878	2867	3350	4266	3626	4160	2500	2761	4760	3337	3593	317	4033	1823	4736	2218	2044	3843	5317	2346	3906	1958	2529	131	4085	1675	822	3936	3428	248	3638	3579	3275	2351	2710	3990	351	3137	5217	2100	3421	2289	4218	2866	3371	3769	3348	4974	2850	2987	4443	3413	2303	4509	3609	3724	1857	3265	3870	4080	
1540	857	2251	401	164	2351	1705	2174	814	1326	1648	1490	2732	2293	0	2261	1873	1713	2093	2532	1664	2779	261	2196	2467	1048	1827	2427	2264	470	2490	82	1511	1739	4094	1026	2316	722	249	2261	1910	622	2845	2003	2065	2444	1966	2238	1760	123	2207	2306	2116	2053	4065	1841	1262	1777	2014	579	1729	2837	2440	2690	1648	1048	3510	2603	753	2245	1322	2132	568	1424	2626	1788	
3260	2616	3977	2226	2213	4089	1740	3697	3002	1094	3573	1130	3088	4240	2261	0	2829	3645	3830	3634	621	4210	2240	4272	1796	1748	3183	4254	3421	2622	2337	2295	3725	2557	5402	3138	852	2972	2036	4163	661	2784	4507	309	3731	4307	3371	1274	3414	2146	4302	3558	3957	1662	5443	4056	1038	3949	759	1810	3274	4603	4307	2107	3573	1277	5152	4488	1942	1165	1728	872	2825	977	4217	1615	
969	1100	1383	1475	2026	4075	1122	3993	1711	2555	1384	2794	946	3878	1873	2829	0	1429	1288	815	2524	1400	1613	2085	1633	1222	514	4092	592	2242	1186	1950	2101	272	2580	1566	3383	1922	1769	3889	2179	2329	4570	2753	1143	4082	665	3542	942	1911	2147	738	3804	3571	2615	2313	1992	2091	2134	1583	754	1943	1794	1622	1384	2311	2375	1963	2508	1956	1122	3254	2065	2577	1478	1274	
475	1033	619	1504	1865	3196	2263	3280	982	2947	71	3148	2295	2867	1713	3645	1429	0	488	1469	3149	1300	1560	684	2958	1917	947	3141	1286	1783	2600	1748	836	1574	2540	725	3929	1208	1808	2917	3091	1763	3657	3461	563	3104	892	3920	512	1824	736	1192	2905	3766	2474	937	2622	703	3116	1889	686	1133	726	3010	71	2657	1825	893	2460	3106	2031	3756	1464	3022	1038	2419	
587	1307	160	1822	2252	3685	2295	3765	1431	3243	521	3458	2027	3350	2093	3830	1288	488	0	1079	3385	812	1904	885	2910	2083	776	3627	957	2224	2469	2138	1310	1500	2065	1175	4201	1668	2146	3402	3234	2220	4143	3678	151	3589	635	4237	417	2193	955	823	3393	4124	2008	1354	2843	1123	3233	2164	580	781	512	2910	521	2957	1420	688	2845	3154	2136	4038	1916	3306	558	2455	
1176	1683	1077	2156	2694	4538	1906	4531	2146	3354	1462	3592	1054	4266	2532	3634	815	1469	1079	0	3339	710	2282	1962	2274	2028	715	4516	268	2827	1709	2601	2292	1081	1768	1931	4197	2386	2476	4300	2979	2879	5020	3566	943	4492	629	4348	997	2593	2032	279	4252	4356	1812	2401	2805	2166	2922	2342	898	1433	1468	2171	1462	3101	1683	1592	3227	2699	1937	4066	2586	3382	930	2049	
2802	2116	3538	1677	1605	3491	1548	3117	2433	492	3077	599	2964	3626	1664	621	2524	3149	3385	3339	0	3850	1671	3747	1876	1336	2804	3649	3102	2006	2303	1692	3153	2263	5098	2590	859	2383	1452	3552	682	2168	3922	339	3300	3699	2990	1092	2976	1546	3772	3222	3349	1322	5121	3485	547	3393	850	1268	2856	4165	3839	2192	3077	657	4755	4018	1324	1300	1405	743	2222	382	3817	1469	
1248	1934	705	2452	2943	4496	2523	4568	2205	3793	1328	4023	1755	4160	2779	4210	1400	1300	812	710	3850	0	2558	1556	2964	2515	1048	4438	822	2976	2414	2836	2117	1670	1315	1954	4699	2447	2785	4214	3568	2990	4955	4108	760	4399	866	4797	1024	2864	1626	663	4205	4744	1297	2128	3304	1905	3531	2728	1057	777	960	2877	1328	3521	985	1027	3520	3350	2483	4553	2685	3838	332	2674	
1334	624	2063	140	415	2586	1492	2427	763	1399	1491	1590	2473	2500	261	2240	1613	1560	1904	2282	1671	2558	0	2098	2267	844	1584	2651	2015	693	2253	340	1486	1479	3873	926	2391	753	248	2477	1822	827	3082	2005	1863	2663	1730	2360	1549	311	2117	2063	2343	2220	3850	1817	1209	1722	1909	449	1503	2665	2283	2474	1491	1110	3324	2452	963	2095	1111	2213	686	1484	2423	1587	
1156	1661	897	2072	2328	3168	2945	3353	1387	3497	746	3679	2898	2761	2196	4272	2085	684	885	1962	3747	1556	2098	0	3641	2571	1581	3064	1838	2136	3267	2211	832	2249	2570	1175	4489	1549	2340	2838	3744	2067	3581	4070	1029	3009	1483	4434	1144	2316	71	1708	2881	4227	2461	663	3238	517	3777	2480	1331	1014	619	3686	746	3208	1683	653	2905	3784	2702	4310	1804	3582	1228	3100	
2485	2178	3014	2154	2543	4797	785	4551	2819	2214	2899	2417	1429	4760	2467	1796	1633	2958	2910	2274	1876	2964	2267	3641	0	1424	2136	4889	2150	2937	618	2544	3435	1411	3945	2804	2601	2936	2236	4728	1218	3085	5283	1901	2770	4910	2298	2944	2530	2418	3694	2317	4577	3193	4026	3716	1600	3526	1067	1901	2344	3573	3420	318	2899	2133	3948	3592	2706	631	1157	2556	2942	2158	3095	680	
1514	919	2230	737	1138	3394	658	3184	1469	1333	1847	1573	1866	3337	1048	1748	1222	1917	2083	2028	1336	2515	844	2571	1424	0	1469	3474	1781	1516	1471	1126	2154	983	3772	1521	2186	1545	827	3309	1175	1662	3885	1605	1986	3492	1655	2321	1667	1010	2608	1892	3164	2358	3790	2468	789	2317	1208	508	1532	2857	2561	1643	1847	1099	3425	2742	1432	1293	276	2045	1524	1355	2488	744	
528	973	879	1463	1991	3843	1555	3821	1446	2750	912	2982	1351	3593	1827	3183	514	947	776	715	2804	1048	1584	1581	2136	1469	0	3832	454	2112	1699	1895	1692	729	2332	1247	3651	1682	1791	3619	2555	2165	4330	3067	634	3812	189	3754	441	1895	1645	479	3561	3719	2335	1865	2257	1636	2533	1695	262	1467	1285	2135	912	2481	1969	1457	2540	2410	1455	3505	1874	2793	1038	1713	
3340	2999	3740	2780	2346	237	4132	738	2394	3161	3120	3145	5027	317	2427	4254	4092	3141	3627	4516	3649	4438	2651	3064	4889	3474	3832	0	4277	1961	4901	2348	2328	4040	5613	2587	3859	2171	2653	226	4148	1826	519	3946	3698	95	3887	3506	3531	2471	3015	4242	313	3047	5515	2402	3489	2584	4288	2988	3619	4069	3644	5117	3120	3027	4747	3714	2339	4603	3749	3683	2041	3278	4155	4212	
944	1417	993	1888	2426	4293	1710	4275	1897	3102	1269	3338	1076	4033	2264	3421	592	1286	957	268	3102	822	2015	1838	2150	1781	454	4277	0	2563	1622	2334	2088	865	1996	1690	3960	2134	2209	4062	2771	2619	4778	3339	809	4255	402	4099	788	2325	1907	170	4009	4097	2025	2223	2564	1988	2724	2079	662	1452	1406	2082	1269	2845	1805	1552	2960	2530	1707	3824	2328	3133	956	1859	
1733	1156	2377	827	428	1894	2173	1754	801	1599	1727	1712	3139	1823	470	2622	2242	1783	2224	2827	2006	2976	693	2136	2937	1516	2112	1961	2563	0	2945	395	1352	2141	4278	1058	2552	592	709	1792	2335	165	2390	2343	2228	1976	2225	2393	1955	535	2132	2579	1652	2119	4231	1661	1673	1657	2451	1045	1966	2913	2490	3157	1727	1354	3608	2635	820	2704	1790	2362	333	1711	2779	2257	
2128	1996	2553	2121	2598	4838	849	4651	2660	2556	2549	2781	812	4736	2490	2337	1186	2600	2469	1709	2303	2414	2253	3267	618	1471	1699	4901	1622	2945	0	2571	3191	1032	3338	2590	3095	2820	2289	4722	1706	3076	5334	2393	2322	4910	1837	3394	2126	2469	3327	1792	4595	3583	3424	3439	1915	3230	1580	1979	1938	3071	2969	463	2549	2414	3391	3132	2886	1198	1202	3024	2880	2524	2578	860	
1593	922	2296	481	118	2271	1784	2092	824	1335	1683	1489	2813	2218	82	2295	1950	1748	2138	2601	1692	2836	340	2211	2544	1126	1895	2348	2334	395	2571	0	1505	1819	4150	1049	2321	709	314	2185	1963	552	2764	2031	2115	2367	2030	2226	1814	152	2219	2372	2038	2025	4118	1833	1309	1780	2071	649	1790	2875	2473	2769	1683	1063	3553	2634	713	2311	1401	2135	530	1437	2676	1865	
1164	1264	1414	1507	1615	2403	2670	2544	723	2836	832	2993	3028	2044	1511	3725	2101	836	1310	2292	3153	2117	1486	832	3435	2154	1692	2328	2088	1352	3191	1505	0	2169	3293	638	3826	798	1703	2102	3275	1261	2847	3489	1398	2285	1686	3719	1301	1633	811	2013	2112	3469	3205	332	2692	318	3341	1920	1439	1772	1337	3550	832	2557	2471	1435	2156	3441	2353	3640	1029	2934	1827	2810	
1100	1046	1609	1338	1883	4008	853	3894	1697	2315	1521	2554	998	3843	1739	2557	272	1574	1500	1081	2263	1670	1479	2249	1411	983	729	4040	865	2141	1032	1819	2169	0	2849	1590	3122	1888	1606	3844	1906	2243	4506	2485	1362	4037	901	3293	1121	1762	2306	1009	3745	3341	2886	2409	1736	2198	1862	1385	934	2189	2011	1437	1521	2081	2641	2185	2327	1695	858	2996	2000	2331	1735	1007	
2559	3249	1922	3766	4258	5696	3669	5815	3494	5079	2582	5313	2545	5317	4094	5402	2580	2540	2065	1768	5098	1315	3873	2570	3945	3772	2332	5613	1996	4278	3338	4150	3293	2849	0	3238	5955	3732	4098	5386	4745	4282	6132	5333	2051	5563	2161	6082	2336	4180	2628	1881	5405	6049	182	3221	4558	3029	4684	4027	2371	1557	1970	3778	2582	4813	972	1919	4835	4433	3701	5818	3978	5117	1506	3807	
759	628	1323	914	1167	2607	2035	2626	258	2322	669	2504	2512	2346	1026	3138	1566	725	1175	1931	2590	1954	926	1175	2804	1521	1247	2587	1690	1058	2590	1049	638	1590	3238	0	3315	494	1166	2373	2658	1045	3089	2919	1195	2566	1302	3262	964	1144	1191	1660	2321	3073	3183	948	2100	812	2716	1329	1033	1857	1439	2931	669	2034	2550	1593	1757	2804	1715	3135	742	2409	1733	2173	
3614	2907	4357	2427	2214	3665	2389	3219	3126	994	3858	840	3796	3906	2316	852	3383	3929	4201	4197	859	4699	2391	4489	2601	2186	3651	3859	3960	2552	3095	2321	3826	3122	5955	3315	0	3030	2149	3810	1393	2697	4030	703	4125	3926	3836	463	3799	2194	4507	4077	3587	930	5975	4155	1397	4093	1535	2044	3689	4982	4636	2918	3858	1281	5589	4812	1749	1979	2264	191	2827	908	4653	2296	
1232	842	1815	819	817	2166	2151	2148	244	2044	1157	2196	2861	1958	722	2972	1922	1208	1668	2386	2383	2447	753	1549	2936	1545	1682	2171	2134	592	2820	709	798	1888	3732	494	3030	0	936	1966	2575	555	2657	2722	1689	2160	1762	2921	1446	844	1548	2122	1888	2684	3675	1125	1954	1086	2661	1202	1494	2330	1903	3108	1157	1769	3029	2045	1365	2828	1789	2843	260	2144	2226	2268	
1572	853	2306	333	311	2567	1485	2362	986	1156	1739	1344	2585	2529	249	2036	1769	1808	2146	2476	1452	2785	248	2340	2236	827	1791	2653	2209	709	2289	314	1703	1606	4098	1166	2149	936	0	2494	1664	867	3058	1789	2102	2674	1945	2112	1785	183	2357	2268	2341	1978	4080	2035	1023	1951	1767	336	1728	2910	2531	2468	1739	869	3566	2700	751	1998	1103	1970	810	1244	2659	1559	
3123	2800	3515	2603	2191	380	3965	818	2185	3070	2897	3069	4827	131	2261	4163	3889	2917	3402	4300	3552	4214	2477	2838	4728	3309	3619	226	4062	1792	4722	2185	2102	3844	5386	2373	3810	1966	2494	0	4026	1650	746	3858	3475	194	3671	3476	3312	2313	2789	4024	231	3029	5289	2176	3363	2358	4162	2830	3403	3842	3417	4949	2897	2918	4521	3488	2232	4463	3582	3630	1850	3187	3929	4049	
2679	2085	3375	1774	1908	4012	1079	3679	2560	1107	3021	1268	2436	4085	1910	661	2179	3091	3234	2979	682	3568	1822	3744	1218	1175	2555	4148	2771	2335	1706	1963	3275	1906	4745	2658	1393	2575	1664	4026	0	2500	4467	689	3126	4188	2743	1727	2816	1812	3780	2912	3839	2001	4789	3600	666	3467	168	1373	2665	3997	3724	1536	3021	1139	4522	3905	1816	620	1102	1338	2474	1022	3592	954	
1757	1232	2368	955	592	1771	2316	1667	789	1754	1712	1859	3239	1675	622	2784	2329	1763	2220	2879	2168	2990	827	2067	3085	1662	2165	1826	2619	165	3076	552	1261	2243	4282	1045	2697	555	867	1650	2500	0	2269	2504	2235	1836	2267	2522	1977	697	2057	2625	1520	2229	4228	1558	1838	1574	2615	1201	2004	2883	2454	3300	1712	1514	3584	2593	954	2864	1934	2506	305	1866	2778	2405	
3845	3472	4258	3217	2748	498	4543	814	2886	3430	3635	3380	5498	822	2845	4507	4570	3657	4143	5020	3922	4955	3082	3581	5283	3885	4330	519	4778	2390	5334	2764	2847	4506	6132	3089	4030	2657	3058	746	4467	2269	0	4198	4213	574	4391	3640	4039	2875	3531	4747	769	3161	6034	2919	3823	3103	4615	3387	4122	4587	4163	5525	3635	3331	5264	4232	2652	4957	4161	3864	2508	3542	4673	4612	
3099	2428	3829	2005	1944	3780	1711	3388	2768	789	3389	822	3106	3936	2003	309	2753	3461	3678	3566	339	4108	2005	4070	1901	1605	3067	3946	3339	2343	2393	2031	3489	2485	5333	2919	703	2722	1789	3858	689	2504	4198	0	3587	3999	3255	1061	3266	1885	4096	3467	3650	1401	5364	3821	840	3725	834	1592	3136	4457	4142	2219	3389	990	5030	4321	1641	1284	1632	661	2561	671	4093	1607	
530	1252	252	1773	2227	3748	2169	3809	1447	3177	578	3396	1877	3428	2065	3731	1143	563	151	943	3300	760	1863	1029	2770	1986	634	3698	809	2228	2322	2115	1398	1362	2051	1195	4125	1689	2102	3475	3126	2235	4213	3587	0	3663	486	4175	326	2160	1098	680	3457	4079	2007	1469	2755	1235	3120	2097	461	872	651	2765	578	2894	1471	823	2816	3028	2025	3966	1930	3236	561	2328	
3316	2993	3699	2791	2369	331	4149	828	2379	3213	3085	3202	5020	248	2444	4307	4082	3104	3589	4492	3699	4399	2663	3009	4910	3492	3812	95	4255	1976	4910	2367	2285	4037	5563	2566	3926	2160	2674	194	4188	1836	574	3999	3663	0	3863	3578	3503	2493	2958	4216	350	3122	5464	2348	3527	2535	4326	3009	3595	4016	3594	5133	3085	3072	4691	3660	2384	4634	3766	3749	2041	3330	4112	4231	
547	1110	719	1614	2131	3909	1737	3909	1520	2928	870	3159	1417	3638	1966	3371	665	892	635	629	2990	866	1730	1483	2298	1655	189	3887	402	2225	1837	2030	1686	901	2161	1302	3836	1762	1945	3671	2743	2267	4391	3255	486	3863	0	3932	387	2041	1550	360	3623	3888	2158	1828	2443	1594	2720	1867	269	1288	1133	2282	870	2657	1781	1299	2691	2590	1644	3688	1969	2973	850	1895	
3651	2930	4395	2421	2111	3301	2632	2837	3050	1004	3851	779	4048	3579	2238	1274	3542	3920	4237	4348	1092	4797	2360	4434	2944	2321	3754	3506	4099	2393	3394	2226	3719	3293	6082	3262	463	2921	2112	3476	1727	2522	3640	1061	4175	3578	3932	0	3851	2118	4444	4202	3248	488	6089	4041	1563	4004	1884	2079	3760	5011	4641	3262	3851	1282	5647	4812	1573	2338	2447	404	2696	966	4720	2559	
223	932	564	1454	1924	3563	1888	3590	1202	2851	485	3071	1784	3275	1760	3414	942	512	417	997	2976	1024	1549	1144	2530	1667	441	3531	788	1955	2126	1814	1301	1121	2336	964	3799	1446	1785	3312	2816	1977	4039	3266	326	3503	387	3851	0	1850	1206	718	3275	3759	2305	1443	2432	1210	2817	1772	189	1191	917	2553	485	2569	1796	1097	2507	2747	1719	3640	1673	2910	875	2048	
1632	933	2352	440	129	2385	1667	2183	936	1203	1757	1368	2748	2351	123	2146	1911	1824	2193	2593	1546	2864	311	2316	2418	1010	1895	2471	2325	535	2469	152	1633	1762	4180	1144	2194	844	183	2313	1812	697	2875	1885	2160	2493	2041	2118	1850	0	2327	2374	2159	1942	4154	1964	1158	1900	1922	517	1810	2943	2550	2650	1757	926	3612	2714	657	2169	1286	2009	679	1301	2720	1741	
1210	1695	968	2095	2335	3123	2993	3316	1395	3513	797	3693	2965	2710	2207	4302	2147	736	955	2032	3772	1626	2117	71	3694	2608	1645	3015	1907	2132	3327	2219	811	2306	2628	1191	4507	1548	2357	2789	3780	2057	3531	4096	1098	2958	1550	4444	1206	2327	0	1778	2836	4230	2516	617	3266	493	3816	2505	1393	1071	684	3743	797	3226	1733	710	2908	3830	2745	4326	1800	3600	1297	3148	
902	1451	842	1941	2469	4267	1860	4269	1880	3201	1183	3435	1230	3990	2306	3558	738	1192	823	279	3222	663	2063	1708	2317	1892	479	4242	170	2579	1792	2372	2013	1009	1881	1660	4077	2122	2268	4024	2912	2625	4747	3467	680	4216	360	4202	718	2374	1778	0	3980	4184	1899	2127	2679	1892	2871	2161	629	1283	1250	2252	1183	2938	1643	1391	3018	2687	1836	3937	2328	3237	786	2011	
3078	2707	3513	2474	2034	292	3822	615	2116	2863	2880	2855	4734	351	2116	3957	3804	2905	3393	4252	3349	4205	2343	2881	4577	3164	3561	313	4009	1652	4595	2038	2112	3745	5405	2321	3587	1888	2341	231	3839	1520	769	3650	3457	350	3623	3248	3275	2159	2836	3980	0	2799	5314	2219	3179	2385	3978	2676	3354	3873	3443	4806	2880	2722	4561	3524	2034	4291	3439	3408	1745	2980	3930	3900	
3549	2827	4283	2306	1907	2836	2773	2363	2842	1042	3699	806	4174	3137	2053	1662	3571	3766	4124	4356	1322	4744	2220	4227	3193	2358	3719	3047	4097	2119	3583	2025	3469	3341	6049	3073	930	2684	1978	3029	2001	2229	3161	1401	4079	3122	3888	488	3759	1942	4230	4184	2799	0	6041	3780	1678	3769	2167	2024	3690	4883	4492	3509	3699	1260	5544	4656	1322	2620	2531	815	2441	1060	4635	2727	
2526	3228	1860	3747	4228	5605	3718	5737	3439	5085	2520	5316	2641	5217	4065	5443	2615	2474	2008	1812	5121	1297	3850	2461	4026	3790	2335	5515	2025	4231	3424	4118	3205	2886	182	3183	5975	3675	4080	5289	4789	4228	6034	5364	2007	5464	2158	6089	2305	4154	2516	1899	5314	6041	0	3117	4578	2932	4734	4024	2353	1448	1872	3870	2520	4815	824	1807	4811	4497	3731	5834	3924	5127	1452	3859	
1349	1564	1427	1835	1942	2506	2962	2704	1054	3167	958	3321	3216	2100	1841	4056	2313	937	1354	2401	3485	2128	1817	663	3716	2468	1865	2402	2223	1661	3439	1833	332	2409	3221	948	4155	1125	2035	2176	3600	1558	2919	3821	1469	2348	1828	4041	1443	1964	617	2127	2219	3780	3117	0	3022	235	3662	2250	1604	1669	1253	3816	958	2888	2346	1313	2473	3749	2657	3968	1346	3265	1815	3106	
2261	1589	2994	1188	1247	3360	1096	3046	1969	642	2550	872	2502	3421	1262	1038	1992	2622	2843	2805	547	3304	1209	3238	1600	789	2257	3489	2564	1673	1915	1309	2692	1736	4558	2100	1397	1954	1023	3363	666	1838	3823	840	2755	3527	2443	1563	2432	1158	3266	2679	3179	1678	4578	3022	0	2911	798	772	2309	3622	3302	1899	2550	536	4208	3482	1173	1147	884	1262	1830	621	3270	1055	
1124	1402	1202	1723	1894	2675	2782	2842	967	3100	726	3267	2987	2289	1777	3949	2091	703	1123	2166	3393	1905	1722	517	3526	2317	1636	2584	1988	1657	3230	1780	318	2198	3029	812	4093	1086	1951	2358	3467	1574	3103	3725	1235	2535	1594	4004	1210	1900	493	1892	2385	3769	2932	235	2911	0	3520	2139	1374	1488	1060	3615	726	2816	2178	1141	2451	3585	2491	3909	1329	3193	1598	2930	
2691	2127	3370	1850	2023	4156	1016	3831	2632	1273	3047	1436	2330	4218	2014	759	2134	3116	3233	2922	850	3531	1909	3777	1067	1208	2533	4288	2724	2451	1580	2071	3341	1862	4684	2716	1535	2661	1767	4162	168	2615	4615	834	3120	4326	2720	1884	2817	1922	3816	2871	3978	2167	4734	3662	798	3520	0	1462	2659	3987	3730	1384	3047	1292	4494	3911	1963	456	1098	1491	2573	1190	3570	877	
1577	864	2321	416	642	2898	1159	2677	1198	1080	1817	1301	2333	2866	579	1810	1583	1889	2164	2342	1268	2728	449	2480	1901	508	1695	2988	2079	1045	1979	649	1920	1385	4027	1329	2044	1202	336	2830	1373	1201	3387	1592	2097	3009	1867	2079	1772	517	2505	2161	2676	2024	4024	2250	772	2139	1462	0	1682	2942	2592	2138	1817	797	3568	2769	948	1668	781	1877	1117	1142	2641	1226	
282	878	711	1395	1894	3639	1715	3642	1252	2757	650	2982	1613	3371	1729	3274	754	686	580	898	2856	1057	1503	1331	2344	1532	262	3619	662	1966	1938	1790	1439	934	2371	1033	3689	1494	1728	3403	2665	2004	4122	3136	461	3595	269	3760	189	1810	1393	629	3354	3690	2353	1604	2309	1374	2659	1682	0	1331	1089	2364	650	2478	1900	1268	2465	2574	1564	3534	1704	2809	965	1875	
1367	2082	628	2591	2992	4163	3021	4316	2112	4020	1194	4233	2486	3769	2837	4603	1943	1133	781	1433	4165	777	2665	1014	3573	2857	1467	4069	1452	2913	3071	2875	1772	2189	1557	1857	4982	2330	2910	3842	3997	2883	4587	4457	872	4016	1288	5011	1191	2943	1071	1283	3873	4883	1448	1669	3622	1488	3987	2942	1331	0	437	3529	1194	3733	704	362	3588	3877	2895	4818	2588	4085	504	3180	
1047	1729	418	2221	2591	3733	2804	3879	1691	3661	793	3866	2480	3348	2440	4307	1794	726	512	1468	3839	960	2283	619	3420	2561	1285	3644	1406	2490	2969	2473	1337	2011	1970	1439	4636	1903	2531	3417	3724	2454	4163	4142	651	3594	1133	4641	917	2550	684	1250	3443	4492	1872	1253	3302	1060	3730	2592	1089	437	0	3414	793	3372	1141	182	3186	3662	2632	4467	2163	3732	628	2963	
2536	2315	3000	2353	2778	5035	985	4807	2972	2522	2956	2729	1235	4974	2690	2107	1622	3010	2910	2171	2192	2877	2474	3686	318	1643	2135	5117	2082	3157	463	2769	3550	1437	3778	2931	2918	3108	2468	4949	1536	3300	5525	2219	2765	5133	2282	3262	2553	2650	3743	2252	4806	3509	3870	3816	1899	3615	1384	2138	2364	3529	3414	0	2956	2429	3854	3581	2979	943	1368	2874	3136	2469	3038	917	
421	962	660	1434	1800	3171	2199	3244	927	2876	0	3078	2263	2850	1648	3573	1384	71	521	1462	3077	1328	1491	746	2899	1847	912	3120	1269	1727	2549	1683	832	1521	2582	669	3858	1157	1739	2897	3021	1712	3635	3389	578	3085	870	3851	485	1757	797	1183	2880	3699	2520	958	2550	726	3047	1817	650	1194	793	2956	0	2587	1883	961	2396	3040	1963	3686	1410	2951	1077	2354	
2371	1651	3115	1153	966	2881	1573	2541	1849	289	2587	503	2939	2987	1048	1277	2311	2657	2957	3101	657	3521	1110	3208	2133	1099	2481	3027	2845	1354	2414	1063	2557	2081	4813	2034	1281	1769	869	2918	1139	1514	3331	990	2894	3072	2657	1282	2569	926	3226	2938	2722	1260	4815	2888	536	2816	1292	797	2478	3733	3372	2429	2587	0	4365	3546	688	1676	1288	1102	1588	377	3438	1559	
1998	2722	1261	3240	3668	4850	3494	5015	2807	4647	1883	4867	2695	4443	3510	5152	2375	1825	1420	1683	4755	985	3324	1683	3948	3425	1969	4747	1805	3608	3391	3553	2471	2641	972	2550	5589	3029	3566	4521	4522	3584	5264	5030	1471	4691	1781	5647	1796	3612	1733	1643	4561	5544	824	2346	4208	2178	4494	3568	1900	704	1141	3854	1883	4365	0	1038	4263	4330	3424	5433	3287	4705	938	3648	
1228	1906	580	2393	2752	3813	2983	3979	1841	3835	961	4038	2621	3413	2603	4488	1963	893	688	1592	4018	1027	2452	653	3592	2742	1457	3714	1552	2635	3132	2634	1435	2185	1919	1593	4812	2045	2700	3488	3905	2593	4232	4321	823	3660	1299	4812	1097	2714	710	1391	3524	4656	1807	1313	3482	1141	3911	2769	1268	362	182	3581	961	3546	1038	0	3346	3842	2813	4642	2306	3907	702	3142	
2289	1587	3004	1077	596	2196	2041	1874	1521	855	2396	917	3281	2303	753	1942	2508	2460	2845	3227	1324	3520	963	2905	2706	1432	2540	2339	2960	820	2886	713	2156	2327	4835	1757	1749	1365	751	2232	1816	954	2652	1641	2816	2384	2691	1573	2507	657	2908	3018	2034	1322	4811	2473	1173	2451	1963	948	2465	3588	3186	2979	2396	688	4263	3346	0	2316	1688	1558	1128	973	3376	2069	
2653	2185	3279	2010	2283	4486	859	4189	2761	1697	3040	1876	1988	4509	2245	1165	1956	3106	3154	2699	1300	3350	2095	3784	631	1293	2410	4603	2530	2704	1198	2311	3441	1695	4433	2804	1979	2828	1998	4463	620	2864	4957	1284	3028	4634	2590	2338	2747	2169	3830	2687	4291	2620	4497	3749	1147	3585	456	1668	2574	3877	3662	943	3040	1676	4330	3842	2316	0	1094	1943	2779	1623	3430	699	
1595	1092	2275	997	1414	3670	383	3459	1692	1491	1963	1730	1651	3609	1322	1728	1122	2031	2136	1937	1405	2483	1111	2702	1157	276	1455	3749	1707	1790	1202	1401	2353	858	3701	1715	2264	1789	1103	3582	1102	1934	4161	1632	2025	3766	1644	2447	1719	1286	2745	1836	3439	2531	3731	2657	884	2491	1098	781	1564	2895	2632	1368	1963	1288	3424	2813	1688	1094	0	2140	1785	1494	2492	481	
3451	2740	4195	2253	2027	3492	2290	3052	2943	814	3686	650	3704	3724	2132	872	3254	3756	4038	4066	743	4553	2213	4310	2556	2045	3505	3683	3824	2362	3024	2135	3640	2996	5818	3135	191	2843	1970	3630	1338	2506	3864	661	3966	3749	3688	404	3640	2009	4326	3937	3408	815	5834	3968	1262	3909	1491	1877	3534	4818	4467	2874	3686	1102	5433	4642	1558	1943	2140	0	2638	735	4499	2206	
1454	965	2066	788	622	2012	2161	1948	485	1852	1410	1988	2990	1857	568	2825	2065	1464	1916	2586	2222	2685	686	1804	2942	1524	1874	2041	2328	333	2880	530	1029	2000	3978	742	2827	260	810	1850	2474	305	2508	2561	1930	2041	1969	2696	1673	679	1800	2328	1745	2441	3924	1346	1830	1329	2573	1117	1704	2588	2163	3136	1410	1588	3287	2306	1128	2779	1785	2638	0	1958	2474	2265	
2718	2005	3463	1519	1337	3116	1716	2736	2226	118	2951	260	3123	3265	1424	977	2577	3022	3306	3382	382	3838	1484	3582	2158	1355	2793	3278	3133	1711	2524	1437	2934	2331	5117	2409	908	2144	1244	3187	1022	1866	3542	671	3236	3330	2973	966	2910	1301	3600	3237	2980	1060	5127	3265	621	3193	1190	1142	2809	4085	3732	2469	2951	377	4705	3907	973	1623	1494	735	1958	0	3773	1667	
1089	1808	420	2329	2788	4222	2582	4317	1989	3719	1077	3942	1982	3870	2626	4217	1478	1038	558	930	3817	332	2423	1228	3095	2488	1038	4155	956	2779	2578	2676	1827	1735	1506	1733	4653	2226	2659	3929	3592	2778	4673	4093	561	4112	850	4720	875	2720	1297	786	3930	4635	1452	1815	3270	1598	3570	2641	965	504	628	3038	1077	3438	938	702	3376	3430	2492	4499	2474	3773	0	2738	
1960	1546	2580	1477	1867	4124	160	3891	2166	1697	2354	1924	1501	4080	1788	1615	1274	2419	2455	2049	1469	2674	1587	3100	680	744	1713	4212	1859	2257	860	1865	2810	1007	3807	2173	2296	2268	1559	4049	954	2405	4612	1607	2328	4231	1895	2559	2048	1741	3148	2011	3900	2727	3859	3106	1055	2930	877	1226	1875	3180	2963	917	2354	1559	3648	3142	2069	699	481	2206	2265	1667	2738	0	


0	 CF145EW	 0 	 0 	 540  	 1080  	 0  	 0 

1	 CF141UT 	 1 	 3 	 540  	 780  	 7  	 3 
2	 CF145EG 	 1 	 6 	 720  	 960  	 9  	 4 
3	 CF141RE 	 1 	 2 	 600  	 840  	 6  	 3 
4	 CF141HF 	 1 	 7 	 540  	 780  	 7  	 3 
5	 CF244EU 	 1 	 3 	 720  	 960  	 8  	 4 
6	 CF147AF 	 1 	 4 	 720  	 960  	 6  	 3 
7	 CF103EY 	 0 	 12 	 540  	 780  	 9  	 4 
8	 CF144NY	 1 	 7 	 660  	 900  	 9  	 4 
9	 CF142HW 1 	 4 	 540  	 780  	 8  	 4 
10	 CF145XW	 1 	 5 	 540  	 780  	 9  	 4 
11	 CF142JF 	 1 	 8 	 600  	 840  	 5  	 2 
12	 CF146UT 	 1 	 8 	 540  	 780  	 6  	 3 
13	 CF244QS 	 1 	 5 	 540  	 780  	 6  	 3 
14	 CF141EB 	 1 	 9 	 540  	 780  	 6  	 3 
15	 CF52RR 	 1 	 6 	 720  	 960  	 5  	 2 
16	 CF146JN 	 1 	 8 	 540  	 780  	 6  	 3 
17	 CF145JA 	 1 	 4 	 600  	 840  	 6  	 3 
18	 CF145GR 	 1 	 9 	 540  	 780  	 8  	 4 
19	 CF146QQ	 1 	 7 	 720  	 960  	 10  	 5 
20	 CF142HA  1 	 10 	 600  	 840  	 5  	 2 
21	 CF145JY 	 1 	 2 	 720  	 960  	 10  	 5 
22	 CF141RZ 	 1 	 9 	 540  	 780  	 6  	 3 
23	 CF145PR 	 1 	 8 	 540  	 780  	 7  	 3 
24	 CF147DY 	 1 	 5 	 600  	 840  	 9  	 4 
25	 CF141AR 	 1 	 9 	 540  	 780  	 10  	 5 
26	 CF146NY	 1 	 6 	 660  	 900  	 6  	 3 
27	 CF244PA 	 1 	 10 	 660  	 900  	 5  	 2 
28	 CF146LG 	 1 	 10 	 660  	 900  	 5  	 2 
29	 CF143BA 	 1 	 3 	 540  	 780  	 7  	 3 
30	 CF147HB 	 1 	 4 	 720  	 960  	 10  	 5 
31	 CF141HS 	 1 	 4 	 600  	 840  	 10  	 5 
32	 CF144BS 	 1 	 7 	 540  	 780  	 10  	 5 
33	 CF146EA 	 1 	 5 	 540  	 780  	 9  	 4 
34	 CF149JD 	 1 	 5 	 720  	 960  	 7  	 3 
35	 CF144PB 	 1 	 7 	 540  	 780  	 10  	 5 
36	 CF52PN 	 1 	 8 	 540  	 780  	 10  	 5 
37	 CF144BD 	 1 	 6 	 660  	 900  	 9  	 4 
38	 CF141DX 	 1 	 2 	 540  	 780  	 6  	 3 
39	 CF244QR	 1 	 2 	 660  	 900  	 10  	 5 
40	 CF142BL 	 1 	 2 	 720  	 960  	 7  	 3 
41	 CF144US 	 1 	 10 	 660  	 900  	 7  	 3 
42	 CF244BY 	 1 	 1 	 720  	 960  	 7  	 3 
43	 CF52SQ 	 1 	 2 	 660  	 900  	 7  	 3 
44	 CF145GN	 1 	 10 	 660  	 900  	 6  	 3 
45	 CF244PD 	 1 	 3 	 660  	 900  	 8  	 4 
46	 CF146PP 	 1 	 1 	 540  	 780  	 6  	 3 
47	 CF52NP 	 1 	 3 	 720  	 960  	 8  	 4 
48	 CF145FG 	 1 	 3 	 720  	 960  	 8  	 4 
49	 CF141HQ	 1 	 1 	 600  	 840  	 8  	 4 
50	 CF145QF 	 1 	 4 	 600  	 840  	 6  	 3 
51	 CF146RG 	 1 	 8 	 720  	 960  	 9  	 4 
52	 CF244PW	 1 	 9 	 600  	 840  	 9  	 4 
53	 CF52LU 	 1 	 10 	 720  	 960  	 10  	 5 
54	 CF149JJ 	 0 	 10 	 660  	 900  	 6  	 3 
55	 CF235QL 	 1 	 3 	 720  	 960  	 6  	 3 
56	 CF141NE 	 1 	 10 	 720  	 960  	 9  	 4 
57	 CF144HW 1 	 7 	 720  	 960  	 10  	 5 
58	 CF142BN	 1 	 4 	 600  	 840  	 10  	 5 
59	 CF141PX 	 1 	 3 	 720  	 960  	 6  	 3 
60	 CF144SN 	 1 	 3 	 600  	 840  	 6  	 3 
61	 CF145YL 	 0 	 24 	 660  	 900  	 5  	 2 
62	 CF145BE 	 1 	 5 	 720  	 960  	 9  	 4 
63	 CF147EH 	 1 	 4 	 660  	 900  	 9  	 4 
64	 CF148JT 	 1 	 9 	 540  	 780  	 7  	 3 
65	 CF142LD 	 0 	 13 	 600  	 840  	 7  	 3 
66	 CF149DF 	 1 	 9 	 600  	 840  	 6  	 3 
67	 CF145NA	 1 	 7 	 540  	 780  	 8  	 4 
68	 CF142RY 	 1 	 4 	 600  	 840  	 9  	 4 
69	 CF142TT 	 1 	 1 	 660  	 900  	 6  	 3 
70	 CF141AW	 1 	 10 	 720  	 960  	 10  	 5 
71	 CF52PX 	 1 	 5 	 600  	 840  	 9  	 4 
72	 CF144DD	 1 	 7 	 600  	 840  	 7  	 3 
73	 CF142HX 	 1 	 8 	 600  	 840  	 8  	 4 
74	 CF145BQ	 1 	 7 	 660  	 900  	 10  	 5 
75	 CF147BR 	 1 	 9 	 720  	 960  	 7  	 3 
