75

1200
32
10
500

0	2264	2769	2001	4882	2425	3075	1597	3714	966	2316	801	1715	4526	2025	1921	2275	2547	2315	3829	1279	2788	1470	2002	3517	2349	4657	153	1870	3145	4286	4559	2541	2062	5241	2412	1602	4988	3327	1237	2245	2688	1830	4236	4053	1297	5116	2917	1898	460	3147	3041	3892	3166	3413	3472	3139	1058	3654	4636	2198	2902	3346	2165	2409	2593	4389	1337	3662	3268	1241	1520	2976	4320	3787	2998	
2264	0	957	1308	3180	904	811	3655	1647	2979	1335	1487	698	2941	423	1032	154	972	1198	2440	2680	921	1977	2261	1862	86	3102	2233	2122	895	2048	2310	458	1392	3024	305	3053	2867	1063	1537	1642	1083	2280	2596	2173	2366	2897	2891	3412	1853	2729	1816	1975	1552	2041	1774	2867	1230	2261	2384	2035	1100	1103	698	146	440	2157	1642	2064	1007	1469	1264	2767	2527	2342	869	
2769	957	0	2261	2267	372	956	3878	963	3248	807	1977	1080	3607	838	911	1099	278	2149	1486	2743	68	1915	1956	2596	939	3772	2786	1868	870	1696	1991	514	1043	2557	1184	3057	2231	1142	1677	1162	234	2058	3262	2732	2386	2439	2306	3387	2451	2014	936	1137	596	2866	2499	2188	1736	3059	2353	1610	151	948	605	902	1201	1776	1693	2802	1024	2302	2154	2129	3110	3115	483	
2001	1308	2261	0	4479	2142	1867	3596	2889	2945	2455	1560	1521	2526	1521	2022	1178	2235	361	3736	2979	2229	2575	3036	1549	1341	2657	1888	2876	2009	3073	3278	1765	2394	4045	1157	3366	4018	2036	2062	2671	2362	2973	2242	2131	2779	3918	3851	3717	1551	3813	3063	3258	2854	1412	1519	3912	1438	1655	3089	2953	2407	2207	1864	1392	1255	3189	2223	1675	2047	761	490	3784	2354	1787	2133	
4882	3180	2267	4479	0	2524	2732	5638	1666	5116	2570	4139	3308	5108	3102	2971	3301	2402	4304	1134	4443	2283	3650	3360	4348	3139	5260	4931	3380	2576	2102	2216	2723	2838	2016	3333	4629	1394	2695	3663	2716	2255	3548	4807	4190	4101	1999	3000	4867	4638	2490	1872	1237	1740	4730	4252	2678	3928	4858	2939	2978	2116	2434	2824	3087	3275	2045	3602	4529	2617	4568	4418	2767	4536	4864	2354	
2425	904	372	2142	2524	0	1190	3506	1332	2877	506	1644	784	3755	628	539	1058	124	2088	1619	2373	417	1548	1627	2705	921	3919	2452	1526	1141	2062	2355	580	698	2929	1188	2691	2594	1413	1307	863	270	1713	3408	2915	2017	2811	2076	3025	2131	1852	924	1466	786	2927	2611	2006	1416	3137	2684	1306	483	1261	304	907	1258	2144	1320	2911	1301	2069	1960	1924	3288	3208	792	
3075	811	956	1867	2732	1190	0	4430	1072	3761	1696	2292	1438	2671	1113	1594	829	1169	1622	2264	3398	888	2630	2799	1710	727	2835	3044	2685	157	1255	1505	658	1869	2238	749	3753	2153	259	2254	2053	1185	2864	2330	1781	3062	2110	3249	4105	2664	2970	1871	1498	1431	2040	1611	3143	2032	2202	1598	2495	1017	340	1191	666	615	1368	2330	1910	198	2222	1977	3080	2160	2237	504	
1597	3655	3878	3596	5638	3506	4430	0	4834	680	3192	2202	2992	6120	3318	2968	3704	3611	3903	4506	1195	3919	2019	2289	5097	3739	6253	1720	2258	4466	5542	5832	3814	2908	6434	3863	1062	6074	4689	2211	2952	3723	2095	5825	5612	1547	6316	2948	1004	2046	3374	3789	4890	4094	5008	5047	3269	2444	5251	6027	2661	3978	4647	3329	3792	4043	5633	2186	5249	4609	2838	3112	3117	5895	5383	4229	
3714	1647	963	2889	1666	1332	1072	4834	0	4209	1683	2916	2004	3535	1715	1871	1739	1223	2676	1419	3684	932	2847	2808	2699	1587	3694	3722	2746	916	870	1148	1227	1954	1608	1733	3980	1274	1034	2639	2002	1114	2938	3214	2610	3324	1496	2943	4297	3372	2535	1397	452	894	3069	2602	2736	2667	3207	1700	2428	856	768	1554	1526	1646	913	2648	2886	951	3110	2910	2728	2976	3221	778	
966	2979	3248	2945	5116	2877	3761	680	4209	0	2604	1523	2325	5462	2652	2338	3027	2987	3241	3997	753	3285	1466	1842	4429	3064	5598	1105	1774	3801	4892	5180	3153	2320	5800	3185	863	5464	4019	1571	2403	3107	1642	5162	4937	1035	5680	2633	1046	1395	2997	3248	4294	3509	4355	4377	2926	1765	4598	5357	2174	3356	3986	2682	3118	3364	4986	1569	4585	3942	2193	2457	2764	5224	4729	3578	
2316	1335	807	2455	2570	506	1696	3192	1683	2604	0	1605	951	4242	964	469	1485	540	2460	1522	2017	869	1178	1151	3180	1369	4405	2373	1070	1641	2484	2778	1079	284	3290	1635	2298	2888	1914	1094	359	590	1262	3895	3415	1656	3179	1578	2614	2108	1397	735	1698	905	3376	3089	1533	1430	3595	3159	807	852	1747	637	1369	1729	2556	1046	3385	1800	2233	2189	1437	3786	3672	1276	
801	1487	1977	1560	4139	1644	2292	2202	2916	1523	1605	0	914	4006	1224	1170	1517	1768	1798	3127	1421	1994	1109	1639	2945	1573	4150	810	1481	2354	3489	3765	1741	1385	4441	1669	1811	4190	2547	657	1615	1911	1524	3691	3426	1226	4316	2544	2166	503	2660	2340	3107	2406	2922	2885	2698	260	3169	3871	1701	2114	2552	1372	1631	1849	3592	815	3113	2483	923	1087	2544	3727	3291	2198	
1715	698	1080	1521	3308	784	1438	2992	2004	2325	951	914	0	3575	327	501	795	906	1575	2378	1984	1089	1289	1624	2486	777	3732	1719	1475	1477	2589	2871	838	874	3531	971	2355	3277	1697	839	1150	1053	1617	3235	2851	1668	3407	2357	2714	1373	2292	1629	2216	1570	2596	2406	2396	663	2831	3036	1464	1223	1665	485	820	1131	2689	946	2681	1618	1303	1238	2272	3195	2929	1287	
4526	2941	3607	2526	5108	3755	2671	6120	3535	5462	4242	4006	3575	0	3360	3972	2806	3773	2222	4898	5413	3542	4847	5191	1089	2889	164	4414	5046	2795	3036	3017	3176	4331	3643	2636	5803	4002	2563	4353	4572	3823	5192	347	925	5159	3555	5818	6163	4074	5602	4537	3984	4099	1116	1170	5760	3820	883	2358	4975	3685	2832	3624	2880	2518	3117	4491	900	2676	3286	3008	5677	575	744	3175	
2025	423	838	1521	3102	628	1113	3318	1715	2652	964	1224	327	3360	0	613	554	733	1498	2244	2295	832	1564	1837	2277	489	3520	2019	1699	1150	2268	2547	517	983	3216	724	2660	2982	1372	1148	1243	872	1858	3016	2596	1969	3091	2488	3016	1660	2358	1544	1963	1388	2433	2192	2484	967	2660	2712	1620	989	1339	344	520	862	2369	1239	2478	1291	1466	1337	2376	2950	2747	974	
1921	1032	911	2022	2971	539	1594	2968	1871	2338	469	1170	501	3972	613	0	1167	652	2060	1966	1850	950	1044	1236	2891	1089	4133	1962	1106	1583	2584	2877	936	381	3466	1336	2183	3131	1841	768	654	780	1277	3628	3195	1498	3348	1883	2527	1671	1793	1188	1986	1245	3041	2805	1902	974	3270	3157	1007	1020	1734	403	1108	1464	2671	785	3092	1739	1765	1729	1784	3555	3359	1284	
2275	154	1099	1178	3301	1058	829	3704	1739	3027	1485	1517	795	2806	554	1167	0	1125	1051	2584	2762	1060	2083	2388	1724	163	2966	2234	2246	934	2082	2334	591	1534	3063	176	3139	2936	1066	1627	1787	1233	2399	2463	2057	2457	2935	3036	3500	1850	2880	1968	2086	1695	1892	1638	3017	1264	2114	2361	2173	1239	1144	848	215	343	2194	1741	1925	1027	1403	1177	2915	2405	2197	967	
2547	972	278	2235	2402	124	1169	3611	1223	2987	540	1768	906	3773	733	652	1125	0	2166	1512	2469	334	1638	1684	2735	979	3937	2575	1592	1105	1974	2268	602	766	2826	1244	2780	2480	1379	1419	899	147	1782	3427	2920	2111	2710	2081	3109	2255	1828	844	1344	666	2973	2640	1990	1539	3178	2622	1347	369	1207	423	959	1298	2053	1425	2941	1263	2184	2069	1917	3295	3244	736	
2315	1198	2149	361	4304	2088	1622	3903	2676	3241	2460	1798	1575	2222	1498	2060	1051	2166	0	3634	3217	2107	2739	3164	1207	1209	2360	2212	3006	1772	2784	2974	1637	2441	3745	978	3607	3754	1762	2226	2714	2281	3122	1922	1776	2990	3619	3932	3963	1858	3847	3009	3070	2744	1125	1170	3962	1636	1371	2748	3037	2287	1958	1837	1249	1032	2900	2380	1347	1789	1090	797	3844	2012	1495	1950	
3829	2440	1486	3736	1134	1619	2264	4506	1419	3997	1522	3127	2378	4898	2244	1966	2584	1512	3634	0	3313	1529	2533	2226	3974	2425	5060	3892	2248	2123	2215	2446	1998	1767	2599	2666	3494	2018	2336	2594	1610	1376	2414	4565	3980	2975	2530	1924	3735	3629	1425	789	1032	890	4291	3875	1626	2941	4464	3088	1846	1350	2066	1919	2387	2665	2217	2516	4173	2227	3680	3579	1688	4354	4501	1778	
1279	2680	2743	2979	4443	2373	3398	1195	3684	753	2017	1421	1984	5413	2295	1850	2762	2469	3217	3313	0	2790	839	1111	4339	2761	5560	1430	1066	3411	4432	4726	2753	1736	5292	2933	391	4905	3654	1147	1760	2570	912	5091	4783	361	5177	1881	751	1551	2249	2594	3712	2913	4340	4273	2174	1593	4586	4989	1469	2831	3575	2237	2804	3104	4517	1072	4515	3563	2292	2498	2013	5103	4706	3133	
2788	921	68	2229	2283	417	888	3919	932	3285	869	1994	1089	3542	832	950	1060	334	2107	1529	2790	0	1965	2017	2534	899	3706	2803	1927	802	1645	1939	470	1100	2516	1138	3108	2204	1074	1714	1226	302	2116	3197	2665	2434	2398	2374	3440	2462	2082	999	1132	639	2808	2437	2256	1750	2999	2290	1674	180	882	624	858	1147	1726	1735	2739	955	2291	2135	2197	3043	3054	415	
1470	1977	1915	2575	3650	1548	2630	2019	2847	1466	1178	1109	1289	4847	1564	1044	2083	1638	2739	2533	839	1965	0	546	3759	2050	5002	1583	402	2625	3609	3903	1973	897	4455	2259	1144	4066	2880	514	939	1734	415	4512	4139	479	4342	1468	1483	1490	1678	1783	2874	2076	3828	3682	1671	1145	4070	4201	747	1996	2778	1444	2084	2415	3690	359	3949	2781	2023	2142	1509	4482	4178	2323	
2002	2261	1956	3036	3360	1627	2799	2289	2808	1842	1151	1639	1624	5191	1837	1236	2388	1684	3164	2226	1111	2017	546	0	4104	2322	5350	2122	162	2765	3630	3924	2149	932	4401	2560	1269	3952	3034	1001	808	1740	200	4850	4430	813	4295	922	1532	2036	1173	1557	2749	1956	4218	4022	1141	1640	4455	4306	396	2000	2887	1624	2344	2697	3698	836	4302	2924	2537	2630	976	4787	4553	2417	
3517	1862	2596	1549	4348	2705	1710	5097	2699	4429	3180	2945	2486	1089	2277	2891	1724	2735	1207	3974	4339	2534	3759	4104	0	1815	1246	3417	3958	1853	2416	2495	2133	3255	3232	1557	4729	3439	1669	3267	3501	2800	4103	754	621	4077	3121	4750	5090	3058	4557	3532	3149	3130	440	99	4708	2748	510	2012	3896	2691	1942	2553	1812	1451	2519	3403	206	1765	2296	2003	4618	806	527	2203	
2349	86	939	1341	3139	921	727	3739	1587	3064	1369	1573	777	2889	489	1089	163	979	1209	2425	2761	899	2050	2322	1815	0	3051	2317	2186	815	1968	2228	429	1442	2945	268	3132	2798	978	1616	1686	1081	2347	2544	2108	2444	2818	2935	3491	1937	2759	1821	1927	1535	2010	1726	2902	1315	2226	2299	2087	1078	1024	738	64	375	2078	1718	2019	924	1537	1324	2806	2466	2303	811	
4657	3102	3772	2657	5260	3919	2835	6253	3694	5598	4405	4150	3732	164	3520	4133	2966	3937	2360	5060	5560	3706	5002	5350	1246	3051	0	4543	5205	2958	3182	3155	3340	4493	3768	2797	5950	4140	2726	4506	4734	3988	5349	511	1084	5309	3683	5981	6310	4207	5766	4702	4142	4263	1244	1329	5924	3967	1004	2486	5136	3849	2994	3787	3042	2680	3261	4645	1053	2839	3416	3141	5840	725	870	3339	
153	2233	2786	1888	4931	2452	3044	1720	3722	1105	2373	810	1719	4414	2019	1962	2234	2575	2212	3892	1430	2803	1583	2122	3417	2317	4543	0	1985	3121	4268	4538	2533	2127	5230	2364	1755	4995	3294	1312	2323	2718	1954	4128	3962	1437	5105	3040	2050	386	3256	3103	3916	3206	3299	3375	3254	1056	3539	4591	2301	2923	3325	2182	2379	2543	4374	1425	3557	3240	1128	1415	3092	4221	3673	2993	
1870	2122	1868	2876	3380	1526	2685	2258	2746	1774	1070	1481	1475	5046	1699	1106	2246	1592	3006	2248	1066	1927	402	162	3958	2186	5205	1985	0	2657	3554	3848	2030	829	4347	2420	1271	3914	2924	840	748	1659	193	4705	4294	739	4239	1071	1561	1886	1283	1545	2711	1913	4065	3877	1269	1479	4303	4210	404	1921	2786	1501	2210	2560	3626	675	4155	2816	2376	2468	1107	4649	4403	2318	
3145	895	870	2009	2576	1141	157	4466	916	3801	1641	2354	1477	2795	1150	1583	934	1105	1772	2123	3411	802	2625	2765	1853	815	2958	3121	2657	0	1153	1417	658	1833	2131	875	3758	2018	274	2273	2000	1103	2840	2455	1893	3069	2004	3175	4106	2745	2877	1761	1341	1305	2190	1754	3055	2094	2349	1578	2446	912	210	1182	751	755	1263	2339	2051	160	2336	2099	2998	2273	2380	394	
4286	2048	1696	3073	2102	2062	1255	5542	870	4892	2484	3489	2589	3036	2268	2584	2082	1974	2784	2215	4432	1645	3609	3630	2416	1968	3182	4268	3554	1153	0	294	1752	2737	983	2002	4752	1025	1044	3331	2823	1895	3746	2754	2138	4077	855	3812	5084	3894	3404	2266	1183	1760	2840	2329	3606	3230	2916	881	3261	1633	946	2213	1904	1853	116	3369	2567	1058	3477	3227	3598	2461	2893	1314	
4559	2310	1991	3278	2216	2355	1505	5832	1148	5180	2778	3765	2871	3017	2547	2877	2334	2268	2974	2446	4726	1939	3903	3924	2495	2228	3155	4538	3848	1417	294	0	2033	3032	772	2242	5046	985	1276	3621	3116	2189	4040	2757	2150	4371	648	4091	5378	4161	3675	2544	1420	2041	2930	2415	3878	3505	2983	725	3553	1927	1214	2503	2165	2085	237	3661	2631	1307	3718	3460	3874	2445	2946	1602	
2541	458	514	1765	2723	580	658	3814	1227	3153	1079	1741	838	3176	517	936	591	602	1637	1998	2753	470	1973	2149	2133	429	3340	2533	2030	658	1752	2033	0	1223	2700	671	3102	2481	907	1616	1427	679	2208	2829	2336	2412	2575	2655	3452	2168	2428	1423	1527	1108	2375	2038	2585	1483	2578	2236	1860	650	833	533	389	701	1852	1681	2339	810	1889	1706	2504	2709	2642	463	
2062	1392	1043	2394	2838	698	1869	2908	1954	2320	284	1385	874	4331	983	381	1534	766	2441	1767	1736	1100	897	932	3255	1442	4493	2127	829	1833	2737	3032	1223	0	3562	1698	2026	3170	2102	828	277	846	1017	3986	3534	1376	3450	1506	2349	1884	1419	979	1982	1189	3416	3167	1523	1238	3643	3381	646	1109	1958	713	1454	1815	2813	767	3457	1992	2090	2081	1403	3899	3730	1489	
5241	3024	2557	4045	2016	2929	2238	6434	1608	5800	3290	4441	3531	3643	3216	3466	3063	2826	3745	2599	5292	2516	4455	4401	3232	2945	3768	5230	4347	2131	983	772	2700	3562	0	2985	5588	626	2025	4230	3600	2721	4539	3416	2831	4932	128	4425	5903	4861	3964	2908	1686	2449	3671	3157	4170	4183	3706	1287	4013	2461	1922	3122	2881	2835	870	4249	3354	2041	4460	4210	4195	3087	3658	2244	
2412	305	1184	1157	3333	1188	749	3863	1733	3185	1635	1669	971	2636	724	1336	176	1244	978	2666	2933	1138	2259	2560	1557	268	2797	2364	2420	875	2002	2242	671	1698	2985	0	3312	2892	967	1801	1947	1341	2574	2292	1881	2631	2857	3196	3673	1978	3027	2083	2105	1777	1742	1469	3168	1420	1959	2227	2340	1316	1082	1001	286	181	2116	1916	1759	945	1476	1227	3070	2230	2038	980	
1602	3053	3057	3366	4629	2691	3753	1062	3980	863	2298	1811	2355	5803	2660	2183	3139	2780	3607	3494	391	3108	1144	1269	4729	3132	5950	1755	1271	3758	4752	5046	3102	2026	5588	3312	0	5176	4007	1516	2009	2871	1089	5481	5168	691	5476	1887	362	1915	2314	2815	3976	3175	4731	4662	2207	1983	4977	5336	1659	3134	3916	2578	3173	3480	4832	1424	4905	3912	2672	2884	2054	5491	5097	3465	
4988	2867	2231	4018	1394	2594	2153	6074	1274	5464	2888	4190	3277	4002	2982	3131	2936	2480	3754	2018	4905	2204	4066	3952	3439	2798	4140	4995	3914	2018	1025	985	2481	3170	626	2892	5176	0	1992	3898	3169	2357	4104	3740	3130	4544	606	3891	5475	4642	3414	2416	1203	2002	3865	3353	3619	3939	3937	1679	3557	2111	1814	2828	2734	2768	920	3896	3587	1971	4335	4112	3657	3430	3909	2019	
3327	1063	1142	2036	2695	1413	259	4689	1034	4019	1914	2547	1697	2563	1372	1841	1066	1379	1762	2336	3654	1074	2880	3034	1669	978	2726	3294	2924	274	1044	1276	907	2102	2025	967	4007	1992	0	2511	2273	1376	3105	2229	1651	3317	1897	3447	4358	2912	3145	2020	1481	1550	2036	1571	3324	2288	2175	1340	2719	1177	274	1438	918	811	1159	2585	1860	120	2442	2186	3269	2029	2194	662	
1237	1537	1677	2062	3663	1307	2254	2211	2639	1571	1094	657	839	4353	1148	768	1627	1419	2226	2594	1147	1714	514	1001	3267	1616	4506	1312	840	2273	3331	3621	1616	828	4230	1801	1516	3898	2511	0	1011	1544	914	4021	3671	830	4110	1892	1875	1115	2006	1807	2744	1978	3322	3193	2041	641	3565	3849	1045	1787	2446	1118	1658	1966	3422	166	3453	2423	1536	1635	1887	4005	3674	2019	
2245	1642	1162	2671	2716	863	2053	2952	2002	2403	359	1615	1150	4572	1243	654	1787	899	2714	1610	1760	1226	939	808	3501	1686	4734	2323	748	2000	2823	3116	1427	277	3600	1947	2009	3169	2273	1011	0	939	940	4226	3758	1405	3492	1249	2308	2106	1142	845	1967	1167	3676	3412	1249	1489	3900	3514	448	1195	2105	948	1692	2054	2890	913	3705	2159	2356	2355	1134	4127	3984	1634	
2688	1083	234	2362	2255	270	1185	3723	1114	3107	590	1911	1053	3823	872	780	1233	147	2281	1376	2570	302	1734	1740	2800	1081	3988	2718	1659	1103	1895	2189	679	846	2721	1341	2871	2357	1376	1544	939	0	1851	3478	2956	2211	2607	2072	3194	2400	1787	744	1207	520	3054	2704	1958	1685	3254	2577	1385	263	1181	569	1054	1380	1968	1540	3006	1257	2329	2209	1896	3333	3314	716	
1830	2280	2058	2973	3548	1713	2864	2095	2938	1642	1262	1524	1617	5192	1858	1277	2399	1782	3122	2414	912	2116	415	200	4103	2347	5349	1954	193	2840	3746	4040	2208	1017	4539	2574	1089	4104	3105	914	940	1851	0	4852	4453	614	4431	1087	1371	1893	1369	1727	2901	2103	4196	4023	1327	1553	4435	4397	571	2113	2973	1677	2373	2719	3818	751	4297	2999	2437	2549	1162	4804	4538	2505	
4236	2596	3262	2242	4807	3408	2330	5825	3214	5162	3895	3691	3235	347	3016	3628	2463	3427	1922	4565	5091	3197	4512	4850	754	2544	511	4128	4705	2455	2754	2757	2829	3986	3416	2292	5481	3740	2229	4021	4226	3478	4852	0	618	4831	3322	5471	5842	3780	5255	4193	3665	3759	858	830	5414	3499	657	2130	4630	3341	2500	3278	2534	2172	2841	4157	578	2340	3001	2716	5330	344	518	2833	
4053	2173	2732	2131	4190	2915	1781	5612	2610	4937	3415	3426	2851	925	2596	3195	2057	2920	1776	3980	4783	2665	4139	4430	621	2108	1084	3962	4294	1893	2138	2150	2336	3534	2831	1881	5168	3130	1651	3671	3758	2956	4453	618	0	4497	2731	4991	5530	3593	4742	3651	3059	3197	999	620	4909	3209	936	1554	4179	2798	1916	2821	2087	1734	2226	3793	616	1766	2858	2559	4836	379	853	2282	
1297	2366	2386	2779	4101	2017	3062	1547	3324	1035	1656	1226	1668	5159	1969	1498	2457	2111	2990	2975	361	2434	479	813	4077	2444	5309	1437	739	3069	4077	4371	2412	1376	4932	2631	691	4544	3317	830	1405	2211	614	4831	4497	0	4818	1667	1047	1465	1982	2244	3352	2553	4105	4007	1931	1354	4351	4647	1140	2471	3229	1890	2484	2797	4160	733	4259	3222	2138	2312	1767	4827	4466	2782	
5116	2897	2439	3918	1999	2811	2110	6316	1496	5680	3179	4316	3407	3555	3091	3348	2935	2710	3619	2530	5177	2398	4342	4295	3121	2818	3683	5105	4239	2004	855	648	2575	3450	128	2857	5476	606	1897	4110	3492	2607	4431	3322	2731	4818	0	4337	5793	4735	3881	2813	1595	2347	3559	3044	4087	4058	3599	1198	3909	2346	1794	3001	2754	2708	742	4132	3246	1913	4332	4082	4109	2995	3552	2120	
2917	2891	2306	3851	3000	2076	3249	2948	2943	2633	1578	2544	2357	5818	2488	1883	3036	2081	3932	1924	1881	2374	1468	922	4750	2935	5981	3040	1071	3175	3812	4091	2655	1506	4425	3196	1887	3891	3447	1892	1249	2072	1087	5471	4991	1667	4337	0	2015	2957	510	1547	2742	2053	4922	4660	340	2516	5148	4594	898	2287	3245	2197	2940	3302	3855	1731	4954	3329	3419	3481	237	5364	5233	2787	
1898	3412	3387	3717	4867	3025	4105	1004	4297	1046	2614	2166	2714	6163	3016	2527	3500	3109	3963	3735	751	3440	1483	1532	5090	3491	6310	2050	1561	4106	5084	5378	3452	2349	5903	3673	362	5475	4358	1875	2308	3194	1371	5842	5530	1047	5793	2015	0	2242	2479	3089	4272	3474	5088	5024	2349	2343	5334	5683	1929	3458	4261	2925	3531	3841	5161	1779	5266	4261	3012	3232	2207	5853	5455	3806	
460	1853	2451	1551	4638	2131	2664	2046	3372	1395	2108	503	1373	4074	1660	1671	1850	2255	1858	3629	1551	2462	1490	2036	3058	1937	4207	386	1886	2745	3894	4161	2168	1884	4861	1978	1915	4642	2912	1115	2106	2400	1893	3780	3593	1465	4735	2957	2242	0	3116	2842	3586	2901	2963	3012	3138	716	3206	4205	2153	2592	2950	1848	1999	2157	4001	1256	3205	2860	798	1066	2980	3860	3337	2631	
3147	2729	2014	3813	2490	1852	2970	3374	2535	2997	1397	2660	2292	5602	2358	1793	2880	1828	3847	1425	2249	2082	1678	1173	4557	2759	5766	3256	1283	2877	3404	3675	2428	1419	3964	3027	2314	3414	3145	2006	1142	1787	1369	5255	4742	1982	3881	510	2479	3116	0	1153	2293	1664	4769	4464	206	2581	4985	4217	963	1968	2920	2034	2753	3109	3438	1860	4763	3025	3473	3491	280	5119	5058	2484	
3041	1816	936	3063	1872	924	1871	3789	1397	3248	735	2340	1629	4537	1544	1188	1968	844	3009	789	2594	999	1783	1557	3532	1821	4702	3103	1545	1761	2266	2544	1423	979	2908	2083	2815	2416	2020	1807	845	744	1727	4193	3651	2244	2813	1547	3089	2842	1153	0	1225	512	3796	3435	1348	2161	3993	3066	1161	854	1783	1203	1796	2123	2308	1735	3738	1901	2931	2856	1332	4030	4050	1370	
3892	1975	1137	3258	1237	1466	1498	4890	452	4294	1698	3107	2216	3984	1963	1986	2086	1344	3070	1032	3712	1132	2874	2749	3149	1927	4142	3916	2711	1341	1183	1420	1527	1982	1686	2105	3976	1203	1481	2744	1967	1207	2901	3665	3059	3352	1595	2742	4272	3586	2293	1225	0	801	3515	3052	2498	2871	3656	2057	2355	994	1212	1738	1871	2039	1188	2726	3337	1394	3409	3233	2515	3423	3672	1125	
3166	1552	596	2854	1740	786	1431	4094	894	3509	905	2406	1570	4099	1388	1245	1695	666	2744	890	2913	639	2076	1956	3130	1535	4263	3206	1913	1305	1760	2041	1108	1189	2449	1777	3175	2002	1550	1978	1167	520	2103	3759	3197	2553	2347	2053	3474	2901	1664	512	801	0	3426	3031	1860	2190	3608	2554	1565	461	1299	1089	1497	1780	1806	1946	3333	1433	2848	2723	1842	3576	3654	928	
3413	2041	2866	1412	4730	2927	2040	5008	3069	4355	3376	2922	2596	1116	2433	3041	1892	2973	1125	4291	4340	2808	3828	4218	440	2010	1244	3299	4065	2190	2840	2930	2375	3416	3671	1742	4731	3865	2036	3322	3676	3054	4196	858	999	4105	3559	4922	5088	2963	4769	3796	3515	3426	0	515	4908	2754	246	2451	4045	2974	2303	2739	2020	1675	2946	3469	385	2122	2172	1898	4806	1058	375	2513	
3472	1774	2499	1519	4252	2611	1611	5047	2602	4377	3089	2885	2406	1170	2192	2805	1638	2640	1170	3875	4273	2437	3682	4022	99	1726	1329	3375	3877	1754	2329	2415	2038	3167	3157	1469	4662	3353	1571	3193	3412	2704	4023	830	620	4007	3044	4660	5024	3012	4464	3435	3052	3031	515	0	4616	2683	606	1948	3809	2593	1843	2464	1721	1359	2433	3328	302	1667	2259	1963	4526	848	626	2105	
3139	2867	2188	3912	2678	2006	3143	3269	2736	2926	1533	2698	2396	5760	2484	1902	3017	1990	3962	1626	2174	2256	1671	1141	4708	2902	5924	3254	1269	3055	3606	3878	2585	1523	4170	3168	2207	3619	3324	2041	1249	1958	1327	5414	4909	1931	4087	340	2349	3138	206	1348	2498	1860	4908	4616	0	2638	5127	4414	1000	2149	3105	2169	2899	3258	3641	1888	4914	3205	3538	3572	165	5286	5204	2662	
1058	1230	1736	1438	3928	1416	2032	2444	2667	1765	1430	260	663	3820	967	974	1264	1539	1636	2941	1593	1750	1145	1640	2748	1315	3967	1056	1479	2094	3230	3505	1483	1238	4183	1420	1983	3939	2288	641	1489	1685	1553	3499	3209	1354	4058	2516	2343	716	2581	2161	2871	2190	2754	2683	2638	0	2999	3614	1640	1876	2292	1133	1372	1600	3333	806	2923	2223	904	996	2491	3519	3117	1941	
3654	2261	3059	1655	4858	3137	2202	5251	3207	4598	3595	3169	2831	883	2660	3270	2114	3178	1371	4464	4586	2999	4070	4455	510	2226	1004	3539	4303	2349	2916	2983	2578	3643	3706	1959	4977	3937	2175	3565	3900	3254	4435	657	936	4351	3599	5148	5334	3206	4985	3993	3656	3608	246	606	5127	2999	0	2457	4276	3162	2446	2959	2232	1880	3018	3711	353	2268	2413	2141	5028	909	142	2687	
4636	2384	2353	3089	2939	2684	1598	6027	1700	5357	3159	3871	3036	2358	2712	3157	2361	2622	2748	3088	4989	2290	4201	4306	2012	2299	2486	4591	4210	1578	881	725	2236	3381	1287	2227	5336	1679	1340	3849	3514	2577	4397	2130	1554	4647	1198	4594	5683	4205	4217	3066	2057	2554	2451	1948	4414	3614	2457	0	3962	2330	1426	2758	2243	2049	907	3917	2108	1426	3647	3364	4391	1799	2396	1892	
2198	2035	1610	2953	2978	1306	2495	2661	2428	2174	807	1701	1464	4975	1620	1007	2173	1347	3037	1846	1469	1674	747	396	3896	2087	5136	2301	404	2446	3261	3553	1860	646	4013	2340	1659	3557	2719	1045	448	1385	571	4630	4179	1140	3909	898	1929	2153	963	1161	2355	1565	4045	3809	1000	1640	4276	3962	0	1638	2553	1358	2099	2460	3325	897	4098	2606	2541	2588	852	4545	4366	2082	
2902	1100	151	2407	2116	483	1017	3978	856	3356	852	2114	1223	3685	989	1020	1239	369	2287	1350	2831	180	1996	2000	2691	1078	3849	2923	1921	912	1633	1927	650	1109	2461	1316	3134	2111	1177	1787	1195	263	2113	3341	2798	2471	2346	2287	3458	2592	1968	854	994	461	2974	2593	2149	1876	3162	2330	1638	0	958	743	1038	1321	1705	1793	2895	1058	2453	2305	2100	3177	3213	519	
3346	1103	948	2207	2434	1261	340	4647	768	3986	1747	2552	1665	2832	1339	1734	1144	1207	1958	2066	3575	882	2778	2887	1942	1024	2994	3325	2786	210	946	1214	833	1958	1922	1082	3916	1814	274	2446	2105	1181	2973	2500	1916	3229	1794	3245	4261	2950	2920	1783	1212	1299	2303	1843	3105	2292	2446	1426	2553	958	0	1339	960	954	1054	2503	2133	183	2546	2307	3058	2292	2467	471	
2165	698	605	1864	2824	304	1191	3329	1554	2682	637	1372	485	3624	344	403	848	423	1837	1919	2237	624	1444	1624	2553	738	3787	2182	1501	1182	2213	2503	533	713	3122	1001	2578	2828	1438	1118	948	569	1677	3278	2821	1890	3001	2197	2925	1848	2034	1203	1738	1089	2739	2464	2169	1133	2959	2758	1358	743	1339	0	744	1107	2305	1165	2757	1338	1765	1661	2069	3187	3039	901	
2409	146	902	1392	3087	907	666	3792	1526	3118	1369	1631	820	2880	520	1108	215	959	1249	2387	2804	858	2084	2344	1812	64	3042	2379	2210	751	1904	2165	389	1454	2881	286	3173	2734	918	1658	1692	1054	2373	2534	2087	2484	2754	2940	3531	1999	2753	1796	1871	1497	2020	1721	2899	1372	2232	2243	2099	1038	960	744	0	362	2014	1756	2016	862	1601	1385	2806	2448	2305	752	
2593	440	1201	1255	3275	1258	615	4043	1646	3364	1729	1849	1131	2518	862	1464	343	1298	1032	2665	3104	1147	2415	2697	1451	375	2680	2543	2560	755	1853	2085	701	1815	2835	181	3480	2768	811	1966	2054	1380	2719	2172	1734	2797	2708	3302	3841	2157	3109	2123	2039	1780	1675	1359	3258	1600	1880	2049	2460	1321	954	1107	362	0	1968	2077	1656	803	1635	1376	3167	2090	1949	926	
4389	2157	1776	3189	2045	2144	1368	5633	913	4986	2556	3592	2689	3117	2369	2671	2194	2053	2900	2217	4517	1726	3690	3698	2519	2078	3261	4374	3626	1263	116	237	1852	2813	870	2116	4832	920	1159	3422	2890	1968	3818	2841	2226	4160	742	3855	5161	4001	3438	2308	1188	1806	2946	2433	3641	3333	3018	907	3325	1705	1054	2305	2014	1968	0	3456	2668	1171	3590	3341	3638	2542	2991	1409	
1337	1642	1693	2223	3602	1320	2330	2186	2648	1569	1046	815	946	4491	1239	785	1741	1425	2380	2516	1072	1735	359	836	3403	1718	4645	1425	675	2339	3369	3661	1681	767	4249	1916	1424	3896	2585	166	913	1540	751	4157	3793	733	4132	1731	1779	1256	1860	1735	2726	1946	3469	3328	1888	806	3711	3917	897	1793	2503	1165	1756	2077	3456	0	3592	2491	1702	1800	1732	4132	3819	2063	
3662	2064	2802	1675	4529	2911	1910	5249	2886	4585	3385	3113	2681	900	2478	3092	1925	2941	1347	4173	4515	2739	3949	4302	206	2019	1053	3557	4155	2051	2567	2631	2339	3457	3354	1759	4905	3587	1860	3453	3705	3006	4297	578	616	4259	3246	4954	5266	3205	4763	3738	3337	3333	385	302	4914	2923	353	2108	4098	2895	2133	2757	2016	1656	2668	3592	0	1959	2431	2143	4822	699	335	2406	
3268	1007	1024	2047	2617	1301	198	4609	951	3942	1800	2483	1618	2676	1291	1739	1027	1263	1789	2227	3563	955	2781	2924	1765	924	2839	3240	2816	160	1058	1307	810	1992	2041	945	3912	1971	120	2423	2159	1257	2999	2340	1766	3222	1913	3329	4261	2860	3025	1901	1394	1433	2122	1667	3205	2223	2268	1426	2606	1058	183	1338	862	803	1171	2491	1959	0	2419	2171	3151	2144	2291	543	
1241	1469	2302	761	4568	2069	2222	2838	3110	2193	2233	923	1303	3286	1466	1765	1403	2184	1090	3680	2292	2291	2023	2537	2296	1537	3416	1128	2376	2336	3477	3718	1889	2090	4460	1476	2672	4335	2442	1536	2356	2329	2437	3001	2858	2138	4332	3419	3012	798	3473	2931	3409	2848	2172	2259	3538	904	2413	3647	2541	2453	2546	1765	1601	1635	3590	1702	2431	2419	0	300	3393	3102	2546	2333	
1520	1264	2154	490	4418	1960	1977	3112	2910	2457	2189	1087	1238	3008	1337	1729	1177	2069	797	3579	2498	2135	2142	2630	2003	1324	3141	1415	2468	2099	3227	3460	1706	2081	4210	1227	2884	4112	2186	1635	2355	2209	2549	2716	2559	2312	4082	3481	3232	1066	3491	2856	3233	2723	1898	1963	3572	996	2141	3364	2588	2305	2307	1661	1385	1376	3341	1800	2143	2171	300	0	3434	2808	2272	2133	
2976	2767	2129	3784	2767	1924	3080	3117	2728	2764	1437	2544	2272	5677	2376	1784	2915	1917	3844	1688	2013	2197	1509	976	4618	2806	5840	3092	1107	2998	3598	3874	2504	1403	4195	3070	2054	3657	3269	1887	1134	1896	1162	5330	4836	1767	4109	237	2207	2980	280	1332	2515	1842	4806	4526	165	2491	5028	4391	852	2100	3058	2069	2806	3167	3638	1732	4822	3151	3393	3434	0	5211	5108	2608	
4320	2527	3110	2354	4536	3288	2160	5895	2976	5224	3786	3727	3195	575	2950	3555	2405	3295	2012	4354	5103	3043	4482	4787	806	2466	725	4221	4649	2273	2461	2445	2709	3899	3087	2230	5491	3430	2029	4005	4127	3333	4804	344	379	4827	2995	5364	5853	3860	5119	4030	3423	3576	1058	848	5286	3519	909	1799	4545	3177	2292	3187	2448	2090	2542	4132	699	2144	3102	2808	5211	0	785	2661	
3787	2342	3115	1787	4864	3208	2237	5383	3221	4729	3672	3291	2929	744	2747	3359	2197	3244	1495	4501	4706	3054	4178	4553	527	2303	870	3673	4403	2380	2893	2946	2642	3730	3658	2038	5097	3909	2194	3674	3984	3314	4538	518	853	4466	3552	5233	5455	3337	5058	4050	3672	3654	375	626	5204	3117	142	2396	4366	3213	2467	3039	2305	1949	2991	3819	335	2291	2546	2272	5108	785	0	2729	
2998	869	483	2133	2354	792	504	4229	778	3578	1276	2198	1287	3175	974	1284	967	736	1950	1778	3133	415	2323	2417	2203	811	3339	2993	2318	394	1314	1602	463	1489	2244	980	3465	2019	662	2019	1634	716	2505	2833	2282	2782	2120	2787	3806	2631	2484	1370	1125	928	2513	2105	2662	1941	2687	1892	2082	519	471	901	752	926	1409	2063	2406	543	2333	2133	2608	2661	2729	0	


0	 CF145NA	 0 	 0 	 540  	 1080  	 0  	 0 

1	 CF144AE 	 1 	 1 	 600  	 840  	 9  	 4 
2	 CF141PX 	 1 	 7 	 600  	 840  	 7  	 3 
3	 CF143RL 	 1 	 3 	 600  	 840  	 8  	 4 
4	 CF52TD 	 0 	 21 	 720  	 960  	 7  	 3 
5	 CF141RF 	 0 	 1 	 720  	 960  	 9  	 4 
6	 CF143HT 	 1 	 5 	 720  	 960  	 9  	 4 
7	 CF149FH 	 1 	 10 	 540  	 780  	 10  	 5 
8	 CF142HS 	 1 	 9 	 720  	 960  	 9  	 4 
9	 CF149BJ 	 1 	 9 	 540  	 780  	 9  	 4 
10	 CF146BS 	 1 	 2 	 720  	 960  	 7  	 3 
11	 CF145DU	 1 	 10 	 540  	 780  	 10  	 5 
12	 CF144QJ 	 1 	 6 	 600  	 840  	 5  	 2 
13	 CF244AT 	 1 	 8 	 540  	 780  	 10  	 5 
14	 CF144QR	 1 	 6 	 720  	 960  	 7  	 3 
15	 CF141UU	 1 	 9 	 660  	 900  	 7  	 3 
16	 CF144DA	 1 	 7 	 540  	 780  	 8  	 4 
17	 CF141QD	 1 	 4 	 660  	 900  	 9  	 4 
18	 CF143QZ	 1 	 10 	 660  	 900  	 8  	 4 
19	 CF142TH 	 0 	 24 	 540  	 780  	 5  	 2 
20	 CF145HR 	 1 	 5 	 600  	 840  	 10  	 5 
21	 CF141PT 	 1 	 3 	 660  	 900  	 5  	 2 
22	 CF146NL 	 1 	 1 	 720  	 960  	 5  	 2 
23	 CF146LH 	 1 	 1 	 720  	 960  	 10  	 5 
24	 CF143JS 	 1 	 4 	 660  	 900  	 8  	 4 
25	 CF144AH	 1 	 4 	 540  	 780  	 7  	 3 
26	 CF244AJ 	 1 	 9 	 660  	 900  	 10  	 5 
27	 CF145LZ 	 1 	 1 	 660  	 900  	 6  	 3 
28	 CF146JB 	 1 	 2 	 540  	 780  	 9  	 4 
29	 CF143HS 	 1 	 2 	 660  	 900  	 10  	 5 
30	 CF52LA 	 1 	 9 	 540  	 780  	 10  	 5 
31	 CF52DY 	 1 	 2 	 540  	 780  	 6  	 3 
32	 CF141RX 	 1 	 2 	 540  	 780  	 9  	 4 
33	 CF146DE 	 1 	 4 	 600  	 840  	 5  	 2 
34	 CF52JU 	 1 	 6 	 660  	 900  	 7  	 3 
35	 CF144AP 	 1 	 9 	 660  	 900  	 8  	 4 
36	 CF149AE 	 1 	 10 	 660  	 900  	 6  	 3 
37	 CF52NT 	 1 	 9 	 720  	 960  	 5  	 2 
38	 CF142RW	 1 	 4 	 600  	 840  	 9  	 4 
39	 CF145ES 	 1 	 2 	 540  	 780  	 7  	 3 
40	 CF146EQ 	 1 	 8 	 540  	 780  	 5  	 2 
41	 CF141PP 	 1 	 8 	 660  	 900  	 7  	 3 
42	 CF146RL 	 1 	 1 	 720  	 960  	 5  	 2 
43	 CF244EA 	 1 	 5 	 720  	 960  	 7  	 3 
44	 CF103EL 	 0 	 21 	 660  	 900  	 9  	 4 
45	 CF145HG	 1 	 6 	 660  	 900  	 8  	 4 
46	 CF52HH 	 1 	 4 	 720  	 960  	 6  	 3 
47	 CF147TR 	 1 	 2 	 600  	 840  	 5  	 2 
48	 CF149FN 	 1 	 7 	 660  	 900  	 10  	 5 
49	 CF145QA	 0 	 3 	 720  	 960  	 7  	 3 
50	 CF147HF 	 0 	 9 	 540  	 780  	 6  	 3 
51	 CF147BQ	 1 	 5 	 660  	 900  	 7  	 3 
52	 CF142LU 	 1 	 1 	 600  	 840  	 8  	 4 
53	 CF142DX 	 1 	 1 	 660  	 900  	 8  	 4 
54	 CF244QS 	 1 	 3 	 660  	 900  	 9  	 4 
55	 CF244LA 	 1 	 8 	 720  	 960  	 10  	 5 
56	 CF147HE 	 1 	 2 	 720  	 960  	 8  	 4 
57	 CF144UH	 1 	 9 	 720  	 960  	 6  	 3 
58	 CF244PE 	 1 	 2 	 660  	 900  	 6  	 3 
59	 CF52AS 	 1 	 9 	 660  	 900  	 8  	 4 
60	 CF146HN	 1 	 5 	 660  	 900  	 9  	 4 
61	 CF141DE 	 1 	 1 	 600  	 840  	 7  	 3 
62	 CF142RY 	 1 	 2 	 600  	 840  	 7  	 3 
63	 CF141TG 	 1 	 9 	 720  	 960  	 6  	 3 
64	 CF144AJ 	 1 	 10 	 720  	 960  	 5  	 2 
65	 CF144US 	 0 	 25 	 720  	 960  	 8  	 4 
66	 CF52EB 	 1 	 7 	 600  	 840  	 9  	 4 
67	 CF146LW	 1 	 4 	 540  	 780  	 6  	 3 
68	 CF244FA 	 1 	 7 	 660  	 900  	 7  	 3 
69	 CF142RZ 	 1 	 7 	 720  	 960  	 10  	 5 
70	 CF144HR 	 1 	 5 	 600  	 840  	 6  	 3 
71	 CF143RG 	 1 	 3 	 600  	 840  	 9  	 4 
72	 CF147TP 	 0 	 25 	 600  	 840  	 7  	 3 
73	 CF103EE 	 1 	 2 	 660  	 900  	 7  	 3 
74	 CF244NX	 1 	 7 	 540  	 780  	 5  	 2 
75	 CF141HL 	 1 	 10 	 720  	 960  	 5  	 2 
