75

1200
32
10
500

0	1947	2988	2051	380	3389	2381	619	1132	419	4862	1995	1424	1243	1080	1118	505	2346	2352	1849	4540	2232	3078	2618	2506	1366	2943	1129	4190	1602	3034	1909	2022	1476	713	4960	2054	2444	3411	2449	2763	1776	1706	4030	1418	2449	4591	638	1191	4238	3924	3379	1427	1722	2644	2485	2449	5052	4377	1747	2685	3867	1740	2783	2647	1540	2132	3492	3156	1465	2849	3228	2072	5437	4447	4530	
1947	0	3231	1371	1948	2120	2499	2563	1701	2364	3128	384	1870	2088	1410	1543	2450	2650	2271	945	2877	1969	3131	886	1919	2105	1971	1008	2460	1789	1224	509	344	1731	1438	3252	2822	1552	3016	1065	1289	1046	2648	2422	998	1065	2947	1432	1527	2467	3402	2300	2265	893	2699	804	1065	3411	2665	1549	2490	2699	1473	895	773	2147	2673	3389	2685	732	2514	1371	1068	3780	2877	2885	
2988	3231	0	4361	3353	2391	5169	3103	1946	3050	6133	3587	1637	1744	3699	3817	3087	5202	966	2291	5967	1277	306	2987	1479	1623	1887	3400	5516	4318	3256	2739	2948	1676	2505	6276	5016	1898	1044	2510	2614	2185	4682	5574	3686	2510	6048	2608	3867	5477	1451	2088	1567	2340	542	2896	2510	6491	5724	1700	5355	2396	4240	3350	3262	4421	5047	678	1125	2586	972	3464	2225	6828	6029	5989	
2051	1371	4361	0	1800	3485	1181	2589	2515	2412	2993	1011	2787	2859	980	988	2480	1374	3449	2206	2627	3178	4319	2203	3214	2930	3333	1027	2362	763	2443	1836	1711	2705	2008	3064	1724	2887	4317	2436	2650	2266	1695	2108	705	2436	2661	1931	916	2452	4735	3671	3068	2108	3864	2150	2436	3102	2517	2676	1120	4065	380	2072	1996	1184	1493	4632	3992	1799	3782	2513	2383	3486	2478	2603	
380	1948	3353	1800	0	3593	2017	790	1460	621	4704	1922	1763	1611	823	823	683	1971	2680	2030	4365	2536	3433	2705	2782	1730	3182	1006	4040	1268	3110	2009	2085	1796	966	4794	1676	2675	3733	2601	2912	1977	1331	3849	1241	2601	4410	870	897	4100	4240	3614	1800	1897	2992	2580	2601	4865	4219	2029	2337	4097	1460	2825	2693	1167	1752	3840	3465	1596	3166	3288	2261	5251	4250	4350	
3389	2120	2391	3485	3593	0	4617	3874	2413	3711	4116	2475	2271	2623	3379	3524	3790	4759	1704	1566	4056	1515	2124	1312	1130	2532	569	2953	3604	3869	1272	1726	1791	2120	2675	4269	4865	968	1547	1075	836	1618	4637	3790	3065	1075	4145	2753	3531	3520	1659	345	2645	1700	1945	1340	1075	4532	3796	1745	4604	581	3585	1575	1582	4179	4753	2096	1303	2027	1425	1391	1334	4815	4205	4095	
2381	2499	5169	1181	2017	4617	0	2716	3229	2598	3734	2169	3534	3499	1470	1355	2634	246	4335	3221	3336	4101	5181	3363	4208	3599	4408	1807	3199	852	3621	2915	2826	3497	2670	3765	834	3931	5293	3549	3788	3252	1048	2857	1589	3549	3342	2570	1302	3322	5747	4775	3707	3104	4721	3299	3549	3715	3304	3571	434	5193	1036	3250	3170	860	535	5538	4979	2762	4734	3694	3426	4073	3105	3295	
619	2563	3103	2589	790	3874	2716	0	1489	200	5463	2612	1723	1439	1610	1611	116	2630	2635	2383	5133	2581	3248	3203	2902	1567	3389	1731	4793	2034	3624	2496	2623	1825	1241	5558	2213	2910	3689	2996	3309	2293	1852	4619	2003	2996	5181	1194	1685	4846	4210	3826	1564	2263	2852	3068	2996	5639	4978	2159	3072	4315	2249	3387	3250	1857	2365	3681	3471	2042	3152	3824	2594	6025	5028	5120	
1132	1701	1946	2515	1460	2413	3229	1489	0	1352	4830	1956	311	387	1761	1874	1421	3257	1222	1067	4575	1108	1990	1998	1413	423	1906	1502	4161	2380	2412	1373	1572	346	560	4953	3087	1445	2280	1664	1957	944	2763	4107	1813	1664	4642	662	1927	4168	2792	2341	575	990	1540	1861	1664	5108	4366	674	3436	2829	2338	2280	2147	2477	3104	2386	2026	974	1718	2634	1226	5479	4558	4581	
419	2364	3050	2412	621	3711	2598	200	1352	0	5268	2413	1604	1346	1432	1442	87	2526	2529	2204	4941	2455	3179	3012	2763	1475	3237	1535	4598	1884	3431	2303	2427	1694	1059	5364	2145	2751	3588	2815	3128	2118	1785	4428	1812	2815	4990	1005	1516	4649	4108	3674	1492	2082	2770	2877	2815	5449	4783	2013	2939	4164	2079	3191	3054	1738	2275	3607	3358	1852	3042	3630	2419	5835	4840	4929	
4862	3128	6133	2993	4704	4116	3734	5463	4830	5268	0	2920	4983	5216	3898	3946	5348	3980	5184	3936	401	4872	5954	3146	4663	5229	4389	3734	676	3739	2923	3513	3297	4833	4522	155	4528	4240	5579	3623	3556	4065	4610	893	3464	3623	419	4493	3881	666	5772	4451	5390	3940	5592	3238	3623	451	485	4585	3356	4559	3373	2783	2872	4141	4240	6082	5273	3857	5237	2748	3937	702	684	451	
1995	384	3587	1011	1922	2475	2169	2612	1956	2413	2920	0	2160	2340	1254	1370	2497	2336	2633	1315	2636	2336	3497	1195	2300	2373	2351	919	2245	1520	1469	889	725	2034	1603	3033	2564	1936	3399	1437	1639	1407	2427	2155	789	1437	2700	1573	1337	2273	3785	2670	2530	1249	3060	1139	1437	3167	2443	1892	2129	3056	1166	1106	1011	1910	2390	3765	3068	1028	2892	1574	1450	3544	2604	2638	
1424	1870	1637	2787	1763	2271	3534	1723	311	1604	4983	2160	0	353	2065	2181	1666	3565	931	1104	4745	861	1680	2035	1205	283	1735	1788	4321	2684	2432	1479	1691	171	869	5111	3398	1318	1993	1648	1917	970	3073	4291	2092	1648	4816	972	2232	4318	2509	2161	435	1061	1231	1903	1648	5280	4528	546	3733	2643	2628	2346	2220	2787	3415	2078	1754	1141	1439	2658	1211	5645	4746	4755	
1243	2088	1744	2859	1611	2623	3499	1439	387	1346	5216	2340	353	0	2048	2148	1398	3506	1199	1410	4961	1185	1843	2347	1545	128	2083	1835	4548	2659	2752	1747	1951	515	856	5340	3280	1671	2250	1981	2258	1280	2941	4492	2154	1981	5029	945	2207	4554	2771	2506	211	1349	1424	2212	1981	5495	4753	897	3734	2985	2657	2643	2512	2709	3328	2266	2038	1359	1718	2977	1541	5866	4943	4967	
1080	1410	3699	980	823	3379	1470	1610	1761	1432	3898	1254	2065	2048	0	144	1500	1518	2876	1863	3552	2656	3714	2275	2801	2142	3076	428	3241	619	2634	1662	1654	2028	1205	3983	1492	2575	3862	2313	2599	1865	1261	3034	477	2313	3595	1107	171	3310	4334	3478	2258	1734	3255	2172	2313	4047	3414	2122	1687	3933	662	2300	2182	808	1420	4079	3557	1385	3296	2777	2087	4433	3430	3535	
1118	1543	3817	988	823	3524	1355	1611	1874	1442	3946	1370	2181	2148	144	0	1505	1390	3005	2006	3593	2790	3838	2413	2940	2245	3220	571	3296	512	2767	1805	1794	2151	1315	4027	1347	2719	3997	2457	2742	2007	1119	3074	582	2457	3632	1215	74	3370	4472	3623	2356	1877	3379	2311	2457	4080	3464	2256	1597	4078	637	2430	2313	665	1281	4207	3695	1529	3430	2907	2231	4465	3459	3573	
505	2450	3087	2480	683	3790	2634	116	1421	87	5348	2497	1666	1398	1500	1505	0	2556	2586	2288	5019	2520	3222	3098	2833	1526	3312	1616	4678	1937	3518	2390	2514	1760	1143	5443	2157	2828	3644	2899	3212	2200	1796	4505	1889	2899	5067	1091	1579	4730	4164	3749	1535	2166	2818	2964	2899	5526	4863	2085	2983	4238	2143	3278	3141	1775	2298	3652	3418	1938	3101	3717	2501	5911	4915	5006	
2346	2650	5202	1374	1971	4759	246	2630	3257	2526	3980	2336	3565	3506	1518	1390	2556	0	4394	3326	3582	4171	5228	3525	4299	3611	4526	1889	3444	919	3799	3043	2969	3540	2697	4010	612	4040	5373	3686	3935	3348	872	3102	1703	3686	3587	2594	1347	3566	5838	4903	3710	3205	4769	3454	3686	3958	3550	3639	659	5332	1178	3430	3344	806	322	5596	5064	2859	4810	3881	3538	4315	3349	3540	
2352	2271	966	3449	2680	1704	4335	2635	1222	2529	5184	2633	931	1199	2876	3005	2586	4394	0	1328	5008	313	871	2045	605	1075	1139	2534	4560	3486	2346	1774	1982	886	1742	5325	4281	983	1062	1570	1715	1226	3969	4610	2798	1570	5089	1847	3047	4525	1580	1484	1120	1384	428	1946	1570	5534	4768	775	4483	1919	3363	2406	2311	3644	4273	1203	840	1654	518	2564	1261	5876	5065	5029	
1849	945	2291	2206	2030	1566	3221	2383	1067	2204	3936	1315	1104	1410	1863	2006	2288	3326	1328	0	3728	1024	2186	937	1007	1380	1214	1449	3289	2410	1345	448	661	937	1146	4071	3353	715	2112	617	927	134	3100	3306	1633	617	3805	1211	2025	3270	2536	1623	1537	134	1756	802	617	4260	3498	649	3296	2091	2195	1243	1119	2671	3274	2452	1786	478	1585	1569	233	4614	3763	3744	
4540	2877	5967	2627	4365	4056	3336	5133	4575	4941	401	2636	4745	4961	3552	3593	5019	3582	5008	3728	0	4696	5804	2995	4512	4982	4282	3412	457	3365	2820	3293	3076	4601	4237	439	4134	4089	5472	3469	3434	3854	4223	519	3130	3469	91	4202	3526	541	5698	4381	5142	3721	5425	3075	3469	534	260	4375	2955	4531	3006	2634	2709	3761	3844	5958	5158	3609	5099	2667	3751	907	312	65	
2232	1969	1277	3178	2536	1515	4101	2581	1108	2455	4872	2336	861	1185	2656	2790	2520	4171	313	1024	4696	0	1162	1737	386	1074	949	2294	4247	3257	2049	1469	1674	762	1576	5014	4092	696	1212	1264	1426	930	3792	4298	2543	1264	4776	1678	2827	4213	1707	1344	1160	1089	736	1635	1264	5222	4456	534	4230	1812	3111	2096	2000	3440	4067	1454	929	1379	642	2269	948	5564	4753	4717	
3078	3131	306	4319	3433	2124	5181	3248	1990	3179	5954	3497	1680	1843	3714	3838	3222	5228	871	2186	5804	1162	0	2811	1292	1717	1643	3389	5350	4329	3053	2628	2830	1688	2542	6099	5077	1716	738	2335	2410	2091	4751	5427	3661	2335	5887	2646	3884	5304	1159	1810	1688	2250	460	2729	2335	6323	5557	1643	5343	2099	4224	3174	3095	4461	5090	438	836	2525	731	3255	2091	6652	5879	5829	
2618	886	2987	2203	2705	1312	3363	3203	1998	3012	3146	1195	2035	2347	2275	2413	3098	3525	2045	937	2995	1737	2811	0	1519	2314	1332	1856	2540	2674	423	709	629	1866	1973	3290	3707	1095	2504	478	496	1068	3526	2641	1882	478	3079	2010	2402	2493	2797	1555	2470	1010	2448	138	478	3512	2747	1538	3315	1889	2349	363	298	3030	3558	2968	2181	1161	2104	638	844	3842	3086	3022	
2506	1919	1479	3214	2782	1130	4208	2902	1413	2763	4663	2300	1205	1545	2801	2940	2833	4299	605	1007	4512	386	1292	1519	0	1441	563	2410	4059	3380	1778	1412	1594	1080	1816	4808	4271	424	1104	1044	1137	958	3989	4142	2625	1044	4596	1913	2969	4012	1540	964	1538	1110	950	1439	1044	5031	4265	758	4299	1440	3192	1882	1804	3602	4221	1482	778	1446	602	1989	851	5361	4592	4538	
1366	2105	1623	2930	1730	2532	3599	1567	423	1475	5229	2373	283	128	2142	2245	1526	3611	1075	1380	4982	1074	1717	2314	1441	0	1986	1911	4563	2756	2714	1740	1948	454	941	5355	3397	1589	2123	1931	2200	1247	3059	4519	2227	1931	5051	1035	2303	4565	2644	2404	161	1330	1296	2181	1931	5516	4770	827	3826	2881	2740	2620	2493	2818	3439	2138	1915	1373	1593	2940	1494	5885	4972	4989	
2943	1971	1887	3333	3182	569	4408	3389	1906	3237	4389	2351	1735	2083	3076	3220	3312	4526	1139	1214	4282	949	1643	1332	563	1986	0	2660	3825	3614	1467	1500	1627	1593	2233	4540	4567	510	1191	926	852	1226	4311	3959	2823	926	4368	2320	3237	3760	1467	438	2091	1344	1407	1301	926	4783	4027	1232	4447	927	3374	1671	1630	3884	4484	1699	886	1691	916	1647	991	5092	4396	4314	
1129	1008	3400	1027	1006	2953	1807	1731	1502	1535	3734	919	1788	1835	428	571	1616	1889	2534	1449	3412	2294	3389	1856	2410	1911	2660	0	3063	970	2225	1234	1232	1725	982	3832	1914	2164	3488	1885	2171	1461	1689	2903	324	1885	3463	905	579	3114	3949	3057	2045	1323	2930	1750	1885	3926	3249	1766	1955	3509	841	1903	1780	1228	1825	3736	3176	975	2927	2378	1670	4310	3325	3402	
4190	2460	5516	2362	4040	3604	3199	4793	4161	4598	676	2245	4321	4548	3241	3296	4678	3444	4560	3289	457	4247	5350	2540	4059	4563	3825	3063	0	3119	2364	2858	2642	4173	3847	792	3963	3635	5016	3015	2978	3416	4016	401	2799	3015	544	3818	3232	155	5244	3928	4724	3287	4974	2622	3015	975	209	3937	2852	4086	2741	2179	2256	3530	3682	5502	4702	3191	4644	2214	3304	1326	630	491	
1602	1789	4318	763	1268	3869	852	2034	2380	1884	3739	1520	2684	2659	619	512	1937	919	3486	2410	3365	3257	4329	2674	3380	2756	3614	970	3119	0	2985	2144	2089	2646	1822	3804	1044	3125	4456	2794	3057	2429	946	2849	804	2794	3393	1724	453	3213	4919	3999	2868	2288	3870	2591	2794	3822	3268	2725	1088	4436	401	2626	2525	425	886	4689	4146	1941	3893	3094	2624	4202	3195	3337	
3034	1224	3256	2443	3110	1272	3621	3624	2412	3431	2923	1469	2432	2752	2634	2767	3518	3799	2346	1345	2820	2049	3053	423	1778	2714	1467	2225	2364	2985	0	1128	1024	2262	2396	3073	4027	1366	2658	803	643	1473	3868	2524	2214	803	2908	2431	2750	2294	2883	1577	2867	1427	2727	561	803	3317	2563	1918	3530	1812	2635	372	460	3361	3859	3160	2351	1583	2327	227	1224	3625	2949	2854	
1909	509	2739	1836	2009	1726	2915	2496	1373	2303	3513	889	1479	1747	1662	1805	2390	3043	1774	448	3293	1469	2628	709	1412	1740	1500	1234	2858	2144	1128	0	217	1323	1272	3645	3141	1055	2511	653	939	564	2923	2864	1342	653	3368	1304	1808	2847	2906	1861	1901	428	2203	576	653	3826	3067	1083	2947	2292	1879	922	785	2455	3027	2880	2180	457	2005	1331	561	4185	3320	3307	
2022	344	2948	1711	2085	1791	2826	2623	1572	2427	3297	725	1691	1951	1654	1794	2514	2969	1982	661	3076	1674	2830	629	1594	1948	1627	1232	2642	2089	1024	217	0	1537	1422	3428	3108	1215	2684	726	968	780	2911	2647	1286	726	3151	1442	1788	2631	3061	1960	2109	645	2410	518	726	3609	2850	1300	2830	2367	1794	765	628	2425	2975	3071	2352	620	2192	1208	745	3968	3104	3090	
1476	1731	1676	2705	1796	2120	3497	1825	346	1694	4833	2034	171	515	2028	2151	1760	3540	886	937	4601	762	1688	1866	1080	454	1593	1725	4173	2646	2262	1323	1537	0	860	4962	3401	1161	1938	1477	1747	803	3085	4152	2018	1477	4673	965	2198	4167	2448	2024	605	901	1231	1735	1477	5135	4381	382	3679	2510	2566	2180	2055	2775	3404	2069	1680	1008	1373	2488	1040	5499	4608	4612	
713	1438	2505	2008	966	2675	2670	1241	560	1059	4522	1603	869	856	1205	1315	1143	2697	1742	1146	4237	1576	2542	1973	1816	941	2233	982	3847	1822	2396	1272	1422	860	0	4636	2541	1732	2781	1756	2070	1065	2227	3748	1303	1756	4298	105	1369	3872	3282	2669	1067	1024	2087	1836	1756	4766	4046	1063	2886	3155	1801	2184	2047	1920	2549	2929	2505	815	2212	2602	1364	5144	4190	4237	
4960	3252	6276	3064	4794	4269	3765	5558	4953	5364	155	3033	5111	5340	3983	4027	5443	4010	5325	4071	439	5014	6099	3290	4808	5355	4540	3832	792	3804	3073	3645	3428	4962	4636	0	4568	4385	5730	3767	3704	4199	4661	956	3556	3767	423	4604	3961	801	5925	4604	5516	4073	5735	3381	3767	306	590	4719	3378	4713	3444	2927	3014	4200	4277	6231	5423	3982	5384	2900	4076	553	673	472	
2054	2822	5016	1724	1676	4865	834	2213	3087	2145	4528	2564	3398	3280	1492	1347	2157	612	4281	3353	4134	4092	5077	3707	4271	3397	4567	1914	3963	1044	4027	3141	3108	3401	2541	4568	0	4064	5304	3794	4070	3351	361	3641	1826	3794	4146	2436	1335	4076	5792	4970	3474	3224	4626	3618	3794	4532	4083	3561	1265	5423	1421	3669	3567	686	299	5470	5011	2875	4734	4138	3579	4895	3916	4096	
2444	1552	1898	2887	2675	968	3931	2910	1445	2751	4240	1936	1318	1671	2575	2719	2828	4040	983	715	4089	696	1716	1095	424	1589	510	2164	3635	3125	1366	1055	1215	1161	1732	4385	4064	0	1471	620	733	717	3804	3722	2343	620	4172	1816	2739	3588	1852	939	1715	842	1363	1017	620	4607	3842	781	3991	1424	2901	1458	1381	3384	3989	1891	1140	1191	1016	1581	507	4937	4171	4115	
3411	3016	1044	4317	3733	1547	5293	3689	2280	3588	5579	3399	1993	2250	3862	3997	3644	5373	1062	2112	5472	1212	738	2504	1104	2123	1191	3488	5016	4456	2658	2511	2684	1938	2781	5730	5304	1471	0	2058	2039	2056	5003	5142	3718	2058	5559	2885	4032	4951	521	1207	2145	2211	891	2453	2058	5974	5218	1744	5398	1405	4287	2853	2801	4651	5277	556	331	2539	570	2833	1950	6281	5583	5504	
2449	1065	2510	2436	2601	1075	3549	2996	1664	2815	3623	1437	1648	1981	2313	2457	2899	3686	1570	617	3469	1264	2335	478	1044	1931	926	1885	3015	2794	803	653	726	1477	1756	3767	3794	620	2058	0	314	725	3573	3104	1990	0	3552	1815	2461	2970	2388	1235	2080	733	1970	399	0	3988	3222	1121	3555	1646	2515	841	761	3107	3678	2505	1731	1005	1634	1029	440	4320	3552	3495	
2763	1289	2614	2650	2912	836	3788	3309	1957	3128	3556	1639	1917	2258	2599	2742	3212	3935	1715	927	3434	1426	2410	496	1137	2200	852	2171	2978	3057	643	939	968	1747	2070	3704	4070	733	2039	314	0	1028	3860	3106	2253	314	3521	2129	2742	2918	2308	1061	2343	1046	2087	505	314	3941	3181	1376	3768	1417	2759	819	788	3385	3943	2527	1724	1316	1686	851	732	4257	3544	3466	
1776	1046	2185	2266	1977	1618	3252	2293	944	2118	4065	1407	970	1280	1865	2007	2200	3348	1226	134	3854	930	2091	1068	958	1247	1226	1461	3416	2429	1473	564	780	803	1065	4199	3351	717	2056	725	1028	0	3087	3427	1667	725	3930	1138	2030	3399	2496	1648	1404	160	1654	934	725	4386	3625	521	3343	2125	2234	1377	1253	2672	3283	2373	1734	489	1515	1697	301	4742	3884	3869	
1706	2648	4682	1695	1331	4637	1048	1852	2763	1785	4610	2427	3073	2941	1261	1119	1796	872	3969	3100	4223	3792	4751	3526	3989	3059	4311	1689	4016	946	3868	2923	2911	3085	2227	4661	361	3804	5003	3573	3860	3087	0	3717	1655	3573	4242	2122	1123	4119	5497	4723	3131	2968	4303	3427	3573	4648	4151	3265	1478	5185	1347	3520	3410	525	558	5150	4717	2624	4433	3995	3330	5019	4024	4189	
4030	2422	5574	2108	3849	3790	2857	4619	4107	4428	893	2155	4291	4492	3034	3074	4505	3102	4610	3306	519	4298	5427	2641	4142	4519	3959	2903	401	2849	2524	2864	2647	4152	3748	956	3641	3722	5142	3104	3106	3427	3717	0	2617	3104	562	3709	3007	555	5403	4101	4678	3288	5032	2705	3104	1023	450	3947	2492	4299	2488	2290	2346	3248	3354	5608	4821	3151	4737	2402	3350	1408	457	501	
1418	998	3686	705	1241	3065	1589	2003	1813	1812	3464	789	2092	2154	477	582	1889	1703	2798	1633	3130	2543	3661	1882	2625	2227	2823	324	2799	804	2214	1342	1286	2018	1303	3556	1826	2343	3718	1990	2253	1667	1655	2617	0	1990	3178	1228	549	2860	4163	3201	2364	1517	3203	1792	1990	3638	2979	2024	1687	3634	569	1866	1755	1149	1690	3994	3400	1180	3166	2342	1838	4023	3030	3118	
2449	1065	2510	2436	2601	1075	3549	2996	1664	2815	3623	1437	1648	1981	2313	2457	2899	3686	1570	617	3469	1264	2335	478	1044	1931	926	1885	3015	2794	803	653	726	1477	1756	3767	3794	620	2058	0	314	725	3573	3104	1990	0	3552	1815	2461	2970	2388	1235	2080	733	1970	399	0	3988	3222	1121	3555	1646	2515	841	761	3107	3678	2505	1731	1005	1634	1029	440	4320	3552	3495	
4591	2947	6048	2661	4410	4145	3342	5181	4642	4990	419	2700	4816	5029	3595	3632	5067	3587	5089	3805	91	4776	5887	3079	4596	5051	4368	3463	544	3393	2908	3368	3151	4673	4298	423	4146	4172	5559	3552	3521	3930	4242	562	3178	3552	0	4261	3565	632	5787	4471	5211	3796	5506	3157	3552	467	351	4451	2955	4622	3039	2719	2792	3785	3854	6043	5244	3679	5183	2756	3830	848	266	62	
638	1432	2608	1931	870	2753	2570	1194	662	1005	4493	1573	972	945	1107	1215	1091	2594	1847	1211	4202	1678	2646	2010	1913	1035	2320	905	3818	1724	2431	1304	1442	965	105	4604	2436	1816	2885	1815	2129	1138	2122	3709	1228	1815	4261	0	1270	3846	3385	2755	1156	1085	2192	1875	1815	4728	4015	1162	2792	3241	1713	2207	2069	1816	2444	3034	2607	849	2315	2634	1434	5108	4147	4200	
1191	1527	3867	916	897	3531	1302	1685	1927	1516	3881	1337	2232	2207	171	74	1579	1347	3047	2025	3526	2827	3884	2402	2969	2303	3237	579	3232	453	2750	1808	1788	2198	1369	3961	1335	2739	4032	2461	2742	2030	1123	3007	549	2461	3565	1270	0	3308	4504	3636	2416	1897	3425	2304	2461	4012	3400	2293	1533	4088	564	2409	2294	649	1253	4250	3727	1548	3466	2885	2247	4397	3390	3506	
4238	2467	5477	2452	4100	3520	3322	4846	4168	4649	666	2273	4318	4554	3310	3370	4730	3566	4525	3270	541	4213	5304	2493	4012	4565	3760	3114	155	3213	2294	2847	2631	4167	3872	801	4076	3588	4951	2970	2918	3399	4119	555	2860	2970	632	3846	3308	0	5166	3848	4726	3275	4936	2581	2970	1023	281	3919	2982	3991	2829	2130	2215	3627	3798	5444	4640	3195	4592	2134	3275	1351	760	588	
3924	3402	1451	4735	4240	1659	5747	4210	2792	4108	5772	3785	2509	2771	4334	4472	4164	5838	1580	2536	5698	1707	1159	2797	1540	2644	1467	3949	5244	4919	2883	2906	3061	2448	3282	5925	5792	1852	521	2388	2308	2496	5497	5403	4163	2388	5787	3385	4504	5166	0	1321	2665	2646	1400	2768	2388	6183	5440	2232	5832	1331	4729	3126	3094	5131	5753	808	780	2985	1075	3032	2352	6472	5832	5735	
3379	2300	2088	3671	3614	345	4775	3826	2341	3674	4451	2670	2161	2506	3478	3623	3749	4903	1484	1623	4381	1344	1810	1555	964	2404	438	3057	3928	3999	1577	1861	1960	2024	2669	4604	4970	939	1207	1235	1061	1648	4723	4101	3201	1235	4471	2755	3636	3848	1321	0	2502	1756	1672	1559	1235	4863	4122	1668	4790	489	3739	1852	1842	4285	4876	1759	979	2099	1137	1714	1393	5151	4523	4419	
1427	2265	1567	3068	1800	2645	3707	1564	575	1492	5390	2530	435	211	2258	2356	1535	3710	1120	1537	5142	1160	1688	2470	1538	161	2091	2045	4724	2868	2867	1901	2109	605	1067	5516	3474	1715	2145	2080	2343	1404	3131	4678	2364	2080	5211	1156	2416	4726	2665	2502	0	1489	1289	2338	2080	5676	4930	967	3945	2972	2868	2779	2652	2912	3528	2118	1957	1534	1635	3093	1644	6045	5131	5149	
1722	893	2340	2108	1897	1700	3104	2263	990	2082	3940	1249	1061	1349	1734	1877	2166	3205	1384	134	3721	1089	2250	1010	1110	1330	1344	1323	3287	2288	1427	428	645	901	1024	4073	3224	842	2211	733	1046	160	2968	3288	1517	733	3796	1085	1897	3275	2646	1756	1489	0	1811	872	733	4254	3495	660	3189	2225	2083	1294	1164	2542	3148	2533	1888	349	1674	1647	367	4613	3745	3735	
2644	2699	542	3864	2992	1945	4721	2852	1540	2770	5592	3060	1231	1424	3255	3379	2818	4769	428	1756	5425	736	460	2448	950	1296	1407	2930	4974	3870	2727	2203	2410	1231	2087	5735	4626	1363	891	1970	2087	1654	4303	5032	3203	1970	5506	2192	3425	4936	1400	1672	1289	1811	0	2355	1970	5949	5183	1189	4884	2046	3765	2810	2721	4005	4635	848	804	2074	540	2938	1683	6287	5487	5447	
2485	804	2896	2150	2580	1340	3299	3068	1861	2877	3238	1139	1903	2212	2172	2311	2964	3454	1946	802	3075	1635	2729	138	1439	2181	1301	1750	2622	2591	561	576	518	1735	1836	3381	3618	1017	2453	399	505	934	3427	2705	1792	399	3157	1875	2304	2581	2768	1559	2338	872	2355	0	399	3596	2830	1413	3267	1920	2276	464	367	2937	3476	2903	2127	1026	2032	776	723	3932	3154	3100	
2449	1065	2510	2436	2601	1075	3549	2996	1664	2815	3623	1437	1648	1981	2313	2457	2899	3686	1570	617	3469	1264	2335	478	1044	1931	926	1885	3015	2794	803	653	726	1477	1756	3767	3794	620	2058	0	314	725	3573	3104	1990	0	3552	1815	2461	2970	2388	1235	2080	733	1970	399	0	3988	3222	1121	3555	1646	2515	841	761	3107	3678	2505	1731	1005	1634	1029	440	4320	3552	3495	
5052	3411	6491	3102	4865	4532	3715	5639	5108	5449	451	3167	5280	5495	4047	4080	5526	3958	5534	4260	534	5222	6323	3512	5031	5516	4783	3926	975	3822	3317	3826	3609	5135	4766	306	4532	4607	5974	3988	3941	4386	4648	1023	3638	3988	467	4728	4012	1023	6183	4863	5676	4254	5949	3596	3988	0	766	4907	3313	4987	3478	3149	3229	4205	4237	6467	5664	4143	5613	3152	4279	386	627	529	
4377	2665	5724	2517	4219	3796	3304	4978	4366	4783	485	2443	4528	4753	3414	3464	4863	3550	4768	3498	260	4456	5557	2747	4265	4770	4027	3249	209	3268	2563	3067	2850	4381	4046	590	4083	3842	5218	3222	3181	3625	4151	450	2979	3222	351	4015	3400	281	5440	4122	4930	3495	5183	2830	3222	766	0	4146	2942	4271	2897	2385	2463	3674	3799	5706	4905	3396	4850	2408	3513	1118	498	307	
1747	1549	1700	2676	2029	1745	3571	2159	674	2013	4585	1892	546	897	2122	2256	2085	3639	775	649	4375	534	1643	1538	758	827	1232	1766	3937	2725	1918	1083	1300	382	1063	4719	3561	781	1744	1121	1376	521	3265	3947	2024	1121	4451	1162	2293	3919	2232	1668	967	660	1189	1413	1121	4907	4146	0	3710	2156	2590	1871	1753	2907	3533	1972	1452	887	1175	2144	695	5263	4404	4390	
2685	2490	5355	1120	2337	4604	434	3072	3436	2939	3356	2129	3733	3734	1687	1597	2983	659	4483	3296	2955	4230	5343	3315	4299	3826	4447	1955	2852	1088	3530	2947	2830	3679	2886	3378	1265	3991	5398	3555	3768	3343	1478	2492	1687	3555	2955	2792	1533	2982	5832	4790	3945	3189	4884	3267	3555	3313	2942	3710	0	5184	1120	3158	3094	1225	968	5681	5077	2861	4851	3577	3485	3664	2711	2911	
3867	2699	2396	4065	4097	581	5193	4315	2829	4164	4559	3056	2643	2985	3933	4078	4238	5332	1919	2091	4531	1812	2099	1889	1440	2881	927	3509	4086	4436	1812	2292	2367	2510	3155	4713	5423	1424	1405	1646	1417	2125	5185	4299	3634	1646	4622	3241	4088	3991	1331	489	2972	2225	2046	1920	1646	4987	4271	2156	5184	0	4160	2137	2153	4737	5319	1952	1274	2564	1507	1900	1859	5249	4700	4574	
1740	1473	4240	380	1460	3585	1036	2249	2338	2079	3373	1166	2628	2657	662	637	2143	1178	3363	2195	3006	3111	4224	2349	3192	2740	3374	841	2741	401	2635	1879	1794	2566	1801	3444	1421	2901	4287	2515	2759	2234	1347	2488	569	2515	3039	1713	564	2829	4729	3739	2868	2083	3765	2276	2515	3478	2897	2590	1120	4160	0	2270	2177	826	1226	4561	3968	1748	3735	2731	2395	3861	2853	2982	
2783	895	3350	2072	2825	1575	3250	3387	2280	3191	2783	1106	2346	2643	2300	2430	3278	3430	2406	1243	2634	2096	3174	363	1882	2620	1671	1903	2179	2626	372	922	765	2180	2184	2927	3669	1458	2853	841	819	1377	3520	2290	1866	841	2719	2207	2409	2130	3126	1852	2779	1294	2810	464	841	3149	2385	1871	3158	2137	2270	0	138	3008	3495	3326	2533	1373	2465	477	1185	3479	2731	2662	
2647	773	3262	1996	2693	1582	3170	3250	2147	3054	2872	1011	2220	2512	2182	2313	3141	3344	2311	1119	2709	2000	3095	298	1804	2493	1630	1780	2256	2525	460	785	628	2055	2047	3014	3567	1381	2801	761	788	1253	3410	2346	1755	761	2792	2069	2294	2215	3094	1842	2652	1164	2721	367	761	3229	2463	1753	3094	2153	2177	138	0	2901	3399	3262	2477	1236	2394	600	1075	3566	2792	2734	
1540	2147	4421	1184	1167	4179	860	1857	2477	1738	4141	1910	2787	2709	808	665	1775	806	3644	2671	3761	3440	4461	3030	3602	2818	3884	1228	3530	425	3361	2455	2425	2775	1920	4200	686	3384	4651	3107	3385	2672	525	3248	1149	3107	3785	1816	649	3627	5131	4285	2912	2542	4005	2937	3107	4205	3674	2907	1225	4737	826	3008	2901	0	630	4841	4352	2193	4082	3481	2895	4582	3579	3731	
2132	2673	5047	1493	1752	4753	535	2365	3104	2275	4240	2390	3415	3328	1420	1281	2298	322	4273	3274	3844	4067	5090	3558	4221	3439	4484	1825	3682	886	3859	3027	2975	3404	2549	4277	299	3989	5277	3678	3943	3283	558	3354	1690	3678	3854	2444	1253	3798	5753	4876	3528	3148	4635	3476	3678	4237	3799	3533	968	5319	1226	3495	3399	630	0	5471	4975	2799	4709	3957	3494	4599	3622	3805	
3492	3389	678	4632	3840	2096	5538	3681	2386	3607	6082	3765	2078	2266	4079	4207	3652	5596	1203	2452	5958	1454	438	2968	1482	2138	1699	3736	5502	4689	3160	2880	3071	2069	2929	6231	5470	1891	556	2505	2527	2373	5150	5608	3994	2505	6043	3034	4250	5444	808	1759	2118	2533	848	2903	2505	6467	5706	1972	5681	1952	4561	3326	3262	4841	5471	0	814	2833	880	3346	2325	6783	6054	5987	
3156	2685	1125	3992	3465	1303	4979	3471	2026	3358	5273	3068	1754	2038	3557	3695	3418	5064	840	1786	5158	929	836	2181	778	1915	886	3176	4702	4146	2351	2180	2352	1680	2505	5423	5011	1140	331	1731	1724	1734	4717	4821	3400	1731	5244	2607	3727	4640	780	979	1957	1888	804	2127	1731	5664	4905	1452	5077	1274	3968	2533	2477	4352	4975	814	0	2220	322	2533	1620	5976	5263	5189	
1465	732	2586	1799	1596	2027	2762	2042	974	1852	3857	1028	1141	1359	1385	1529	1938	2859	1654	478	3609	1379	2525	1161	1446	1373	1691	975	3191	1941	1583	457	620	1008	815	3982	2875	1191	2539	1005	1316	489	2624	3151	1180	1005	3679	849	1548	3195	2985	2099	1534	349	2074	1026	1005	4143	3396	887	2861	2564	1748	1373	1236	2193	2799	2833	2220	0	1990	1788	706	4512	3605	3617	
2849	2514	972	3782	3166	1425	4734	3152	1718	3042	5237	2892	1439	1718	3296	3430	3101	4810	518	1585	5099	642	731	2104	602	1593	916	2927	4644	3893	2327	2005	2192	1373	2212	5384	4734	1016	570	1634	1686	1515	4433	4737	3166	1634	5183	2315	3466	4592	1075	1137	1635	1674	540	2032	1634	5613	4850	1175	4851	1507	3735	2465	2394	4082	4709	880	322	1990	0	2526	1448	5937	5186	5126	
3228	1371	3464	2513	3288	1391	3694	3824	2634	3630	2748	1574	2658	2977	2777	2907	3717	3881	2564	1569	2667	2269	3255	638	1989	2940	1647	2378	2214	3094	227	1331	1208	2488	2602	2900	4138	1581	2833	1029	851	1697	3995	2402	2342	1029	2756	2634	2885	2134	3032	1714	3093	1647	2938	776	1029	3152	2408	2144	3577	1900	2731	477	600	3481	3957	3346	2533	1788	2526	0	1451	3450	2814	2705	
2072	1068	2225	2383	2261	1334	3426	2594	1226	2419	3937	1450	1211	1541	2087	2231	2501	3538	1261	233	3751	948	2091	844	851	1494	991	1670	3304	2624	1224	561	745	1040	1364	4076	3579	507	1950	440	732	301	3330	3350	1838	440	3830	1434	2247	3275	2352	1393	1644	367	1683	723	440	4279	3513	695	3485	1859	2395	1185	1075	2895	3494	2325	1620	706	1448	1451	0	4624	3805	3771	
5437	3780	6828	3486	5251	4815	4073	6025	5479	5835	702	3544	5645	5866	4433	4465	5911	4315	5876	4614	907	5564	6652	3842	5361	5885	5092	4310	1326	4202	3625	4185	3968	5499	5144	553	4895	4937	6281	4320	4257	4742	5019	1408	4023	4320	848	5108	4397	1351	6472	5151	6045	4613	6287	3932	4320	386	1118	5263	3664	5249	3861	3479	3566	4582	4599	6783	5976	4512	5937	3450	4624	0	1008	910	
4447	2877	6029	2478	4250	4205	3105	5028	4558	4840	684	2604	4746	4943	3430	3459	4915	3349	5065	3763	312	4753	5879	3086	4592	4972	4396	3325	630	3195	2949	3320	3104	4608	4190	673	3916	4171	5583	3552	3544	3884	4024	457	3030	3552	266	4147	3390	760	5832	4523	5131	3745	5487	3154	3552	627	498	4404	2711	4700	2853	2731	2792	3579	3622	6054	5263	3605	5186	2814	3805	1008	0	248	
4530	2885	5989	2603	4350	4095	3295	5120	4581	4929	451	2638	4755	4967	3535	3573	5006	3540	5029	3744	65	4717	5829	3022	4538	4989	4314	3402	491	3337	2854	3307	3090	4612	4237	472	4096	4115	5504	3495	3466	3869	4189	501	3118	3495	62	4200	3506	588	5735	4419	5149	3735	5447	3100	3495	529	307	4390	2911	4574	2982	2662	2734	3731	3805	5987	5189	3617	5126	2705	3771	910	248	0	


0	 CF147AT 	 0 	 0 	 540  	 1080  	 0  	 0 

1	 CF144QR	 1 	 6 	 540  	 780  	 9  	 4 
2	 CF149UA	 1 	 4 	 720  	 960  	 6  	 3 
3	 CF142PP 	 0 	 14 	 600  	 840  	 10  	 5 
4	 CF142TQ 	 1 	 3 	 600  	 840  	 10  	 5 
5	 CF145ND	 1 	 1 	 540  	 780  	 9  	 4 
6	 CF52YQ 	 1 	 1 	 540  	 780  	 7  	 3 
7	 CF147ED 	 1 	 5 	 720  	 960  	 10  	 5 
8	 CF146HP 	 1 	 7 	 720  	 960  	 7  	 3 
9	 CF147DX 	 1 	 10 	 600  	 840  	 5  	 2 
10	 CF244BT 	 1 	 3 	 720  	 960  	 8  	 4 
11	 CF141RH 	 1 	 4 	 660  	 900  	 7  	 3 
12	 CF146JZ 	 1 	 10 	 540  	 780  	 7  	 3 
13	 CF146UN	 1 	 10 	 540  	 780  	 7  	 3 
14	 CF141LU 	 0 	 16 	 720  	 960  	 9  	 4 
15	 CF141LW	 1 	 6 	 720  	 960  	 10  	 5 
16	 CF147DZ 	 1 	 10 	 720  	 960  	 8  	 4 
17	 CF52PX 	 1 	 5 	 660  	 900  	 8  	 4 
18	 CF145HN	 1 	 6 	 720  	 960  	 8  	 4 
19	 CF144SW	 1 	 2 	 540  	 780  	 10  	 5 
20	 CF244EF 	 0 	 6 	 600  	 840  	 6  	 3 
21	 CF145HG	 0 	 5 	 540  	 780  	 10  	 5 
22	 CF149FP 	 1 	 10 	 720  	 960  	 7  	 3 
23	 CF144HN	 1 	 7 	 600  	 840  	 5  	 2 
24	 CF145BJ 	 1 	 1 	 600  	 840  	 9  	 4 
25	 CF146SF 	 1 	 2 	 720  	 960  	 9  	 4 
26	 CF145DE 	 0 	 3 	 540  	 780  	 7  	 3 
27	 CF141DQ	 1 	 3 	 540  	 780  	 8  	 4 
28	 CF244JA 	 1 	 7 	 660  	 900  	 7  	 3 
29	 CF142LL 	 1 	 2 	 540  	 780  	 7  	 3 
30	 CF144HQ	 1 	 7 	 720  	 960  	 5  	 2 
31	 CF144SG 	 1 	 5 	 600  	 840  	 7  	 3 
32	 CF144NS 	 1 	 7 	 600  	 840  	 5  	 2 
33	 CF146LE 	 1 	 9 	 540  	 780  	 10  	 5 
34	 CF146ER 	 1 	 1 	 600  	 840  	 6  	 3 
35	 CF244BQ	 1 	 8 	 660  	 900  	 10  	 5 
36	 CF52QW 	 0 	 1 	 600  	 840  	 8  	 4 
37	 CF145FP 	 1 	 8 	 720  	 960  	 10  	 5 
38	 CF149EJ 	 1 	 2 	 540  	 780  	 10  	 5 
39	 CF142YN	 1 	 6 	 720  	 960  	 9  	 4 
40	 CF145GP 	 1 	 6 	 600  	 840  	 6  	 3 
41	 CF144SU 	 1 	 5 	 540  	 780  	 5  	 2 
42	 CF52RR 	 1 	 2 	 540  	 780  	 10  	 5 
43	 CF244HL 	 1 	 3 	 660  	 900  	 10  	 5 
44	 CF142NQ	 1 	 7 	 720  	 960  	 9  	 4 
45	 CF148HR 	 1 	 8 	 720  	 960  	 8  	 4 
46	 CF244HX 	 1 	 3 	 660  	 900  	 9  	 4 
47	 CF141BN	 1 	 2 	 720  	 960  	 8  	 4 
48	 CF141PE 	 1 	 5 	 720  	 960  	 7  	 3 
49	 CF244QQ	 1 	 4 	 540  	 780  	 5  	 2 
50	 CF149HB 	 1 	 5 	 720  	 960  	 7  	 3 
51	 CF145UU	 1 	 8 	 720  	 960  	 9  	 4 
52	 CF146TT 	 1 	 10 	 540  	 780  	 10  	 5 
53	 CF144SZ 	 0 	 15 	 660  	 900  	 6  	 3 
54	 CF149AD	 1 	 8 	 600  	 840  	 7  	 3 
55	 CF144JW 	 1 	 5 	 540  	 780  	 10  	 5 
56	 CF146ZB 	 1 	 1 	 540  	 780  	 9  	 4 
57	 CF244YE 	 0 	 6 	 540  	 780  	 5  	 2 
58	 CF244ET 	 1 	 2 	 540  	 780  	 7  	 3 
59	 CF146RA 	 1 	 6 	 660  	 900  	 6  	 3 
60	 CF52LQ 	 1 	 6 	 720  	 960  	 9  	 4 
61	 CF140RZ 	 1 	 8 	 600  	 840  	 8  	 4 
62	 CF142NS 	 1 	 1 	 540  	 780  	 6  	 3 
63	 CF144BR 	 1 	 4 	 720  	 960  	 10  	 5 
64	 CF144NE 	 1 	 4 	 600  	 840  	 10  	 5 
65	 CF142FW	 1 	 4 	 540  	 780  	 6  	 3 
66	 CF52RX 	 1 	 9 	 600  	 840  	 9  	 4 
67	 CF149HL 	 1 	 8 	 540  	 780  	 5  	 2 
68	 CF149BB 	 1 	 4 	 660  	 900  	 8  	 4 
69	 CF146AH	 1 	 9 	 540  	 780  	 5  	 2 
70	 CF149HP 	 0 	 11 	 600  	 840  	 6  	 3 
71	 CF143RJ 	 1 	 5 	 540  	 780  	 5  	 2 
72	 CF145EQ 	 1 	 5 	 720  	 960  	 10  	 5 
73	 CF244DS 	 1 	 8 	 540  	 780  	 8  	 4 
74	 CF103EH 	 1 	 2 	 660  	 900  	 10  	 5 
75	 CF244HS 	 1 	 4 	 720  	 960  	 7  	 3 
