75

1200
32
10
500

0	1664	1109	1021	3467	2751	1606	1157	3028	887	2146	1442	3183	2311	1932	2144	1104	1637	3192	955	2549	352	1481	2986	1158	1663	1065	1229	1779	1065	3010	3270	1698	3143	2492	3760	1136	3263	1503	256	630	1068	983	1113	1492	748	557	1356	1532	2839	3434	789	681	2219	1676	3608	3081	3147	1099	952	1494	2505	1020	1470	1709	1520	2717	1319	458	2253	1630	4484	829	2151	3268	1940	
1664	0	1076	2684	5080	2924	2895	2431	4260	907	1655	3093	4637	2699	2912	1428	2758	2702	4821	1078	4025	1657	3070	4294	2542	2458	602	1561	3332	608	2434	4834	3348	3369	3113	5384	2646	4922	1787	1568	1312	2371	2375	2649	2813	1336	1115	2102	1415	4352	4782	2188	2187	2449	3197	5209	4709	4800	968	1260	3100	3904	969	2916	773	2404	2125	2982	1698	2507	2878	6120	2442	2252	4892	1515	
1109	1076	0	1972	4177	2015	1868	2223	4118	374	1071	2313	4290	1701	2929	2262	2007	2653	3944	158	3656	885	2570	4088	1574	1383	780	492	2411	816	1954	3883	2720	2455	3364	4492	1737	4118	753	881	489	2138	1429	1758	2581	1351	840	1026	512	3939	4541	1273	1786	1492	2781	4289	3831	3978	114	1441	2243	3613	1252	1950	678	1330	1647	2312	1427	1545	2705	5239	1921	1336	4006	865	
1021	2684	1972	0	2480	3040	1244	1206	2612	1856	2865	438	2497	2549	1969	3024	130	1689	2192	1844	1885	1095	785	2492	889	1794	2086	1869	950	2086	3647	2335	762	3345	2691	2761	644	2242	2047	1141	1499	1138	842	577	1299	1627	1578	1664	2256	2096	2856	837	803	2577	1083	2631	2084	2128	2002	1830	602	1952	1983	921	2636	1635	3393	345	1179	2588	1480	3474	504	2597	2272	2674	
3467	5080	4177	2480	0	4193	2418	3447	3709	4190	4742	2042	2981	3777	3951	5491	2375	3767	317	4092	2786	3423	2577	3470	2607	3219	4505	3865	1766	4511	5274	470	2118	4250	4684	323	2447	707	3880	3516	3788	3419	2748	2437	3305	4106	4017	3383	4250	2639	3486	2914	3230	3984	2741	181	407	619	4245	4307	1982	3068	4460	2237	4848	3137	5122	2287	3656	3957	3443	1071	2903	4132	225	4604	
2751	2924	2015	3040	4193	0	1995	3873	5622	2380	1367	3119	5523	494	4675	4260	2983	4376	4091	2127	4923	2400	3821	5522	2171	1249	2792	1601	2775	2828	1266	3758	3729	445	5235	4506	2439	4465	1300	2504	2244	3782	2199	2503	4153	3285	2774	1426	1538	5110	5896	2243	3348	539	4110	4226	3994	4292	2121	3415	2872	4987	3258	2336	2177	1406	1292	3347	3195	499	4316	5212	3304	683	4111	1438	
1606	2895	1868	1244	2418	1995	0	2375	3831	1994	2324	1172	3597	1513	3178	3724	1142	2885	2240	1825	3030	1364	2002	3690	455	827	2402	1481	785	2421	2904	2065	1801	2217	3870	2741	610	2541	1464	1498	1600	2294	624	674	2531	2353	2024	968	1849	3174	4010	819	1875	1648	2305	2503	2132	2375	1958	2554	897	3146	2575	358	2504	723	2724	1471	2013	1636	2711	3487	1675	1758	2283	2188	
1157	2431	2223	1206	3447	3873	2375	0	1900	1923	3285	1559	2207	3412	817	2179	1335	517	3135	2064	1605	1492	890	1892	1947	2707	1880	2386	2147	1859	4159	3405	1335	4245	1497	3682	1771	3024	2656	1413	1772	91	1822	1712	383	1096	1446	2452	2679	1944	2368	1696	531	3352	858	3618	3040	2962	2187	1208	1796	1474	1483	2096	2733	2550	3860	1213	803	3381	482	4322	711	3299	3225	3078	
3028	4260	4118	2612	3709	5622	3831	1900	0	3824	5174	2690	890	5138	1384	3596	2696	1559	3416	3961	941	3336	1832	252	3501	4390	3751	4241	3272	3726	6038	3905	2086	5949	1655	3801	3252	3044	4490	3280	3656	1982	3437	3185	1538	2943	3343	4206	4560	1088	631	3380	2351	5129	1530	3888	3372	3093	4087	3000	2987	711	3291	3482	4629	4229	5745	2361	2703	5149	1419	4189	2325	5110	3504	4967	
887	907	374	1856	4190	2380	1994	1923	3824	0	1418	2239	4051	2045	2594	1926	1913	2326	3939	255	3419	777	2368	3808	1635	1641	450	808	2433	480	2303	3932	2573	2817	3002	4498	1747	4068	1097	716	406	1843	1469	1754	2294	988	492	1275	886	3718	4273	1284	1532	1852	2552	4315	3826	3938	291	1068	2218	3353	880	2010	827	1561	1991	2179	1120	1902	2405	5239	1715	1704	4007	1216	
2146	1655	1071	2865	4742	1367	2324	3285	5174	1418	0	3125	5293	1325	4000	3067	2867	3723	4559	1228	4660	1862	3549	5132	2218	1546	1709	996	3042	1745	885	4376	3627	1792	4418	5065	2455	4821	874	1899	1518	3199	2135	2498	3636	2406	1905	1365	621	4921	5573	2053	2827	1029	3787	4823	4449	4663	1129	2470	2977	4641	2241	2545	882	1608	576	3210	2496	1087	3766	5811	2919	803	4605	207	
1442	3093	2313	438	2042	3119	1172	1559	2690	2239	3125	0	2426	2626	2260	3460	338	2001	1756	2197	1860	1464	901	2534	964	1879	2501	2138	619	2503	3856	1902	629	3377	3002	2325	696	1831	2271	1531	1861	1504	999	641	1569	2065	1998	1832	2536	2004	2839	1076	1221	2701	1197	2193	1647	1708	2356	2268	298	1992	2420	814	2988	1730	3623	370	1617	2703	1745	3043	902	2757	1835	2945	
3183	4637	4290	2497	2981	5523	3597	2207	890	4051	5293	2426	0	5030	1989	4206	2543	2053	2711	4138	635	3433	1748	648	3353	4275	4075	4311	2920	4056	6116	3243	1800	5800	2451	3027	3085	2285	4522	3412	3804	2267	3334	3021	1827	3303	3607	4161	4672	428	506	3329	2519	5073	1510	3153	2687	2364	4282	3408	2703	744	3689	3239	4877	4119	5846	2178	2965	5082	1789	3347	2376	5093	2793	5092	
2311	2699	1701	2549	3777	494	1513	3412	5138	2045	1325	2626	5030	0	4221	3963	2490	3920	3656	1790	4430	1959	3331	5034	1677	756	2480	1239	2296	2514	1533	3356	3236	834	4803	4095	1946	4012	950	2072	1850	3322	1708	2010	3680	2892	2393	961	1285	4616	5404	1760	2884	296	3621	3823	3556	3840	1813	3037	2382	4498	2907	1848	2001	914	1457	2853	2763	240	3846	4815	2825	522	3682	1322	
1932	2912	2929	1969	3951	4675	3178	817	1384	2594	4000	2260	1989	4221	0	2233	2092	301	3634	2772	1533	2279	1419	1476	2758	3522	2444	3152	2874	2415	4883	3986	1869	5054	749	4143	2569	3424	3433	2186	2515	906	2638	2508	692	1640	2102	3259	3414	1880	1972	2513	1347	4148	1211	4129	3553	3400	2876	1659	2528	1279	1949	2883	3357	3366	4576	1892	1516	4180	523	4710	1503	4083	3726	3794	
2144	1428	2262	3024	5491	4260	3724	2179	3596	1926	3067	3460	4206	3963	2233	0	3139	2159	5193	2179	3683	2361	3047	3708	3289	3546	1483	2733	3901	1450	3862	5356	3456	4704	2098	5758	3280	5155	3013	2226	2215	2171	3111	3254	2487	1414	1710	3181	2722	4036	4201	2910	2265	3749	3036	5648	5089	5073	2150	1206	3587	3472	1151	3614	2189	3447	3553	3209	1847	3803	2459	6440	2591	3577	5278	2909	
1104	2758	2007	130	2375	2983	1142	1335	2696	1913	2867	338	2543	2490	2092	3139	0	1814	2093	1884	1941	1142	864	2567	817	1734	2164	1872	820	2166	3631	2217	771	3276	2817	2662	557	2164	2033	1201	1543	1268	794	490	1418	1737	1661	1629	2264	2134	2917	819	931	2532	1167	2523	1983	2044	2043	1941	473	2024	2085	810	2677	1577	3384	366	1292	2540	1598	3381	634	2563	2171	2680	
1637	2702	2653	1689	3767	4376	2885	517	1559	2326	3723	2001	2053	3920	301	2159	1814	0	3451	2495	1528	1982	1200	1610	2462	3221	2205	2861	2608	2178	4604	3775	1660	4753	1004	3975	2278	3275	3139	1892	2228	605	2339	2217	463	1396	1835	2959	3131	1881	2106	2212	1046	3850	1037	3943	3365	3238	2604	1441	2259	1314	1733	2596	3105	3065	4299	1637	1230	3881	339	4570	1211	3788	3543	3516	
3192	4821	3944	2192	317	4091	2240	3135	3416	3939	4559	1756	2711	3656	3634	5193	2093	3451	0	3853	2487	3166	2262	3179	2386	3058	4239	3655	1539	4244	5129	567	1804	4180	4367	569	2207	502	3690	3254	3541	3108	2517	2191	2989	3815	3746	3195	4046	2355	3217	2674	2929	3847	2424	496	113	361	4007	4015	1722	2765	4175	2026	4619	2964	4962	1985	3363	3824	3126	1300	2602	3983	93	4412	
955	1078	158	1844	4092	2127	1825	2064	3961	255	1228	2197	4138	1790	2772	2179	1884	2495	3853	0	3504	750	2423	3931	1501	1408	697	554	2327	730	2111	3812	2586	2563	3215	4405	1646	4012	841	734	347	1980	1347	1663	2423	1205	690	1043	656	3790	4386	1179	1631	1597	2630	4209	3740	3875	159	1304	2142	3458	1131	1879	793	1338	1804	2180	1269	1647	2546	5151	1772	1454	3917	1022	
2549	4025	3656	1885	2786	4923	3030	1605	941	3419	4660	1860	635	4430	1533	3683	1941	1528	2487	3504	0	2799	1121	725	2756	3674	3455	3680	2401	3438	5486	2967	1233	5213	2126	2899	2492	2142	3895	2777	3170	1657	2726	2426	1234	2696	2980	3544	4039	353	980	2710	1888	4461	875	2966	2438	2175	3648	2813	2149	300	3087	2673	4246	3516	5214	1579	2342	4473	1227	3348	1742	4474	2576	4458	
352	1657	885	1095	3423	2400	1364	1492	3336	777	1862	1464	3433	1959	2279	2361	1142	1982	3166	750	2799	0	1696	3279	941	1321	1093	905	1679	1105	2707	3183	1836	2791	2844	3728	997	3291	1165	138	404	1401	763	995	1808	1025	662	1006	1241	3069	3713	562	988	1870	1925	3552	3054	3161	908	1214	1445	2781	1212	1296	1541	1184	2423	1429	806	1902	1956	4466	1057	1808	3236	1659	
1481	3070	2570	785	2577	3821	2002	890	1832	2368	3549	901	1748	3331	1419	3047	864	1200	2262	2423	1121	1696	0	1706	1673	2577	2475	2564	1517	2464	4368	2575	460	4130	2168	2800	1421	2134	2774	1689	2081	881	1623	1354	739	1805	1972	2428	2929	1373	2079	1593	886	3349	304	2751	2172	2075	2573	1969	1194	1167	2205	1657	3190	2417	4098	542	1380	3363	896	3432	653	3356	2353	3349	
2986	4294	4088	2492	3470	5522	3690	1892	252	3808	5132	2534	648	5034	1476	3708	2567	1610	3179	3931	725	3279	1706	0	3380	4281	3765	4182	3101	3742	5987	3676	1918	5836	1837	3556	3124	2799	4421	3233	3616	1967	3327	3057	1515	2964	3336	4115	4514	840	497	3283	2306	5039	1413	3648	3138	2852	4063	3038	2830	544	3327	3337	4624	4121	5700	2221	2691	5056	1420	3938	2245	5030	3267	4926	
1158	2542	1574	889	2607	2171	455	1947	3501	1635	2218	964	3353	1677	2758	3289	817	2462	2386	1501	2756	941	1673	3380	0	923	2015	1272	847	2031	2906	2311	1560	2459	3436	2924	270	2609	1347	1070	1230	1863	179	332	2131	1906	1603	880	1668	2939	3734	380	1435	1739	1972	2716	2273	2456	1648	2108	766	2839	2144	377	2241	769	2686	1177	1559	1742	2309	3673	1263	1794	2443	2053	
1663	2458	1383	1794	3219	1249	827	2707	4390	1641	1546	1879	4275	756	3522	3546	1734	3221	3058	1408	3674	1321	2577	4281	923	0	2090	900	1605	2119	2077	2838	2483	1560	4139	3542	1192	3368	750	1450	1335	2617	954	1255	2953	2325	1870	367	1175	3862	4649	1023	2176	832	2869	3291	2951	3202	1493	2496	1647	3744	2423	1128	1905	161	1905	2098	2121	828	3123	4283	2089	931	3096	1439	
1065	602	780	2086	4505	2792	2402	1880	3751	450	1709	2501	4075	2480	2444	1483	2164	2205	4239	697	3455	1093	2475	3765	2015	2090	0	1250	2772	37	2575	4275	2747	3233	2753	4805	2090	4327	1530	990	804	1813	1841	2087	2263	809	514	1724	1263	3775	4247	1645	1595	2272	2614	4638	4127	4208	672	802	2523	3351	539	2381	930	2006	2258	2381	1115	2325	2345	5536	1843	2110	4312	1522	
1229	1561	492	1869	3865	1601	1481	2386	4241	808	996	2138	4311	1239	3152	2733	1872	2861	3655	554	3680	905	2564	4182	1272	900	1250	0	2118	1283	1808	3538	2631	2028	3661	4185	1487	3878	301	973	652	2296	1165	1524	2712	1686	1173	559	399	3933	4609	1063	1892	1064	2812	3963	3543	3727	605	1814	2011	3677	1670	1630	1032	866	1535	2215	1640	1110	2857	4935	1946	948	3709	808	
1779	3332	2411	950	1766	2775	785	2147	3272	2433	3042	619	2920	2296	2874	3901	820	2608	1539	2327	2401	1679	1517	3101	847	1605	2772	2118	0	2782	3674	1504	1186	2971	3612	2081	686	1780	2169	1784	2029	2084	982	685	2185	2488	2307	1680	2511	2492	3365	1151	1748	2432	1808	1883	1426	1621	2479	2695	351	2565	2799	497	3084	1484	3479	989	2065	2420	2362	2829	1454	2533	1597	2887	
1065	608	816	2086	4511	2828	2421	1859	3726	480	1745	2503	4056	2514	2415	1450	2166	2178	4244	730	3438	1105	2464	3742	2031	2119	37	1283	2782	0	2612	4286	2741	3269	2719	4810	2102	4328	1564	998	826	1793	1856	2097	2242	783	510	1752	1300	3759	4225	1659	1583	2308	2599	4646	4133	4210	707	769	2530	3331	504	2395	963	2034	2294	2378	1099	2360	2322	5541	1835	2147	4318	1559	
3010	2434	1954	3647	5274	1266	2904	4159	6038	2303	885	3856	6116	1533	4883	3862	3631	4604	5129	2111	5486	2707	4368	5987	2906	2077	2575	1808	3674	2612	0	4869	4401	1545	5301	5596	3165	5445	1601	2758	2387	4071	2858	3216	4502	3290	2790	2027	1479	5732	6417	2814	3687	1293	4620	5332	5024	5279	2014	3350	3670	5485	3112	3185	1688	2190	317	3988	3375	1325	4637	6326	3754	1147	5163	1090	
3270	4834	3883	2335	470	3758	2065	3405	3905	3932	4376	1902	3243	3356	3986	5356	2217	3775	567	3812	2967	3183	2575	3676	2311	2838	4275	3538	1504	4286	4869	0	2118	3798	4732	757	2188	1067	3527	3288	3526	3365	2467	2189	3314	3951	3807	3032	3913	2869	3748	2647	3122	3576	2781	469	561	927	3959	4156	1778	3231	4283	1934	4544	2768	4731	2202	3510	3545	3466	1459	2799	3734	514	4249	
1698	3348	2720	762	2118	3729	1801	1335	2086	2573	3627	629	1800	3236	1869	3456	771	1660	1804	2586	1233	1836	460	1918	1560	2483	2747	2631	1186	2741	4401	2118	0	4000	2617	2347	1290	1701	2802	1863	2239	1315	1560	1228	1197	2152	2233	2398	3018	1382	2210	1588	1219	3294	679	2291	1712	1630	2742	2332	917	1379	2543	1443	3374	2329	4152	416	1705	3299	1349	2994	917	3332	1895	3436	
3143	3369	2455	3345	4250	445	2217	4245	5949	2817	1792	3377	5800	834	5054	4704	3276	4753	4180	2563	5213	2791	4130	5836	2459	1560	3233	2028	2971	3269	1545	3798	4000	0	5634	4554	2721	4586	1728	2902	2663	4154	2511	2787	4508	3706	3199	1795	1982	5380	6192	2580	3716	966	4425	4265	4090	4411	2562	3842	3112	5297	3693	2572	2618	1721	1639	3634	3594	918	4675	5234	3647	1127	4191	1876	
2492	3113	3364	2691	4684	5235	3870	1497	1655	3002	4418	3002	2451	4803	749	2098	2817	1004	4367	3215	2126	2844	2168	1837	3436	4139	2753	3661	3612	2719	5301	4732	2617	5634	0	4866	3267	4135	3956	2733	3010	1576	3302	3209	1439	2014	2525	3848	3870	2447	2287	3158	2002	4699	1952	4864	4289	4121	3292	1957	3263	1838	2217	3592	3683	3989	4986	2636	2041	4736	1272	5408	2206	4609	4460	4217	
3760	5384	4492	2761	323	4506	2741	3682	3801	4498	5065	2325	3027	4095	4143	5758	2662	3975	569	4405	2899	3728	2800	3556	2924	3542	4805	4185	2081	4810	5596	757	2347	4554	4866	0	2759	758	4203	3818	4098	3658	3063	2746	3516	4384	4313	3706	4572	2717	3527	3226	3493	4305	2941	299	679	744	4558	4582	2284	3189	4744	2557	5164	3460	5445	2549	3931	4277	3645	749	3167	4455	493	4927	
1136	2646	1737	644	2447	2439	610	1771	3252	1747	2455	696	3085	1946	2569	3280	557	2278	2207	1646	2492	997	1421	3124	270	1192	2090	1487	686	2102	3165	2188	1290	2721	3267	2759	0	2395	1590	1109	1343	1691	323	67	1921	1873	1639	1138	1887	2671	3470	467	1282	2008	1722	2568	2094	2248	1800	2080	523	2582	2153	347	2414	1039	2938	913	1485	2012	2101	3504	1067	2060	2270	2284	
3263	4922	4118	2242	707	4465	2541	3024	3044	4068	4821	1831	2285	4012	3424	5155	2164	3275	502	4012	2142	3291	2134	2799	2609	3368	4327	3878	1780	4328	5445	1067	1701	4586	4135	758	2395	0	3947	3362	3683	3011	2716	2365	2823	3822	3820	3460	4276	1962	2789	2849	2901	4180	2238	871	543	175	4170	4012	1877	2433	4201	2277	4796	3258	5258	1975	3368	4163	2940	1300	2582	4299	557	4661	
1503	1787	753	2047	3880	1300	1464	2656	4490	1097	874	2271	4522	950	3433	3013	2033	3139	3690	841	3895	1165	2774	4421	1347	750	1530	301	2169	1564	1601	3527	2802	1728	3956	4203	1590	3947	0	1248	949	2566	1274	1636	2971	1986	1474	497	426	4134	4838	1214	2151	763	3035	3967	3579	3790	866	2115	2109	3908	1967	1672	1167	770	1353	2388	1927	810	3121	4950	2177	653	3737	724	
256	1568	881	1141	3516	2504	1498	1413	3280	716	1899	1531	3412	2072	2186	2226	1201	1892	3254	734	2777	138	1689	3233	1070	1450	990	973	1784	998	2758	3288	1863	2902	2733	3818	1109	3362	1248	0	393	1324	891	1100	1745	888	535	1126	1282	3058	3676	689	929	1970	1903	3649	3141	3236	886	1076	1534	2745	1077	1417	1513	1316	2467	1465	692	2005	1886	4552	1040	1897	3325	1693	
630	1312	489	1499	3788	2244	1600	1772	3656	406	1518	1861	3804	1850	2515	2215	1543	2228	3541	347	3170	404	2081	3616	1230	1335	804	652	2029	826	2387	3526	2239	2663	3010	4098	1343	3683	949	393	0	1684	1063	1352	2118	1043	545	974	908	3450	4064	879	1311	1705	2295	3911	3427	3550	504	1188	1822	3133	1088	1604	1137	1231	2090	1833	999	1748	2251	4840	1433	1600	3607	1311	
1068	2371	2138	1138	3419	3782	2294	91	1982	1843	3199	1504	2267	3322	906	2171	1268	605	3108	1980	1657	1401	881	1967	1863	2617	1813	2296	2084	1793	4071	3365	1315	4154	1576	3658	1691	3011	2566	1324	1684	0	1736	1633	453	1039	1369	2361	2592	1992	2440	1607	441	3261	881	3587	3011	2944	2105	1162	1733	1538	1431	2020	2656	2460	3773	1166	724	3290	567	4307	638	3208	3197	2992	
983	2375	1429	842	2748	2199	624	1822	3437	1469	2135	999	3334	1708	2638	3111	794	2339	2517	1347	2726	763	1623	3327	179	954	1841	1165	982	1856	2858	2467	1560	2511	3302	3063	323	2716	1274	891	1063	1736	0	363	2029	1730	1425	840	1564	2928	3698	202	1301	1739	1915	2863	2404	2568	1498	1932	846	2790	1966	542	2102	794	2625	1159	1393	1748	2204	3811	1158	1772	2577	1962	
1113	2649	1758	577	2437	2503	674	1712	3185	1754	2498	641	3021	2010	2508	3254	490	2217	2191	1663	2426	995	1354	3057	332	1255	2087	1524	685	2097	3216	2189	1228	2787	3209	2746	67	2365	1636	1100	1352	1633	363	0	1857	1844	1627	1192	1924	2607	3404	485	1229	2068	1655	2561	2078	2221	1818	2052	489	2515	2132	393	2436	1101	2987	847	1448	2073	2037	3490	1006	2117	2256	2324	
1492	2813	2581	1299	3305	4153	2531	383	1538	2294	3636	1569	1827	3680	692	2487	1418	463	2989	2423	1234	1808	739	1515	2131	2953	2263	2712	2185	2242	4502	3314	1197	4508	1439	3516	1921	2823	2971	1745	2118	453	2029	1857	0	1478	1822	2727	3024	1579	1987	1931	821	3641	587	3481	2902	2781	2552	1582	1841	1091	1862	2220	3109	2794	4208	1200	1176	3666	181	4121	871	3604	3081	3429	
748	1336	1351	1627	4106	3285	2353	1096	2943	988	2406	2065	3303	2892	1640	1414	1737	1396	3815	1205	2696	1025	1805	2964	1906	2325	809	1686	2488	783	3290	3951	2152	3706	2014	4384	1873	3822	1986	888	1043	1039	1730	1844	1478	0	518	1983	1860	3028	3450	1534	933	2747	1890	4258	3708	3725	1279	208	2176	2569	401	2213	1718	2198	2977	1848	454	2790	1545	5086	1242	2631	3897	2204	
557	1115	840	1578	4017	2774	2024	1446	3343	492	1905	1998	3607	2393	2102	1710	1661	1835	3746	690	2980	662	1972	3336	1603	1870	514	1173	2307	510	2790	3807	2233	3199	2525	4313	1639	3820	1474	535	545	1369	1425	1627	1822	518	0	1514	1345	3292	3808	1223	1100	2237	2125	4156	3634	3704	776	644	2039	2896	562	1952	1288	1756	2479	1868	647	2281	1924	5039	1333	2116	3820	1701	
1356	2102	1026	1664	3383	1426	968	2452	4206	1275	1365	1832	4161	961	3259	3181	1629	2959	3195	1043	3544	1006	2428	4115	880	367	1724	559	1680	1752	2027	3032	2398	1795	3848	3706	1138	3460	497	1126	974	2361	840	1192	2727	1983	1514	0	890	3759	4507	835	1925	924	2707	3471	3084	3301	1135	2148	1645	3587	2063	1184	1588	307	1808	1993	1812	943	2890	4454	1883	934	3242	1221	
1532	1415	512	2256	4250	1538	1849	2679	4560	886	621	2536	4672	1285	3414	2722	2264	3131	4046	656	4039	1241	2929	4514	1668	1175	1263	399	2511	1300	1479	3913	3018	1982	3870	4572	1887	4276	426	1282	908	2592	1564	1924	3024	1860	1345	890	0	4302	4953	1460	2211	1038	3166	4345	3934	4124	603	1953	2410	4021	1759	2020	746	1183	1185	2601	1900	1095	3158	5321	2298	855	4098	421	
2839	4352	3939	2096	2639	5110	3174	1944	1088	3718	4921	2004	428	4616	1880	4036	2134	1881	2355	3790	353	3069	1373	840	2939	3862	3775	3933	2492	3759	5732	2869	1382	5380	2447	2717	2671	1962	4134	3058	3450	1992	2928	2607	1579	3028	3292	3759	4302	0	902	2932	2193	4666	1168	2816	2321	2020	3937	3151	2278	612	3423	2815	4544	3707	5467	1769	2660	4674	1579	3107	2018	4693	2441	4722	
3434	4782	4541	2856	3486	5896	4010	2368	631	4273	5573	2839	506	5404	1972	4201	2917	2106	3217	4386	980	3713	2079	497	3734	4649	4247	4609	3365	4225	6417	3748	2210	6192	2287	3527	3470	2789	4838	3676	4064	2440	3698	3404	1987	3450	3808	4507	4953	902	0	3672	2755	5427	1804	3657	3193	2869	4521	3529	3126	932	3818	3652	5093	4490	6136	2558	3161	5441	1905	3820	2664	5432	3299	5368	
789	2188	1273	837	2914	2243	819	1696	3380	1284	2053	1076	3329	1760	2513	2910	819	2212	2674	1179	2710	562	1593	3283	380	1023	1645	1063	1151	1659	2814	2647	1588	2580	3158	3226	467	2849	1214	689	879	1607	202	485	1931	1534	1223	835	1460	2932	3672	0	1167	1757	1873	3034	2561	2706	1333	1735	972	2752	1764	736	1950	863	2565	1175	1211	1773	2101	3972	1067	1764	2738	1870	
681	2187	1786	803	3230	3348	1875	531	2351	1532	2827	1221	2519	2884	1347	2265	931	1046	2929	1631	1888	988	886	2306	1435	2176	1595	1892	1748	1583	3687	3122	1219	3716	2002	3493	1282	2901	2151	929	1311	441	1301	1229	821	933	1100	1925	2211	2193	2755	1167	0	2831	1025	3390	2826	2812	1769	1114	1403	1828	1328	1621	2358	2019	3396	944	495	2858	972	4178	327	2786	3014	2621	
2219	2449	1492	2577	3984	539	1648	3352	5129	1852	1029	2701	5073	296	4148	3749	2532	3850	3847	1597	4461	1870	3349	5039	1739	832	2272	1064	2432	2308	1293	3576	3294	966	4699	4305	2008	4180	763	1970	1705	3261	1739	2068	3641	2747	2237	924	1038	4666	5427	1757	2831	0	3630	4039	3743	4012	1601	2878	2478	4509	2727	1960	1731	973	1184	2897	2661	60	3801	5033	2805	226	3878	1033	
1676	3197	2781	1083	2741	4110	2305	858	1530	2552	3787	1197	1510	3621	1211	3036	1167	1037	2424	2630	875	1925	304	1413	1972	2869	2614	2812	1808	2599	4620	2781	679	4425	1952	2941	1722	2238	3035	1903	2295	881	1915	1655	587	1890	2125	2707	3166	1168	1804	1873	1025	3630	0	2919	2342	2201	2775	2033	1493	880	2290	1961	3378	2709	4344	844	1500	3646	704	3535	868	3629	2517	3584	
3608	5209	4289	2631	181	4226	2503	3618	3888	4315	4823	2193	3153	3823	4129	5648	2523	3943	496	4209	2966	3552	2751	3648	2716	3291	4638	3963	1883	4646	5332	469	2291	4265	4864	299	2568	871	3967	3649	3911	3587	2863	2561	3481	4258	4156	3471	4345	2816	3657	3034	3390	4039	2919	0	579	796	4360	4460	2117	3249	4607	2342	4956	3215	5189	2449	3809	4010	3621	994	3063	4194	403	4691	
3081	4709	3831	2084	407	3994	2132	3040	3372	3826	4449	1647	2687	3556	3553	5089	1983	3365	113	3740	2438	3054	2172	3138	2273	2951	4127	3543	1426	4133	5024	561	1712	4090	4289	679	2094	543	3579	3141	3427	3011	2404	2078	2902	3708	3634	3084	3934	2321	3193	2561	2826	3743	2342	579	0	381	3894	3908	1609	2711	4067	1914	4506	2855	4855	1882	3256	3721	3042	1413	2499	3877	189	4302	
3147	4800	3978	2128	619	4292	2375	2962	3093	3938	4663	1708	2364	3840	3400	5073	2044	3238	361	3875	2175	3161	2075	2852	2456	3202	4208	3727	1621	4210	5279	927	1630	4411	4121	744	2248	175	3790	3236	3550	2944	2568	2221	2781	3725	3704	3301	4124	2020	2869	2706	2812	4012	2201	796	381	0	4033	3918	1735	2460	4099	2118	4656	3094	5095	1876	3271	3993	2906	1367	2489	4132	433	4506	
1099	968	114	2002	4245	2121	1958	2187	4087	291	1129	2356	4282	1813	2876	2150	2043	2604	4007	159	3648	908	2573	4063	1648	1493	672	605	2479	707	2014	3959	2742	2562	3292	4558	1800	4170	866	886	504	2105	1498	1818	2552	1279	776	1135	603	3937	4521	1333	1769	1601	2775	4360	3894	4033	0	1357	2299	3596	1156	2026	634	1437	1703	2337	1386	1654	2670	5305	1921	1440	4071	926	
952	1260	1441	1830	4307	3415	2554	1208	3000	1068	2470	2268	3408	3037	1659	1206	1941	1441	4015	1304	2813	1214	1969	3038	2108	2496	802	1814	2695	769	3350	4156	2332	3842	1957	4582	2080	4012	2115	1076	1188	1162	1932	2052	1582	208	644	2148	1953	3151	3529	1735	1114	2878	2033	4460	3908	3918	1357	0	2383	2668	291	2419	1731	2374	3034	2042	652	2924	1629	5281	1430	2751	4097	2273	
1494	3100	2243	602	1982	2872	897	1796	2987	2218	2977	298	2703	2382	2528	3587	473	2259	1722	2142	2149	1445	1194	2830	766	1647	2523	2011	351	2530	3670	1778	917	3112	3263	2284	523	1877	2109	1534	1822	1733	846	489	1841	2176	2039	1645	2410	2278	3126	972	1403	2478	1493	2117	1609	1735	2299	2383	0	2288	2505	541	2921	1506	3452	656	1743	2475	2019	3022	1105	2550	1791	2807	
2505	3904	3613	1952	3068	4987	3146	1474	711	3353	4641	1992	744	4498	1279	3472	2024	1314	2765	3458	300	2781	1167	544	2839	3744	3351	3677	2565	3331	5485	3231	1379	5297	1838	3189	2582	2433	3908	2745	3133	1538	2790	2515	1091	2569	2896	3587	4021	612	932	2752	1828	4509	880	3249	2711	2460	3596	2668	2288	0	2951	2793	4176	3584	5204	1677	2250	4525	1045	3647	1732	4507	2855	4437	
1020	969	1252	1983	4460	3258	2575	1483	3291	880	2241	2420	3689	2907	1949	1151	2085	1733	4175	1131	3087	1212	2205	3327	2144	2423	539	1670	2799	504	3112	4283	2543	3693	2217	4744	2153	4201	1967	1077	1088	1431	1966	2132	1862	401	562	2063	1759	3423	3818	1764	1328	2727	2290	4607	4067	4099	1156	291	2505	2951	0	2479	1466	2314	2795	2226	838	2776	1916	5455	1629	2584	4255	2049	
1470	2916	1950	921	2237	2336	358	2096	3482	2010	2545	814	3239	1848	2883	3614	810	2596	2026	1879	2673	1296	1657	3337	377	1128	2381	1630	497	2395	3185	1934	1443	2572	3592	2557	347	2277	1672	1417	1604	2020	542	393	2220	2213	1952	1184	2020	2815	3652	736	1621	1960	1961	2342	1914	2118	2026	2419	541	2793	2479	0	2614	998	2985	1121	1831	1953	2401	3306	1386	2049	2079	2391	
1709	773	678	2636	4848	2177	2504	2733	4629	827	882	2988	4877	2001	3357	2189	2677	3105	4619	793	4246	1541	3190	4624	2241	1905	930	1032	3084	963	1688	4544	3374	2618	3683	5164	2414	4796	1167	1513	1137	2656	2102	2436	3109	1718	1288	1588	746	4544	5093	1950	2358	1731	3378	4956	4506	4656	634	1731	2921	4176	1466	2614	0	1892	1373	2970	1933	1791	3211	5912	2537	1521	4680	748	
1520	2404	1330	1635	3137	1406	723	2550	4229	1561	1608	1730	4119	914	3366	3447	1577	3065	2964	1338	3516	1184	2417	4121	769	161	2006	866	1484	2034	2190	2768	2329	1721	3989	3460	1039	3258	770	1316	1231	2460	794	1101	2794	2198	1756	307	1183	3707	4490	863	2019	973	2709	3215	2855	3094	1437	2374	1506	3584	2314	998	1892	0	2002	1941	1977	973	2964	4204	1928	1051	3006	1484	
2717	2125	1647	3393	5122	1292	2724	3860	5745	1991	576	3623	5846	1457	4576	3553	3384	4299	4962	1804	5214	2423	4098	5700	2686	1905	2258	1535	3479	2294	317	4731	4152	1639	4986	5445	2938	5258	1353	2467	2090	3773	2625	2987	4208	2977	2479	1808	1185	5467	6136	2565	3396	1184	4344	5189	4855	5095	1703	3034	3452	5204	2795	2985	1373	2002	0	3736	3072	1228	4340	6183	3476	1000	5001	783	
1319	2982	2312	345	2287	3347	1471	1213	2361	2179	3210	370	2178	2853	1892	3209	366	1637	1985	2180	1579	1429	542	2221	1177	2098	2381	2215	989	2378	3988	2202	416	3634	2636	2549	913	1975	2388	1465	1833	1166	1159	847	1200	1848	1868	1993	2601	1769	2558	1175	944	2897	844	2449	1882	1876	2337	2042	656	1677	2226	1121	2970	1941	3736	0	1394	2906	1375	3239	617	2927	2071	3020	
458	1698	1427	1179	3656	3195	2013	803	2703	1120	2496	1617	2965	2763	1516	1847	1292	1230	3363	1269	2342	806	1380	2691	1559	2121	1115	1640	2065	1099	3375	3510	1705	3594	2041	3931	1485	3368	1927	692	999	724	1393	1448	1176	454	647	1812	1900	2660	3161	1211	495	2661	1500	3809	3256	3271	1386	652	1743	2250	838	1831	1933	1977	3072	1394	0	2697	1285	4632	791	2580	3445	2288	
2253	2507	1545	2588	3957	499	1636	3381	5149	1902	1087	2703	5082	240	4180	3803	2540	3881	3824	1647	4473	1902	3363	5056	1742	828	2325	1110	2420	2360	1325	3545	3299	918	4736	4277	2012	4163	810	2005	1748	3290	1748	2073	3666	2790	2281	943	1095	4674	5441	1773	2858	60	3646	4010	3721	3993	1654	2924	2475	4525	2776	1953	1791	973	1228	2906	2697	0	3827	5004	2826	285	3854	1093	
1630	2878	2705	1480	3443	4316	2711	482	1419	2405	3766	1745	1789	3846	523	2459	1598	339	3126	2546	1227	1956	896	1420	2309	3123	2345	2857	2362	2322	4637	3466	1349	4675	1272	3645	2101	2940	3121	1886	2251	567	2204	2037	181	1545	1924	2890	3158	1579	1905	2101	972	3801	704	3621	3042	2906	2670	1629	2019	1045	1916	2401	3211	2964	4340	1375	1285	3827	0	4234	1047	3758	3219	3559	
4484	6120	5239	3474	1071	5212	3487	4322	4189	5239	5811	3043	3347	4815	4710	6440	3381	4570	1300	5151	3348	4466	3432	3938	3673	4283	5536	4935	2829	5541	6326	1459	2994	5234	5408	749	3504	1300	4950	4552	4840	4307	3811	3490	4121	5086	5039	4454	5321	3107	3820	3972	4178	5033	3535	994	1413	1367	5305	5281	3022	3647	5455	3306	5912	4204	6183	3239	4632	5004	4234	0	3855	5189	1234	5675	
829	2442	1921	504	2903	3304	1675	711	2325	1715	2919	902	2376	2825	1503	2591	634	1211	2602	1772	1742	1057	653	2245	1263	2089	1843	1946	1454	1835	3754	2799	917	3647	2206	3167	1067	2582	2177	1040	1433	638	1158	1006	871	1242	1333	1883	2298	2018	2664	1067	327	2805	868	3063	2499	2489	1921	1430	1105	1732	1629	1386	2537	1928	3476	617	791	2826	1047	3855	0	2787	2687	2716	
2151	2252	1336	2597	4132	683	1758	3299	5110	1704	803	2757	5093	522	4083	3577	2563	3788	3983	1454	4474	1808	3356	5030	1794	931	2110	948	2533	2147	1147	3734	3332	1127	4609	4455	2060	4299	653	1897	1600	3208	1772	2117	3604	2631	2116	934	855	4693	5432	1764	2786	226	3629	4194	3877	4132	1440	2751	2550	4507	2584	2049	1521	1051	1000	2927	2580	285	3758	5189	2787	0	4018	810	
3268	4892	4006	2272	225	4111	2283	3225	3504	4007	4605	1835	2793	3682	3726	5278	2171	3543	93	3917	2576	3236	2353	3267	2443	3096	4312	3709	1597	4318	5163	514	1895	4191	4460	493	2270	557	3737	3325	3607	3197	2577	2256	3081	3897	3820	3242	4098	2441	3299	2738	3014	3878	2517	403	189	433	4071	4097	1791	2855	4255	2079	4680	3006	5001	2071	3445	3854	3219	1234	2687	4018	0	4461	
1940	1515	865	2674	4604	1438	2188	3078	4967	1216	207	2945	5092	1322	3794	2909	2680	3516	4412	1022	4458	1659	3349	4926	2053	1439	1522	808	2887	1559	1090	4249	3436	1876	4217	4927	2284	4661	724	1693	1311	2992	1962	2324	3429	2204	1701	1221	421	4722	5368	1870	2621	1033	3584	4691	4302	4506	926	2273	2807	4437	2049	2391	748	1484	783	3020	2288	1093	3559	5675	2716	810	4461	0	


0	 CF146BH 	 0 	 0 	 540  	 1080  	 0  	 0 

1	 CF147TS 	 1 	 10 	 720  	 960  	 9  	 4 
2	 CF146NS 	 1 	 4 	 540  	 780  	 10  	 5 
3	 CF141EF 	 1 	 8 	 540  	 780  	 10  	 5 
4	 CF244NF 	 1 	 6 	 660  	 900  	 7  	 3 
5	 CF145AS 	 0 	 24 	 660  	 900  	 9  	 4 
6	 CF144ND	 1 	 8 	 660  	 900  	 7  	 3 
7	 CF141NE 	 1 	 8 	 720  	 960  	 5  	 2 
8	 CF52LJ 	 1 	 1 	 540  	 780  	 8  	 4 
9	 CF146HZ 	 1 	 2 	 600  	 840  	 8  	 4 
10	 CF149AJ 	 1 	 5 	 540  	 780  	 9  	 4 
11	 CF141HW 1 	 10 	 540  	 780  	 9  	 4 
12	 CF51DR 	 1 	 1 	 720  	 960  	 6  	 3 
13	 CF145LU 	 1 	 2 	 660  	 900  	 9  	 4 
14	 CF52QF 	 1 	 10 	 660  	 900  	 8  	 4 
15	 CF147HY 	 1 	 8 	 600  	 840  	 8  	 4 
16	 CF141BZ 	 1 	 7 	 600  	 840  	 7  	 3 
17	 CF142FL 	 1 	 8 	 540  	 780  	 5  	 2 
18	 CF244LG 	 1 	 9 	 600  	 840  	 10  	 5 
19	 CF146JR 	 0 	 7 	 720  	 960  	 5  	 2 
20	 CF52ES 	 1 	 7 	 720  	 960  	 10  	 5 
21	 CF146DB 	 0 	 25 	 660  	 900  	 10  	 5 
22	 CF142PZ 	 1 	 10 	 720  	 960  	 7  	 3 
23	 CF52HB 	 1 	 5 	 660  	 900  	 9  	 4 
24	 CF144PN	 1 	 8 	 660  	 900  	 7  	 3 
25	 CF145DU	 1 	 3 	 540  	 780  	 8  	 4 
26	 CF146HU	 0 	 4 	 540  	 780  	 6  	 3 
27	 CF146PA 	 1 	 9 	 540  	 780  	 6  	 3 
28	 CF144DH	 0 	 6 	 720  	 960  	 5  	 2 
29	 CF146HR 	 1 	 2 	 720  	 960  	 8  	 4 
30	 CF149HZ 	 0 	 18 	 660  	 900  	 8  	 4 
31	 CF244QU	 1 	 5 	 600  	 840  	 10  	 5 
32	 CF142RZ 	 0 	 23 	 720  	 960  	 9  	 4 
33	 CF140SE 	 1 	 1 	 540  	 780  	 7  	 3 
34	 CF52TD 	 1 	 4 	 600  	 840  	 7  	 3 
35	 CF244ED 	 1 	 7 	 720  	 960  	 6  	 3 
36	 CF144QH	 1 	 6 	 660  	 900  	 6  	 3 
37	 CF103EZ 	 1 	 8 	 600  	 840  	 5  	 2 
38	 CF145EN 	 1 	 4 	 720  	 960  	 9  	 4 
39	 CF146DG	 1 	 10 	 720  	 960  	 5  	 2 
40	 CF146LQ 	 1 	 3 	 720  	 960  	 8  	 4 
41	 CF141PE 	 1 	 6 	 600  	 840  	 10  	 5 
42	 CF144QE 	 1 	 5 	 720  	 960  	 10  	 5 
43	 CF144QB	 1 	 4 	 660  	 900  	 9  	 4 
44	 CF142LL 	 1 	 2 	 600  	 840  	 8  	 4 
45	 CF147AF 	 1 	 8 	 720  	 960  	 9  	 4 
46	 CF146ER 	 1 	 9 	 600  	 840  	 8  	 4 
47	 CF145FD 	 1 	 8 	 540  	 780  	 10  	 5 
48	 CF146RG 	 1 	 8 	 660  	 900  	 6  	 3 
49	 CF52BG 	 1 	 8 	 720  	 960  	 9  	 4 
50	 CF52BX 	 1 	 3 	 720  	 960  	 8  	 4 
51	 CF144PQ	 1 	 2 	 660  	 900  	 9  	 4 
52	 CF141DJ 	 1 	 4 	 540  	 780  	 9  	 4 
53	 CF145YN	 1 	 7 	 660  	 900  	 10  	 5 
54	 CF142PD 	 1 	 2 	 540  	 780  	 7  	 3 
55	 CF244NX	 1 	 6 	 720  	 960  	 5  	 2 
56	 CF244JZ 	 1 	 5 	 660  	 900  	 6  	 3 
57	 CF244HF 	 1 	 6 	 600  	 840  	 6  	 3 
58	 CF146JW 	 1 	 10 	 600  	 840  	 7  	 3 
59	 CF147AX 	 1 	 3 	 660  	 900  	 9  	 4 
60	 CF144AR 	 0 	 19 	 660  	 900  	 10  	 5 
61	 CF52LP 	 1 	 1 	 600  	 840  	 6  	 3 
62	 CF147DA	 1 	 3 	 600  	 840  	 6  	 3 
63	 CF144BP 	 1 	 8 	 540  	 780  	 5  	 2 
64	 CF146SP 	 1 	 3 	 540  	 780  	 10  	 5 
65	 CF148NJ 	 1 	 7 	 720  	 960  	 8  	 4 
66	 CF149HS 	 1 	 7 	 720  	 960  	 8  	 4 
67	 CF141JX 	 1 	 9 	 540  	 780  	 9  	 4 
68	 CF141AS 	 1 	 6 	 720  	 960  	 5  	 2 
69	 CF145DD	 1 	 5 	 600  	 840  	 10  	 5 
70	 CF142LY 	 0 	 16 	 540  	 780  	 5  	 2 
71	 CF244BF 	 1 	 2 	 600  	 840  	 8  	 4 
72	 CF141JE 	 1 	 8 	 720  	 960  	 8  	 4 
73	 CF145BT 	 0 	 1 	 660  	 900  	 7  	 3 
74	 CF244HW 1 	 5 	 540  	 780  	 9  	 4 
75	 CF145HP 	 1 	 3 	 540  	 780  	 6  	 3 
