75

1200
32
10
500

0	4991	3448	1020	1777	3698	1009	3069	1574	4158	1577	3279	1391	2883	2986	4945	2114	277	3508	4360	547	5192	4518	1228	937	5205	1541	2959	543	3222	1802	2764	2669	2604	5157	1257	608	1373	793	2256	2441	2393	3329	1738	3484	1215	2803	1599	2837	1773	1596	2215	2446	2870	2828	1564	3614	2541	1995	1983	2141	1506	3792	902	2124	1127	4539	1937	1713	2077	2100	1300	2570	1000	3240	2877	
4991	0	1609	4301	4307	1402	4009	3555	4936	3060	3881	3275	4691	3494	2054	89	2976	4835	4138	710	4490	658	867	4646	4293	371	3943	3263	5213	2927	4997	3954	4205	2476	377	3733	4532	4370	5390	2884	3158	3449	2162	4078	4565	4073	2248	4393	2766	5211	3761	2776	2884	3354	4198	5302	1681	3135	3015	3303	4383	3523	3768	4095	4151	3941	453	4196	3315	2917	3918	5185	2548	4082	3580	2629	
3448	1609	0	2699	3107	256	2510	2840	3670	2928	2272	2672	3390	2697	859	1585	1376	3270	3548	1150	2980	2005	1491	3037	2697	1898	2639	2501	3731	2299	3406	3095	2729	871	1865	2204	3049	2761	3794	1599	1596	1902	1522	2856	3905	2468	1006	3144	1879	3615	2152	1265	1290	2550	2754	4006	445	2140	1561	1694	3293	2059	3347	2546	3059	2361	1189	3043	1741	1382	2349	3576	939	2501	2939	1735	
1020	4301	2699	0	2205	2931	937	3199	2284	4119	566	3320	2016	2992	2451	4269	1325	750	3787	3740	936	4605	3969	506	117	4562	1746	2990	1528	3150	1160	3031	1700	1828	4521	869	1110	441	1099	1934	1459	1379	2999	2052	3879	236	2301	2071	2661	1260	615	1617	1534	2929	1856	2403	2777	2479	1537	1060	2588	1226	3952	620	2480	461	3864	2314	1026	1458	1088	982	1766	367	3374	2647	
1777	4307	3107	2205	0	3352	1291	1390	653	2559	2496	1665	508	1244	2321	4237	2279	1899	1735	3600	1367	4287	3604	2670	2090	4406	550	1398	1521	1748	3334	1008	3779	2544	4348	1524	1217	2642	2567	1508	2983	3123	2218	254	1719	2217	2136	185	1598	3383	2407	1975	2762	1289	3920	1032	3457	1214	1646	2487	385	1322	2056	1595	358	1867	3872	178	1933	1951	3098	2967	2586	1876	1544	1712	
3698	1402	256	2931	3352	0	2765	3028	3921	3034	2486	2843	3642	2895	1072	1387	1612	3516	3727	1030	3234	1851	1404	3253	2934	1713	2890	2692	3986	2467	3596	3305	2855	1108	1685	2457	3304	2973	4028	1843	1762	2060	1667	3102	4096	2698	1234	3393	2076	3809	2371	1521	1482	2747	2867	4259	379	2356	1817	1909	3529	2315	3501	2796	3294	2604	1007	3284	1988	1636	2521	3790	1166	2743	3119	1930	
1009	4009	2510	937	1291	2765	0	2289	1501	3279	1215	2439	1204	2086	1984	3960	1280	934	2855	3364	482	4188	3511	1430	828	4210	810	2109	1221	2316	2093	2097	2499	1715	4161	338	541	1363	1625	1251	1836	1913	2333	1119	2943	926	1798	1177	1878	2174	1141	1249	1711	2037	2644	1721	2733	1629	997	1325	1668	498	3040	317	1547	579	3556	1385	860	1130	1823	1819	1707	588	2465	1900	
3069	3555	2840	3199	1390	3028	2289	0	1971	1179	3284	328	1896	208	1988	3472	2664	3126	724	2864	2572	3350	2727	3704	3099	3548	1537	339	2895	628	4355	479	4476	2668	3487	2347	2465	3588	3828	1557	3424	3663	1428	1342	1068	3120	1880	1570	964	4455	3158	2187	3101	317	4590	2329	3273	825	1961	3031	1180	2004	753	2597	1044	2762	3183	1212	2503	2266	3812	4107	2755	2832	176	1105	
1574	4936	3670	2284	653	3921	1501	1971	0	3150	2692	2270	303	1852	2922	4869	2690	1777	2166	4233	1352	4935	4250	2680	2168	5047	1031	2027	1153	2387	3319	1531	3960	3028	4990	1811	1177	2722	2348	2090	3325	3414	2868	860	2027	2362	2732	543	2249	3323	2633	2471	3159	1915	4111	379	3991	1866	2143	2814	799	1723	2562	1744	938	2056	4496	806	2298	2416	3299	2864	3054	2020	2107	2360	
4158	3060	2928	4119	2559	3034	3279	1179	3150	0	4079	896	3067	1316	2224	2971	3279	4179	1319	2477	3634	2665	2196	4622	4034	2937	2619	1201	4039	969	5241	1636	5138	3103	2878	3251	3550	4459	4884	2233	3984	4268	1438	2481	1752	3995	2218	2735	1478	5372	3941	2780	3625	1297	5226	3506	3368	1651	2670	3699	2357	2894	830	3562	2220	3660	2799	2382	3254	2907	4524	5078	3209	3756	1051	1531	
1577	3881	2272	566	2496	2486	1215	3284	2692	4079	0	3351	2404	3076	2179	3856	953	1313	3931	3369	1395	4239	3636	766	640	4164	1978	3030	2065	3125	1213	3197	1285	1419	4128	986	1559	490	1611	1845	901	816	2829	2301	4081	366	2059	2391	2601	1393	141	1371	1027	2988	1429	2861	2291	2498	1410	578	2864	1290	4027	948	2718	639	3457	2573	826	1218	609	1304	1336	679	3455	2556	
3279	3275	2672	3320	1665	2843	2439	328	2270	896	3351	0	2174	422	1841	3191	2655	3314	893	2596	2764	3043	2435	3826	3226	3252	1737	330	3144	377	4465	806	4499	2597	3191	2454	2671	3689	4019	1548	3405	3661	1196	1585	1298	3220	1760	1840	852	4579	3220	2162	3066	409	4604	2634	3113	853	1976	3046	1489	2101	715	2736	1334	2870	2918	1489	2545	2261	3850	4255	2692	2953	305	972	
1391	4691	3390	2016	508	3642	1204	1896	303	3067	2404	2174	0	1752	2660	4626	2388	1563	2191	3992	1095	4716	4028	2433	1900	4815	756	1903	1050	2246	3082	1496	3678	2732	4759	1510	923	2456	2181	1824	3023	3116	2660	648	2112	2081	2469	340	2051	3100	2340	2178	2856	1794	3827	618	3702	1673	1852	2513	791	1422	2544	1457	855	1766	4247	685	1996	2119	3012	2653	2755	1736	2047	2152	
2883	3494	2697	2992	1244	2895	2086	208	1852	1316	3076	422	1752	0	1840	3414	2465	2933	908	2795	2380	3327	2686	3498	2894	3509	1346	232	2729	599	4148	463	4271	2485	3448	2139	2277	3381	3636	1362	3227	3462	1342	1171	1212	2913	1721	1419	819	4250	2951	1993	2907	149	4386	2219	3125	631	1759	2827	1079	1796	960	2392	914	2555	3108	1068	2297	2067	3606	3904	2570	2626	382	965	
2986	2054	859	2451	2321	1072	1984	1988	2922	2224	2179	1841	2660	1840	0	1997	1237	2862	2703	1384	2464	2207	1539	2886	2413	2230	1906	1649	3168	1478	3390	2237	3010	911	2180	1742	2492	2647	3482	838	1823	2127	789	2077	3050	2250	194	2382	1024	3570	2039	835	1458	1693	3077	3277	1286	1285	991	1664	2470	1488	2536	2115	2234	2027	1602	2237	1426	994	2470	3416	1021	2163	2096	883	
4945	89	1585	4269	4237	1387	3960	3472	4869	2971	3856	3191	4626	3414	1997	0	2945	4793	4052	638	4441	599	778	4621	4259	342	3880	3183	5160	2844	4982	3874	4208	2446	335	3688	4481	4346	5355	2824	3147	3441	2084	4010	4480	4042	2190	4326	2691	5195	3735	2732	2867	3274	4204	5236	1680	3061	2964	3279	4309	3472	3680	4051	4078	3903	407	4125	3277	2875	3907	5160	2521	4044	3496	2555	
2114	2976	1376	1325	2279	1612	1280	2664	2690	3279	953	2655	2388	2465	1237	2945	0	1914	3368	2429	1703	3298	2685	1695	1322	3241	1732	2363	2466	2370	2158	2702	1860	505	3201	942	1808	1436	2418	1111	763	1005	1938	2035	3603	1097	1138	2241	1832	2345	818	500	484	2349	1955	2962	1500	1839	714	432	2584	971	3365	1226	2384	998	2540	2290	421	398	1257	2235	457	1136	2820	1753	
277	4835	3270	750	1899	3516	934	3126	1777	4179	1313	3314	1563	2933	2862	4793	1914	0	3611	4222	554	5067	4401	959	676	5063	1589	2989	815	3226	1556	2856	2392	2412	5017	1121	683	1096	706	2178	2190	2128	3264	1825	3617	956	2686	1729	2808	1547	1341	2064	2216	2906	2551	1804	3411	2538	1876	1747	2275	1414	3864	748	2232	916	4386	2047	1529	1918	1825	1090	2371	780	3300	2834	
3508	4138	3548	3787	1735	3727	2855	724	2166	1319	3931	893	2191	908	2703	4052	3368	3611	0	3472	3062	3855	3284	4285	3681	4087	2055	1059	3239	1268	4946	760	5154	3390	4027	2965	2929	4197	4294	2269	4131	4359	2088	1786	443	3736	2602	1918	1683	5027	3812	2900	3814	1038	5273	2466	3985	1538	2658	3720	1400	2641	502	3171	1384	3373	3797	1571	3179	2971	4482	4646	3477	3426	609	1820	
4360	710	1150	3740	3600	1030	3364	2864	4233	2477	3369	2596	3992	2795	1384	638	2429	4222	3472	0	3846	870	401	4123	3720	846	3248	2565	4552	2239	4536	3253	3874	1951	797	3107	3876	3858	4811	2199	2744	3052	1457	3374	3892	3520	1575	3690	2057	4739	3240	2160	2428	2653	3891	4601	1394	2425	2368	2799	3673	2871	3129	3476	3441	3351	327	3487	2727	2310	3494	4663	2039	3491	2900	1920	
547	4490	2980	936	1367	3234	482	2572	1352	3634	1395	2764	1095	2380	2464	4441	1703	554	3062	3846	0	4668	3989	1338	821	4691	1035	2440	763	2688	1991	2305	2628	2165	4642	779	175	1371	1257	1714	2161	2179	2784	1275	3084	1041	2278	1206	2292	2023	1366	1725	2095	2355	2782	1473	3185	2003	1479	1663	1749	977	3309	495	1689	802	4037	1507	1283	1599	1987	1600	2147	720	2746	2330	
5192	658	2005	4605	4287	1851	4188	3350	4935	2665	4239	3043	4716	3327	2207	599	3298	5067	3855	870	4668	0	690	4993	4581	332	3994	3097	5353	2732	5403	3789	4705	2820	294	3947	4686	4728	5668	2981	3599	3903	2071	4078	4294	4386	2390	4398	2694	5608	4110	3011	3291	3199	4713	5310	2186	3078	3198	3668	4306	3691	3437	4319	4083	4208	858	4156	3587	3165	4353	5532	2908	4347	3343	2575	
4518	867	1491	3969	3604	1404	3511	2727	4250	2196	3636	2435	4028	2686	1539	778	2685	4401	3284	401	3989	690	0	4377	3939	823	3304	2454	4667	2101	4823	3149	4219	2231	763	3280	4003	4121	5017	2295	3068	3380	1394	3392	3716	3757	1716	3711	2017	5020	3502	2360	2737	2552	4245	4625	1777	2399	2527	3076	3635	3014	2903	3654	3410	3559	655	3476	2945	2517	3806	4915	2328	3696	2739	1894	
1228	4646	3037	506	2670	3253	1430	3704	2680	4622	766	3826	2433	3498	2886	4621	1695	959	4285	4123	1338	4993	4377	0	605	4926	2236	3497	1771	3654	665	3527	1471	2178	4889	1374	1510	287	935	2424	1614	1438	3475	2533	4363	646	2748	2525	3159	753	886	2056	1788	3435	1630	2749	3053	2984	2014	1344	3055	1731	4457	1114	2961	962	4220	2789	1469	1897	1014	540	2099	874	3880	3140	
937	4293	2697	117	2090	2934	828	3099	2168	4034	640	3226	1900	2894	2413	4259	1322	676	3681	3720	821	4581	3939	605	0	4546	1636	2897	1432	3065	1265	2924	1810	1827	4505	784	996	558	1097	1864	1516	1456	2938	1939	3768	281	2257	1955	2582	1356	667	1580	1565	2833	1966	2291	2794	2390	1479	1091	2474	1141	3853	511	2368	394	3852	2200	995	1422	1189	1051	1770	278	3275	2573	
5205	371	1898	4562	4406	1713	4210	3548	5047	2937	4164	3252	4815	3509	2230	342	3241	5063	4087	846	4691	332	823	4926	4546	0	4078	3278	5397	2923	5303	3972	4546	2748	61	3950	4722	4654	5641	3039	3475	3772	2210	4187	4523	4337	2420	4506	2830	5513	4041	2999	3186	3375	4544	5419	2017	3209	3213	3588	4451	3717	3687	4318	4224	4184	710	4284	3558	3147	4234	5466	2828	4324	3555	2702	
1541	3943	2639	1746	550	2890	810	1537	1031	2619	1978	1737	756	1346	1906	3880	1732	1589	2055	3248	1035	3994	3304	2236	1636	4078	0	1419	1459	1699	2900	1295	3256	2019	4023	994	934	2171	2291	1068	2433	2578	1965	325	2133	1725	1713	520	1387	2973	1881	1454	2214	1328	3393	1374	2964	1040	1124	1939	892	772	2277	1126	743	1365	3497	597	1384	1416	2573	2593	2055	1395	1711	1465	
2959	3263	2501	2990	1398	2692	2109	339	2027	1201	3030	330	1903	232	1649	3183	2363	2989	1059	2565	2440	3097	2454	3497	2897	3278	1419	0	2844	376	4137	694	4195	2341	3217	2126	2351	3362	3694	1252	3119	3367	1114	1290	1405	2893	1543	1564	626	4250	2901	1877	2788	113	4303	2400	2934	534	1671	2743	1276	1773	1005	2406	1091	2542	2879	1227	2231	1966	3539	3925	2432	2623	465	766	
543	5213	3731	1528	1521	3986	1221	2895	1153	4039	2065	3144	1050	2729	3168	5160	2466	815	3239	4552	763	5353	4667	1771	1432	5397	1459	2844	0	3150	2337	2528	3203	2927	5346	1539	683	1906	1226	2372	2890	2875	3390	1559	3155	1699	2977	1336	2839	2295	2063	2469	2849	2743	3362	1063	3946	2499	2201	2406	1840	1691	3577	1248	1879	1534	4760	1696	2046	2351	2616	1813	2910	1429	3056	2904	
3222	2927	2299	3150	1748	2467	2316	628	2387	969	3125	377	2246	599	1478	2844	2370	3226	1268	2239	2688	2732	2101	3654	3065	2923	1699	376	3150	0	4276	1058	4227	2268	2863	2282	2617	3495	3930	1286	3105	3373	821	1616	1666	3029	1410	1906	539	4404	2990	1871	2757	487	4325	2763	2742	688	1723	2777	1650	1925	1059	2595	1457	2692	2558	1583	2305	1983	3594	4109	2367	2787	669	633	
1802	4997	3406	1160	3334	3596	2093	4355	3319	5241	1213	4465	3082	4148	3390	4982	2158	1556	4946	4536	1991	5403	4823	665	1265	5303	2900	4137	2337	4276	0	4189	1215	2592	5271	2012	2160	782	1257	3019	1848	1585	4035	3198	5028	1247	3272	3187	3768	229	1354	2583	2117	4081	1355	3359	3342	3618	2594	1748	3719	2365	5108	1776	3626	1596	4593	3454	2020	2428	1101	588	2498	1524	4530	3737	
2764	3954	3095	3031	1008	3305	2097	479	1531	1636	3197	806	1496	463	2237	3874	2702	2856	760	3253	2305	3789	3149	3527	2924	3972	1295	694	2528	1058	4189	0	4440	2794	3911	2221	2177	3446	3544	1644	3463	3672	1797	1031	902	2987	2098	1193	1239	4268	3082	2264	3168	600	4564	1876	3512	961	1989	3026	732	1909	1049	2413	650	2624	3563	835	2472	2312	3761	3886	2869	2672	585	1387	
2669	4205	2729	1700	3779	2855	2499	4476	3960	5138	1285	4499	3678	4271	3010	4208	1860	2392	5154	3874	2628	4705	4219	1471	1810	4546	3256	4195	3203	4227	1215	4440	0	2102	4524	2262	2800	1297	2360	2952	1189	882	3768	3581	5334	1598	2955	3675	3689	1430	1375	2360	1552	4168	160	4101	2528	3662	2524	1453	4146	2536	5200	2221	3993	1921	3854	3852	1976	2244	683	1747	1992	1941	4641	3613	
2604	2476	871	1828	2544	1108	1715	2668	3028	3103	1419	2597	2732	2485	911	2446	505	2412	3390	1951	2165	2820	2231	2178	1827	2748	2019	2341	2927	2268	2592	2794	2102	0	2711	1388	2254	1909	2923	1150	913	1221	1688	2291	3676	1598	885	2539	1746	2792	1293	569	549	2352	2166	3330	1020	1858	898	848	2804	1321	3311	1706	2585	1498	2043	2522	891	614	1595	2718	110	1637	2806	1635	
5157	377	1865	4521	4348	1685	4161	3487	4990	2878	4128	3191	4759	3448	2180	335	3201	5017	4027	797	4642	294	763	4889	4505	61	4023	3217	5346	2863	5271	3911	4524	2711	0	3903	4672	4618	5598	2986	3446	3745	2151	4130	4462	4297	2370	4449	2771	5481	4003	2953	3154	3315	4524	5362	1996	3151	3165	3552	4392	3667	3627	4271	4165	4140	679	4226	3515	3102	4205	5429	2792	4280	3494	2644	
1257	3733	2204	869	1524	2457	338	2347	1811	3251	986	2454	1510	2139	1742	3688	942	1121	2965	3107	779	3947	3280	1374	784	3950	994	2126	1539	2282	2012	2221	2262	1388	3903	0	868	1241	1762	1096	1514	1614	2182	1319	3098	774	1566	1437	1799	2127	887	958	1375	2068	2400	2049	2408	1611	756	1003	1885	357	3099	374	1733	416	3282	1590	522	824	1579	1833	1375	506	2521	1795	
608	4532	3049	1110	1217	3304	541	2465	1177	3550	1559	2671	923	2277	2492	4481	1808	683	2929	3876	175	4686	4003	1510	996	4722	934	2351	683	2617	2160	2177	2800	2254	4672	868	0	1546	1369	1713	2303	2334	2762	1146	2936	1209	2302	1051	2246	2186	1524	1786	2218	2262	2954	1303	3273	1938	1519	1800	1596	1009	3194	636	1549	951	4079	1364	1386	1670	2156	1754	2243	882	2637	2294	
1373	4370	2761	441	2642	2973	1363	3588	2722	4459	490	3689	2456	3381	2647	4346	1436	1096	4197	3858	1371	4728	4121	287	558	4654	2171	3362	1906	3495	782	3446	1297	1909	4618	1241	1546	0	1202	2239	1328	1160	3265	2482	4304	469	2518	2510	2986	932	619	1825	1504	3308	1456	2828	2768	2839	1816	1067	3024	1589	4340	1049	2909	827	3947	2746	1249	1667	761	816	1826	776	3763	2956	
793	5390	3794	1099	2567	4028	1625	3828	2348	4884	1611	4019	2181	3636	3482	5355	2418	706	4294	4811	1257	5668	5017	935	1097	5641	2291	3694	1226	3930	1257	3544	2360	2923	5598	1762	1369	1202	0	2849	2506	2360	3938	2514	4276	1334	3316	2390	3503	1149	1694	2658	2623	3611	2516	2289	3875	3242	2513	2153	2933	2085	4562	1393	2911	1460	4949	2724	2084	2504	1950	672	2863	1322	4002	3523	
2256	2884	1599	1934	1508	1843	1251	1557	2090	2233	1845	1548	1824	1362	838	2824	1111	2178	2269	2199	1714	2981	2295	2424	1864	3039	1068	1252	2372	1286	3019	1644	2952	1150	2986	1096	1713	2239	2849	0	1868	2115	1089	1258	2533	1783	645	1555	756	3163	1708	631	1546	1241	3056	2441	1963	732	437	1498	1706	765	2255	1457	1476	1473	2435	1446	1021	714	2309	2914	1225	1589	1711	718	
2441	3158	1596	1459	2983	1762	1836	3424	3325	3984	901	3405	3023	3227	1823	3147	763	2190	4131	2744	2161	3599	3068	1614	1516	3475	2433	3119	2890	3105	1848	3463	1189	913	3446	1514	2303	1328	2506	1868	0	314	2590	2749	4365	1236	1779	2923	2568	2069	849	1243	365	3109	1254	3557	1494	2599	1476	511	3309	1661	4117	1668	3119	1361	2768	3012	1049	1160	760	2122	803	1462	3579	2477	
2393	3449	1902	1379	3123	2060	1913	3663	3414	4268	816	3661	3116	3462	2127	3441	1005	2128	4359	3052	2179	3903	3380	1438	1456	3772	2578	3367	2875	3373	1585	3672	882	1221	3745	1614	2334	1160	2360	2115	314	0	2887	2900	4574	1179	2075	3048	2835	1811	815	1502	672	3350	959	3619	1774	2840	1703	649	3466	1815	4369	1700	3289	1383	3066	3168	1210	1401	485	1915	1111	1460	3822	2751	
3329	2162	1522	2999	2218	1667	2333	1428	2868	1438	2829	1196	2660	1342	789	2084	1938	3264	2088	1457	2784	2071	1394	3475	2938	2210	1965	1114	3390	821	4035	1797	3768	1688	2151	2182	2762	3265	3938	1089	2590	2887	0	2016	2484	2828	812	2334	623	4197	2687	1462	2226	1198	3843	3245	1967	1006	1462	2370	2242	1853	1835	2546	2016	2544	1766	2085	2017	1611	3194	3981	1796	2666	1489	508	
1738	4078	2856	2052	254	3102	1119	1342	860	2481	2301	1585	648	1171	2077	4010	2035	1825	1786	3374	1275	4078	3392	2533	1939	4187	325	1290	1559	1616	3198	1031	3581	2291	4130	1319	1146	2482	2514	1258	2749	2900	2016	0	1830	2042	1891	319	1404	3261	2206	1722	2519	1187	3718	1233	3204	1025	1394	2259	567	1089	2054	1433	429	1684	3640	271	1701	1701	2898	2865	2335	1707	1509	1508	
3484	4565	3905	3879	1719	4096	2943	1068	2027	1752	4081	1298	2112	1212	3050	4480	3603	3617	443	3892	3084	4294	3716	4363	3768	4523	2133	1405	3155	1666	5028	902	5334	3676	4462	3098	2936	4304	4276	2533	4365	4574	2484	1830	0	3853	2933	1889	2026	5090	3971	3158	4066	1358	5461	2280	4336	1821	2890	3927	1344	2799	923	3259	1403	3491	4215	1579	3372	3211	4654	4683	3756	3528	997	2170	
1215	4073	2468	236	2217	2698	926	3120	2362	3995	366	3220	2081	2913	2250	4042	1097	956	3736	3520	1041	4386	3757	646	281	4337	1725	2893	1699	3029	1247	2987	1598	1598	4297	774	1209	469	1334	1783	1236	1179	2828	2042	3853	0	2107	2097	2525	1381	387	1417	1298	2839	1750	2513	2541	2371	1369	824	2594	1120	3872	628	2467	363	3637	2310	826	1257	947	1166	1533	346	3295	2500	
2803	2248	1006	2301	2136	1234	1798	1880	2732	2218	2059	1760	2469	1721	194	2190	1138	2686	2602	1575	2278	2390	1716	2748	2257	2420	1713	1543	2977	1410	3272	2098	2955	885	2370	1566	2302	2518	3316	645	1779	2075	812	1891	2933	2107	0	2194	919	3446	1918	693	1416	1576	3032	3086	1414	1139	811	1570	2297	1301	2467	1940	2061	1867	1797	2058	1281	852	2389	3273	992	2001	1999	789	
1599	4393	3144	2071	185	3393	1177	1570	543	2735	2391	1840	340	1419	2382	4326	2241	1729	1918	3690	1206	4398	3711	2525	1955	4506	520	1564	1336	1906	3187	1193	3675	2539	4449	1437	1051	2510	2390	1555	2923	3048	2334	319	1889	2097	2194	0	1721	3228	2310	1973	2721	1456	3819	913	3479	1340	1644	2421	546	1272	2241	1470	544	1755	3954	361	1877	1935	2997	2804	2574	1753	1727	1826	
2837	2766	1879	2661	1598	2076	1878	964	2249	1478	2601	852	2051	819	1024	2691	1832	2808	1683	2057	2292	2694	2017	3159	2582	2830	1387	626	2839	539	3768	1239	3689	1746	2771	1799	2246	2986	3503	756	2568	2835	623	1404	2026	2525	919	1721	0	3905	2464	1332	2223	671	3787	2627	2310	384	1193	2239	1622	1445	1566	2134	1394	2199	2354	1462	1777	1445	3058	3632	1842	2304	1080	148	
1773	5211	3615	1260	3383	3809	2174	4455	3323	5372	1393	4579	3100	4250	3570	5195	2345	1547	5027	4739	2023	5608	5020	753	1356	5513	2973	4250	2295	4404	229	4268	1430	2792	5481	2127	2186	932	1149	3163	2069	1811	4197	3261	5090	1381	3446	3228	3905	0	1531	2754	2328	4189	1564	3338	3562	3737	2745	1944	3767	2483	5208	1861	3687	1713	4804	3511	2180	2597	1326	486	2700	1627	4631	3881	
1596	3761	2152	615	2407	2371	1141	3158	2633	3941	141	3220	2340	2951	2039	3735	818	1341	3812	3240	1366	4110	3502	886	667	4041	1881	2901	2063	2990	1354	3082	1375	1293	4003	887	1524	619	1694	1708	849	815	2687	2206	3971	387	1918	2310	2464	1531	0	1230	930	2861	1513	2818	2189	2368	1272	465	2771	1173	3899	896	2618	579	3334	2477	688	1077	692	1426	1214	646	3328	2417	
2215	2776	1265	1617	1975	1521	1249	2187	2471	2780	1371	2162	2178	1993	835	2732	500	2064	2900	2160	1725	3011	2360	2056	1580	2999	1454	1877	2469	1871	2583	2264	2360	569	2953	958	1786	1825	2658	631	1243	1502	1462	1722	3158	1417	693	1973	1332	2754	1230	0	914	1871	2455	2784	1529	1363	330	921	2237	797	2874	1320	2020	1199	2325	1953	591	160	1748	2583	621	1337	2339	1253	
2446	2884	1290	1534	2762	1482	1711	3101	3159	3625	1027	3066	2856	2907	1458	2867	484	2216	3814	2428	2095	3291	2737	1788	1565	3186	2214	2788	2849	2757	2117	3168	1552	549	3154	1375	2218	1504	2623	1546	365	672	2226	2519	4066	1298	1416	2721	2223	2328	930	914	0	2784	1619	3419	1265	2277	1181	474	3068	1449	3780	1602	2867	1324	2476	2774	862	857	1070	2319	440	1447	3251	2127	
2870	3354	2550	2929	1289	2747	2037	317	1915	1297	2988	409	1794	149	1693	3274	2349	2906	1038	2653	2355	3199	2552	3435	2833	3375	1328	113	2743	487	4081	600	4168	2352	3315	2068	2262	3308	3611	1241	3109	3350	1198	1187	1358	2839	1576	1456	671	4189	2861	1871	2784	0	4280	2288	2979	510	1649	2720	1164	1719	1039	2338	979	2485	2964	1117	2198	1951	3508	3855	2439	2562	473	817	
2828	4198	2754	1856	3920	2867	2644	4590	4111	5226	1429	4604	3827	4386	3077	4204	1955	2551	5273	3891	2782	4713	4245	1630	1966	4544	3393	4303	3362	4325	1355	4564	160	2166	4524	2400	2954	1456	2516	3056	1254	959	3843	3718	5461	1750	3032	3819	3787	1564	1513	2455	1619	4280	0	4255	2529	3772	2632	1560	4284	2665	5308	2370	4128	2067	3858	3990	2095	2345	822	1896	2056	2091	4753	3706	
1564	5302	4006	2403	1032	4259	1721	2329	379	3506	2861	2634	618	2219	3277	5236	2962	1804	2466	4601	1473	5310	4625	2749	2291	5419	1374	2400	1063	2763	3359	1876	4101	3330	5362	2049	1303	2828	2289	2441	3557	3619	3245	1233	2280	2513	3086	913	2627	3338	2818	2784	3419	2288	4255	0	4312	2244	2461	3046	1150	2011	2887	1921	1309	2239	4860	1184	2557	2716	3459	2862	3348	2182	2458	2737	
3614	1681	445	2777	3457	379	2733	3273	3991	3368	2291	3113	3702	3125	1286	1680	1500	3411	3985	1394	3185	2186	1777	3053	2794	2017	2964	2934	3946	2742	3342	3512	2528	1020	1996	2408	3273	2768	3875	1963	1494	1774	1967	3204	4336	2541	1414	3479	2310	3562	2189	1529	1265	2979	2529	4312	0	2552	1851	1725	3668	2320	3791	2721	3437	2496	1329	3407	1907	1615	2250	3582	1044	2631	3377	2168	
2541	3135	2140	2479	1214	2356	1629	825	1866	1651	2498	853	1673	631	1285	3061	1839	2538	1538	2425	2003	3078	2399	2984	2390	3209	1040	534	2499	688	3618	961	3662	1858	3151	1611	1938	2839	3242	732	2599	2840	1006	1025	1821	2371	1139	1340	384	3737	2368	1363	2277	510	3772	2244	2552	0	1140	2212	1248	1254	1539	1911	1017	2025	2715	1079	1697	1441	3005	3429	1942	2113	982	508	
1995	3015	1561	1537	1646	1817	997	1961	2143	2670	1410	1976	1852	1759	991	2964	714	1876	2658	2368	1479	3198	2527	2014	1479	3213	1124	1671	2201	1723	2594	1989	2524	898	3165	756	1519	1816	2513	437	1476	1703	1462	1394	2890	1369	811	1644	1193	2745	1272	330	1181	1649	2632	2461	1851	1140	0	1072	1916	510	2676	1130	1703	1085	2561	1630	584	325	1875	2519	942	1211	2121	1147	
1983	3303	1694	1060	2487	1909	1325	3031	2814	3699	578	3046	2513	2827	1664	3279	432	1747	3720	2799	1663	3668	3076	1344	1091	3588	1939	2743	2406	2777	1748	3026	1453	848	3552	1003	1800	1067	2153	1498	511	649	2370	2259	3927	824	1570	2421	2239	1944	465	921	474	2720	1560	3046	1725	2212	1072	0	2823	1171	3748	1168	2642	872	2880	2525	562	794	827	1882	761	986	3193	2169	
2141	4383	3293	2588	385	3529	1668	1180	799	2357	2864	1489	791	1079	2470	4309	2584	2275	1400	3673	1749	4306	3635	3055	2474	4451	892	1276	1840	1650	3719	732	4146	2804	4392	1885	1596	3024	2933	1706	3309	3466	2242	567	1344	2594	2297	546	1622	3767	2771	2237	3068	1164	4284	1150	3668	1248	1916	2823	0	1652	1769	1976	236	2241	3962	298	2264	2233	3463	3348	2857	2255	1310	1755	
1506	3523	2059	1226	1322	2315	498	2004	1723	2894	1290	2101	1422	1796	1488	3472	971	1414	2641	2871	977	3691	3014	1731	1141	3717	772	1773	1691	1925	2365	1909	2536	1321	3667	357	1009	1589	2085	765	1661	1815	1853	1089	2799	1120	1301	1272	1445	2483	1173	797	1449	1719	2665	2011	2320	1254	510	1171	1652	0	2754	696	1474	770	3070	1355	612	709	1855	2189	1337	863	2178	1447	
3792	3768	3347	3952	2056	3501	3040	753	2562	830	4027	715	2544	960	2536	3680	3365	3864	502	3129	3309	3437	2903	4457	3853	3687	2277	1005	3577	1059	5108	1049	5200	3311	3627	3099	3194	4340	4562	2255	4117	4369	1835	2054	923	3872	2467	2241	1566	5208	3899	2874	3780	1039	5308	2887	3791	1539	2676	3748	1769	2754	0	3349	1698	3515	3456	1881	3235	2968	4544	4857	3407	3585	578	1682	
902	4095	2546	620	1595	2796	317	2597	1744	3562	948	2736	1457	2392	2115	4051	1226	748	3171	3476	495	4319	3654	1114	511	4318	1126	2406	1248	2595	1776	2413	2221	1706	4271	374	636	1049	1393	1457	1668	1700	2546	1433	3259	628	1940	1470	2134	1861	896	1320	1602	2338	2370	1921	2721	1911	1130	1168	1976	696	3349	0	1861	318	3645	1697	815	1178	1555	1520	1678	283	2773	2142	
2124	4151	3059	2480	358	3294	1547	1044	938	2220	2718	1334	855	914	2234	4078	2384	2232	1384	3441	1689	4083	3410	2961	2368	4224	743	1091	1879	1457	3626	650	3993	2585	4165	1733	1549	2909	2911	1476	3119	3289	2016	429	1403	2467	2061	544	1394	3687	2618	2020	2867	979	4128	1309	3437	1017	1703	2642	236	1474	1698	1861	0	2108	3728	187	2080	2024	3309	3285	2641	2135	1193	1524	
1127	3941	2361	461	1867	2604	579	2762	2056	3660	639	2870	1766	2555	2027	3903	998	916	3373	3351	802	4208	3559	962	394	4184	1365	2542	1534	2692	1596	2624	1921	1498	4140	416	951	827	1460	1473	1361	1383	2544	1684	3491	363	1867	1755	2199	1713	579	1199	1324	2485	2067	2239	2496	2025	1085	872	2241	770	3515	318	2108	0	3496	1954	626	1043	1248	1440	1455	140	2937	2186	
4539	453	1189	3864	3872	1007	3556	3183	4496	2799	3457	2918	4247	3108	1602	407	2540	4386	3797	327	4037	858	655	4220	3852	710	3497	2879	4760	2558	4593	3563	3854	2043	679	3282	4079	3947	4949	2435	2768	3066	1766	3640	4215	3637	1797	3954	2354	4804	3334	2325	2476	2964	3858	4860	1329	2715	2561	2880	3962	3070	3456	3645	3728	3496	0	3766	2870	2468	3526	4760	2121	3636	3222	2213	
1937	4196	3043	2314	178	3284	1385	1212	806	2382	2573	1489	685	1068	2237	4125	2290	2047	1571	3487	1507	4156	3476	2789	2200	4284	597	1227	1696	1583	3454	835	3852	2522	4226	1590	1364	2746	2724	1446	3012	3168	2085	271	1579	2310	2058	361	1462	3511	2477	1953	2774	1117	3990	1184	3407	1079	1630	2525	298	1355	1881	1697	187	1954	3766	0	1966	1944	3169	3104	2572	1974	1366	1583	
1713	3315	1741	1026	1933	1988	860	2503	2298	3254	826	2545	1996	2297	1426	3277	421	1529	3179	2727	1283	3587	2945	1469	995	3558	1384	2231	2046	2305	2020	2472	1976	891	3515	522	1386	1249	2084	1021	1049	1210	2017	1701	3372	826	1281	1877	1777	2180	688	591	862	2198	2095	2557	1907	1697	584	562	2264	612	3235	815	2080	626	2870	1966	0	432	1310	1992	865	767	2670	1730	
2077	2917	1382	1458	1951	1636	1130	2266	2416	2907	1218	2261	2119	2067	994	2875	398	1918	2971	2310	1599	3165	2517	1897	1422	3147	1416	1966	2351	1983	2428	2312	2244	614	3102	824	1670	1667	2504	714	1160	1401	1611	1701	3211	1257	852	1935	1445	2597	1077	160	857	1951	2345	2716	1615	1441	325	794	2233	709	2968	1178	2024	1043	2468	1944	432	0	1617	2423	639	1182	2422	1376	
2100	3918	2349	1088	3098	2521	1823	3812	3299	4524	609	3850	3012	3606	2470	3907	1257	1825	4482	3494	1987	4353	3806	1014	1189	4234	2573	3539	2616	3594	1101	3761	683	1595	4205	1579	2156	761	1950	2309	760	485	3194	2898	4654	947	2389	2997	3058	1326	692	1748	1070	3508	822	3459	2250	3005	1875	827	3463	1855	4544	1555	3309	1248	3526	3169	1310	1617	0	1453	1491	1281	3979	2993	
1300	5185	3576	982	2967	3790	1819	4107	2864	5078	1304	4255	2653	3904	3416	5160	2235	1090	4646	4663	1600	5532	4915	540	1051	5466	2593	3925	1813	4109	588	3886	1747	2718	5429	1833	1754	816	672	2914	2122	1915	3981	2865	4683	1166	3273	2804	3632	486	1426	2583	2319	3855	1896	2862	3582	3429	2519	1882	3348	2189	4857	1520	3285	1440	4760	3104	1992	2423	1453	0	2639	1329	4283	3624	
2570	2548	939	1766	2586	1166	1707	2755	3054	3209	1336	2692	2755	2570	1021	2521	457	2371	3477	2039	2147	2908	2328	2099	1770	2828	2055	2432	2910	2367	2498	2869	1992	110	2792	1375	2243	1826	2863	1225	803	1111	1796	2335	3756	1533	992	2574	1842	2700	1214	621	440	2439	2056	3348	1044	1942	942	761	2857	1337	3407	1678	2641	1455	2121	2572	865	639	1491	2639	0	1592	2897	1734	
1000	4082	2501	367	1876	2743	588	2832	2020	3756	679	2953	1736	2626	2163	4044	1136	780	3426	3491	720	4347	3696	874	278	4324	1395	2623	1429	2787	1524	2672	1941	1637	4280	506	882	776	1322	1589	1462	1460	2666	1707	3528	346	2001	1753	2304	1627	646	1337	1447	2562	2091	2182	2631	2113	1211	986	2255	863	3585	283	2135	140	3636	1974	767	1182	1281	1329	1592	0	3008	2296	
3240	3580	2939	3374	1544	3119	2465	176	2107	1051	3455	305	2047	382	2096	3496	2820	3300	609	2900	2746	3343	2739	3880	3275	3555	1711	465	3056	669	4530	585	4641	2806	3494	2521	2637	3763	4002	1711	3579	3822	1489	1509	997	3295	1999	1727	1080	4631	3328	2339	3251	473	4753	2458	3377	982	2121	3193	1310	2178	578	2773	1193	2937	3222	1366	2670	2422	3979	4283	2897	3008	0	1214	
2877	2629	1735	2647	1712	1930	1900	1105	2360	1531	2556	972	2152	965	883	2555	1753	2834	1820	1920	2330	2575	1894	3140	2573	2702	1465	766	2904	633	3737	1387	3613	1635	2644	1795	2294	2956	3523	718	2477	2751	508	1508	2170	2500	789	1826	148	3881	2417	1253	2127	817	3706	2737	2168	508	1147	2169	1755	1447	1682	2142	1524	2186	2213	1583	1730	1376	2993	3624	1734	2296	1214	0	


0	 CF146TU 	 0 	 0 	 540  	 1080  	 0  	 0 

1	 CF244EW	 1 	 1 	 720  	 960  	 5  	 2 
2	 CF144YU 	 1 	 7 	 720  	 960  	 6  	 3 
3	 CF146PH 	 1 	 3 	 660  	 900  	 6  	 3 
4	 CF142TL 	 1 	 10 	 600  	 840  	 9  	 4 
5	 CF143QY	 1 	 5 	 540  	 780  	 7  	 3 
6	 CF146DX 	 1 	 7 	 540  	 780  	 8  	 4 
7	 CF142LZ 	 1 	 10 	 600  	 840  	 5  	 2 
8	 CF147DX 	 1 	 7 	 540  	 780  	 7  	 3 
9	 CF52LU 	 1 	 3 	 540  	 780  	 7  	 3 
10	 CF145QZ	 1 	 3 	 600  	 840  	 8  	 4 
11	 CF142JB 	 1 	 10 	 660  	 900  	 5  	 2 
12	 CF147BW	 1 	 1 	 540  	 780  	 9  	 4 
13	 CF142LH 	 1 	 4 	 720  	 960  	 10  	 5 
14	 CF144AL 	 1 	 8 	 540  	 780  	 9  	 4 
15	 CF244ES 	 1 	 1 	 720  	 960  	 6  	 3 
16	 CF144PD 	 0 	 2 	 600  	 840  	 8  	 4 
17	 CF146SW	 1 	 9 	 660  	 900  	 8  	 4 
18	 CF52QS 	 1 	 4 	 600  	 840  	 6  	 3 
19	 CF244LB 	 1 	 1 	 540  	 780  	 5  	 2 
20	 CF146HP 	 1 	 6 	 660  	 900  	 6  	 3 
21	 CF103EN 	 0 	 14 	 660  	 900  	 5  	 2 
22	 CF103EX 	 0 	 16 	 600  	 840  	 8  	 4 
23	 CF145JD 	 1 	 2 	 720  	 960  	 7  	 3 
24	 CF146PL 	 1 	 1 	 660  	 900  	 5  	 2 
25	 CF244DW 1 	 4 	 540  	 780  	 8  	 4 
26	 CF147AS 	 1 	 10 	 660  	 900  	 8  	 4 
27	 CF142LJ 	 0 	 22 	 540  	 780  	 8  	 4 
28	 CF147TU 	 1 	 4 	 720  	 960  	 5  	 2 
29	 CF142PB 	 0 	 15 	 600  	 840  	 10  	 5 
30	 CF149GA	 1 	 7 	 540  	 780  	 10  	 5 
31	 CF142GA	 1 	 4 	 600  	 840  	 7  	 3 
32	 CF140RA 	 1 	 9 	 660  	 900  	 10  	 5 
33	 CF144BJ 	 1 	 1 	 660  	 900  	 10  	 5 
34	 CF244HX 	 1 	 2 	 540  	 780  	 10  	 5 
35	 CF146AN	 0 	 25 	 720  	 960  	 6  	 3 
36	 CF146HX 	 1 	 2 	 540  	 780  	 7  	 3 
37	 CF145BP 	 1 	 10 	 540  	 780  	 9  	 4 
38	 CF146AZ 	 1 	 6 	 540  	 780  	 9  	 4 
39	 CF141QQ	 1 	 1 	 660  	 900  	 6  	 3 
40	 CF145LG 	 1 	 2 	 660  	 900  	 5  	 2 
41	 CF145QA	 1 	 7 	 540  	 780  	 10  	 5 
42	 CF142SA 	 1 	 4 	 540  	 780  	 5  	 2 
43	 CF147XA 	 1 	 10 	 720  	 960  	 8  	 4 
44	 CF52QZ 	 1 	 1 	 540  	 780  	 8  	 4 
45	 CF146PF 	 1 	 9 	 540  	 780  	 10  	 5 
46	 CF144AB 	 1 	 8 	 600  	 840  	 7  	 3 
47	 CF147EZ 	 0 	 14 	 600  	 840  	 6  	 3 
48	 CF141JT 	 1 	 1 	 600  	 840  	 7  	 3 
49	 CF149HR 	 1 	 1 	 720  	 960  	 8  	 4 
50	 CF145FH 	 0 	 1 	 600  	 840  	 6  	 3 
51	 CF144QD	 1 	 5 	 720  	 960  	 9  	 4 
52	 CF144HG	 1 	 5 	 540  	 780  	 6  	 3 
53	 CF142LQ 	 1 	 6 	 540  	 780  	 5  	 2 
54	 CF140RN	 1 	 5 	 540  	 780  	 7  	 3 
55	 CF147DP 	 1 	 7 	 660  	 900  	 7  	 3 
56	 CF143PJ 	 1 	 5 	 720  	 960  	 5  	 2 
57	 CF141NX	 1 	 9 	 660  	 900  	 7  	 3 
58	 CF141UL 	 1 	 7 	 720  	 960  	 9  	 4 
59	 CF148NN	 1 	 8 	 540  	 780  	 9  	 4 
60	 CF142DG	 1 	 3 	 720  	 960  	 10  	 5 
61	 CF146DA	 0 	 14 	 540  	 780  	 8  	 4 
62	 CF52PU 	 0 	 25 	 540  	 780  	 5  	 2 
63	 CF146NW 1 	 6 	 660  	 900  	 10  	 5 
64	 CF142DB 	 1 	 7 	 540  	 780  	 6  	 3 
65	 CF146NX	 1 	 6 	 660  	 900  	 7  	 3 
66	 CF244PW	 1 	 1 	 720  	 960  	 6  	 3 
67	 CF142AT 	 1 	 6 	 540  	 780  	 8  	 4 
68	 CF144SH 	 1 	 6 	 600  	 840  	 8  	 4 
69	 CF144QE 	 1 	 10 	 540  	 780  	 5  	 2 
70	 CF145LT 	 0 	 6 	 600  	 840  	 6  	 3 
71	 CF149AE 	 1 	 6 	 540  	 780  	 10  	 5 
72	 CF144NE 	 1 	 6 	 600  	 840  	 9  	 4 
73	 CF146PB 	 0 	 9 	 600  	 840  	 7  	 3 
74	 CF142JN 	 1 	 4 	 720  	 960  	 10  	 5 
75	 CF141JU 	 1 	 8 	 660  	 900  	 8  	 4 
