75

1200
32
10
500

0	432	2717	784	3030	2911	4988	3922	3179	2536	2156	3922	3273	2445	4372	2351	2379	6219	2610	2115	2187	4035	2729	589	2182	4941	4562	3204	2001	4349	1174	4263	1406	3922	4633	2875	3922	976	4445	4694	4987	2041	3922	3773	5264	1338	4064	1957	361	5032	1873	4349	4063	2299	253	3660	3411	1054	2415	4148	2315	3958	4881	3207	3922	5242	1161	5188	3922	4010	3149	4504	3395	1459	5483	4531	
432	0	3030	905	3093	3158	5315	4243	3188	2416	2039	4243	3417	2741	4711	2693	2809	6492	3018	2544	2311	4215	3161	970	2479	5198	4829	3292	1899	4641	1295	4625	1764	4243	4971	3118	4243	651	4696	5051	5318	2465	4243	4031	5519	1256	4267	2232	630	5332	1930	4641	4207	2710	181	4015	3571	883	2605	4317	2745	4337	5242	3619	4243	5529	1394	5440	4243	4173	3364	4648	3762	1521	5749	4779	
2717	3030	0	2197	1939	621	2286	1214	2346	2798	2652	1214	1526	322	1700	442	2286	3526	2964	2266	1449	1808	2203	2138	562	2295	1899	1865	2545	1641	1916	1704	1337	1214	1958	640	1214	3064	1834	2086	2293	2402	1214	1179	2618	2437	1707	836	2406	2316	1834	1641	2043	2755	2908	1088	1490	2704	1020	1963	2286	1550	2295	1493	1214	2537	1667	2551	1214	1889	963	2403	960	1941	2806	1927	
784	905	2197	0	2247	2265	4478	3407	2398	1836	1466	3407	2521	1891	3895	1911	2564	5605	2965	2333	1421	3311	2834	621	1635	4305	3941	2427	1302	3772	398	3854	1079	3407	4154	2224	3406	890	3801	4264	4488	2315	3406	3140	4624	675	3361	1371	441	4467	1089	3772	3313	2647	846	3234	2671	626	1700	3415	2510	3606	4464	3023	3407	4652	530	4544	3407	3272	2460	3754	3011	676	4860	3883	
3030	3093	1939	2247	0	1388	3458	2601	412	1310	1436	2601	672	1745	3112	2136	3909	4041	4527	3790	897	1460	3958	2676	1761	2772	2540	256	1457	2607	1857	3335	2306	2601	3310	1348	2600	2720	2310	3578	3506	3869	2600	1879	3034	1897	1636	1665	2676	3225	1165	2607	1275	4250	3077	2825	870	2310	1010	1486	3885	3342	3794	3427	2601	3279	1975	2944	2601	1333	1187	1677	2825	1579	3322	2356	
2911	3158	621	2265	1388	0	2335	1326	1800	2420	2349	1326	908	604	1855	980	2872	3340	3543	2827	1140	1259	2814	2373	810	2040	1678	1277	2273	1546	1914	2000	1658	1326	2089	50	1325	3061	1538	2303	2363	2950	1325	875	2361	2328	1210	965	2568	2241	1602	1546	1450	3316	3065	1450	869	2664	674	1405	2867	1963	2521	2095	1326	2401	1766	2282	1326	1311	350	1836	1438	1834	2595	1622	
4988	5315	2286	4478	3458	2335	0	1072	3827	4686	4664	1072	2790	2588	645	2638	3859	1555	4483	3980	3472	2204	3555	4402	2845	1120	1038	3242	4599	851	4176	974	3586	1072	411	2384	1073	5332	1284	633	81	4152	1073	1583	1212	4646	1964	3109	4688	458	3937	851	2563	4404	5188	1398	2601	4955	3009	2293	3896	1398	698	2418	1072	729	3950	1234	1072	2383	2337	2547	1714	4147	1126	1295	
3922	4243	1214	3407	2601	1326	1072	0	3000	3738	3674	0	1971	1516	530	1579	3018	2405	3682	3093	2461	1664	2782	3338	1772	1344	970	2421	3595	578	3109	763	2525	0	770	1376	1	4264	1061	984	1082	3257	1	813	1632	3595	1441	2038	3618	1146	2912	578	2023	3552	4119	552	1815	3892	1993	1803	3043	942	1202	1699	0	1407	2877	1590	0	1828	1417	2189	841	3095	1743	1141	
3179	3188	2346	2398	412	1800	3827	3000	0	1104	1330	3000	1042	2140	3505	2523	4253	4317	4856	4121	1180	1745	4324	2887	2136	3080	2879	586	1396	2976	2028	3740	2609	3000	3697	1760	2999	2744	2641	3972	3878	4190	2999	2259	3323	1945	1947	2013	2837	3572	1316	2976	1495	4570	3194	3236	1226	2352	1388	1741	4227	3753	4188	3830	3000	3605	2205	3234	3000	1595	1592	1844	3238	1722	3616	2678	
2536	2416	2798	1836	1310	2420	4686	3738	1104	0	380	3738	1958	2508	4266	2803	4192	5351	4699	4002	1349	2770	4365	2438	2387	4074	3822	1564	537	3844	1585	4417	2492	3738	4489	2371	3738	1854	3601	4720	4726	4026	3738	3107	4342	1198	2942	2158	2253	4494	1062	3844	2568	4388	2474	3841	2161	1533	1791	2793	4150	4335	4939	4154	3738	4569	1900	4253	3738	2640	2350	2940	3756	1279	4629	3653	
2156	2039	2652	1466	1436	2349	4664	3674	1330	380	0	3674	2029	2347	4204	2602	3880	5432	4364	3680	1220	2871	4073	2076	2193	4135	3855	1690	166	3837	1243	4318	2192	3674	4438	2299	3674	1492	3647	4647	4698	3695	3674	3104	4418	819	3021	1943	1877	4507	831	3837	2711	4051	2094	3723	2231	1156	1686	2914	3835	4201	4865	3938	3674	4606	1576	4330	3674	2759	2334	3110	3609	954	4698	3706	
3922	4243	1214	3407	2601	1326	1072	0	3000	3738	3674	0	1971	1516	530	1579	3018	2405	3682	3093	2461	1664	2782	3338	1772	1344	970	2421	3595	578	3109	763	2525	0	770	1376	1	4264	1061	984	1082	3257	1	813	1632	3595	1441	2038	3618	1146	2912	578	2023	3552	4119	552	1815	3892	1993	1803	3043	942	1202	1699	0	1407	2877	1590	0	1828	1417	2189	841	3095	1743	1141	
3273	3417	1526	2521	672	908	2790	1971	1042	1958	2029	1971	0	1429	2468	1833	3710	3405	4366	3634	1107	852	3690	2825	1542	2117	1871	455	2016	1939	2124	2721	2276	1971	2656	886	1970	3145	1645	2935	2840	3740	1970	1217	2392	2328	992	1557	2912	2554	1538	1939	792	4116	3367	2256	203	2727	901	921	3697	2772	3150	3003	1971	2614	2131	2303	1971	769	608	1233	2305	1913	2675	1695	
2445	2741	322	1891	1745	604	2588	1516	2140	2508	2347	1516	1429	0	2013	405	2287	3776	2953	2230	1160	1862	2263	1876	263	2515	2127	1708	2235	1905	1599	2026	1104	1516	2270	597	1516	2750	2033	2406	2598	2350	1516	1361	2839	2115	1801	521	2123	2592	1523	1905	2047	2718	2625	1409	1436	2386	766	2009	2279	1862	2616	1698	1516	2798	1362	2767	1516	1914	947	2440	1264	1620	3045	2123	
4372	4711	1700	3895	3112	1855	645	530	3505	4266	4204	530	2468	2013	0	2021	3229	2151	3864	3343	2990	2057	2940	3784	2262	1361	1086	2922	4124	706	3612	444	2967	530	260	1905	530	4763	1271	467	626	3514	530	1267	1577	4111	1819	2534	4082	905	3438	706	2425	3773	4579	753	2301	4398	2522	2179	3264	827	683	1806	530	1206	3365	1564	530	2231	1936	2520	1069	3612	1597	1326	
2351	2693	442	1911	2136	980	2638	1579	2523	2803	2602	1579	1833	405	2021	0	1893	3941	2564	1851	1477	2220	1858	1764	417	2729	2331	2110	2475	2053	1688	1944	947	1579	2282	981	1579	2798	2274	2361	2636	1979	1579	1621	3050	2255	2134	663	2063	2711	1771	2053	2429	2340	2558	1327	1833	2469	1137	2372	1887	1703	2558	1353	1579	2946	1388	2985	1579	2286	1329	2808	1102	1782	3230	2367	
2379	2809	2286	2564	3909	2872	3859	3018	4253	4192	3880	3018	3710	2287	3229	1893	0	5374	682	270	3086	4093	416	1991	2177	4350	3958	3935	3719	3592	2650	2906	1705	3018	3448	2874	3019	3286	3974	3335	3821	405	3019	3394	4648	3206	3983	2244	2352	4110	3156	3592	4320	545	2628	2509	3723	3171	2909	4248	68	2489	3447	1460	3018	4398	2304	4601	3018	4172	3221	4688	2192	2926	4756	4066	
6219	6492	3526	5605	4041	3340	1555	2405	4317	5351	5432	2405	3405	3776	2151	3941	5374	0	6014	5475	4369	2582	5090	5652	4038	1314	1663	3788	5410	1888	5252	2526	4862	2405	1956	3383	2405	6390	1819	2170	1612	5643	2405	2465	1015	5621	2413	4265	5888	1268	4845	1888	2829	5917	6389	2869	3202	5984	3956	2576	5407	2949	2167	3956	2405	999	5098	1103	2405	2722	3189	2567	3190	5145	748	1746	
2610	3018	2964	2965	4527	3543	4483	3682	4856	4699	4364	3682	4366	2953	3864	2564	682	6014	0	738	3678	4772	929	2352	2825	5020	4630	4569	4200	4258	3122	3517	2258	3682	4072	3544	3683	3574	4652	3933	4440	675	3683	4076	5314	3634	4664	2866	2673	4755	3695	4258	4993	319	2842	3162	4388	3532	3541	4927	678	3093	4027	2065	3682	5048	2799	5270	3682	4848	3893	5366	2848	3420	5412	4744	
2115	2544	2266	2333	3790	2827	3980	3093	4121	4002	3680	3093	3634	2230	3343	1851	270	5475	738	0	2944	4069	671	1746	2092	4409	4012	3832	3517	3660	2442	3044	1534	3093	3571	2825	3094	3032	4012	3481	3947	175	3094	3408	4713	2984	3973	2128	2100	4207	2981	3660	4276	489	2364	2606	3662	2931	2804	4222	202	2634	3604	1621	3093	4489	2105	4663	3093	4137	3175	4659	2286	2728	4836	4105	
2187	2311	1449	1421	897	1140	3472	2461	1180	1349	1220	2461	1107	1160	2990	1477	3086	4369	3678	2944	0	1927	3182	1790	1061	3055	2735	1029	1135	2664	1023	3098	1429	2461	3227	1090	2460	2056	2552	3429	3501	3011	2460	1949	3360	1257	2012	873	1827	3351	478	2664	1897	3390	2267	2507	1270	1640	468	2017	3056	2992	3646	2829	2461	3481	1086	3274	2461	1869	1186	2337	2409	811	3622	2622	
4035	4215	1808	3311	1460	1259	2204	1664	1745	2770	2871	1664	852	1862	2057	2220	4093	2582	4772	4069	1927	0	3991	3543	2062	1338	1185	1206	2865	1395	2921	2413	2892	1664	2180	1272	1663	3981	936	2505	2268	4199	1663	867	1580	3170	242	2172	3677	1880	2378	1395	368	4558	4151	2116	662	3564	1619	157	4094	2591	2701	3106	1664	1875	2875	1490	1664	179	932	598	2280	2737	1872	955	
2729	3161	2203	2834	3958	2814	3555	2782	4324	4365	4073	2782	3690	2263	2940	1858	416	5090	929	671	3182	3991	0	2295	2199	4125	3742	3957	3917	3360	2871	2589	1881	2782	3145	2824	2782	3602	3782	3005	3511	821	2782	3240	4412	3448	3859	2315	2666	3835	3311	3360	4245	906	2981	2250	3681	3453	2949	4148	482	2165	3103	1137	2782	4129	2514	4372	2782	4085	3162	4589	1942	3124	4500	3872	
589	970	2138	621	2676	2373	4402	3338	2887	2438	2076	3338	2825	1876	3784	1764	1991	5652	2352	1746	1790	3543	2295	0	1615	4386	4002	2819	1910	3775	880	3674	817	3338	4044	2341	3338	1309	3895	4105	4400	1714	3338	3221	4709	1296	3553	1409	378	4454	1578	3775	3605	2034	813	3070	2945	1186	1937	3665	1933	3373	4292	2653	3338	4670	704	4635	3338	3534	2634	4042	2807	1202	4921	3983	
2182	2479	562	1635	1761	810	2845	1772	2136	2387	2193	1772	1542	263	2262	417	2177	4038	2825	2092	1061	2062	2199	1615	0	2773	2387	1763	2070	2168	1358	2250	855	1772	2520	791	1772	2502	2288	2643	2853	2198	1772	1614	3097	1895	2020	279	1860	2855	1362	2168	2217	2573	2362	1629	1581	2147	751	2204	2161	2056	2849	1770	1772	3061	1105	3025	1772	2098	1132	2625	1452	1407	3306	2377	
4941	5198	2295	4305	2772	2040	1120	1344	3080	4074	4135	1344	2117	2515	1361	2729	4350	1314	5020	4409	3055	1338	4125	4386	2773	0	400	2525	4107	766	3945	1806	3616	1344	1318	2081	1344	5079	506	1656	1200	4567	1344	1168	324	4308	1137	2984	4603	678	3532	766	1645	4877	5102	1889	1914	4672	2644	1371	4371	2162	1786	3038	1344	557	3805	257	1344	1500	1875	1512	2185	3832	567	433	
4562	4829	1899	3941	2540	1678	1038	970	2879	3822	3855	970	1871	2127	1086	2331	3958	1663	4630	4012	2735	1185	3742	4002	2387	400	0	2304	3815	408	3590	1521	3225	970	1111	1721	970	4733	250	1457	1109	4170	970	803	719	3977	952	2606	4228	698	3212	408	1534	4483	4729	1521	1670	4330	2306	1261	3978	1841	1622	2669	970	751	3435	657	970	1362	1548	1513	1807	3493	921	260	
3204	3292	1865	2427	256	1277	3242	2421	586	1564	1690	2421	455	1708	2922	2110	3935	3788	4569	3832	1029	1206	3957	2819	1763	2525	2304	0	1706	2391	2031	3168	2385	2421	3111	1244	2421	2944	2071	3390	3293	3921	2421	1672	2783	2119	1389	1707	2847	2994	1363	2391	1021	4302	3266	2683	641	2530	1028	1231	3915	3201	3604	3358	2421	3039	2115	2693	2421	1077	1029	1429	2709	1771	3073	2113	
2001	1899	2545	1302	1457	2273	4599	3595	1396	537	166	3595	2016	2235	4124	2475	3719	5410	4200	3517	1135	2865	3917	1910	2070	4107	3815	1706	0	3780	1078	4223	2036	3595	4362	2223	3595	1375	3614	4562	4631	3531	3595	3052	4396	663	3004	1813	1717	4457	712	3780	2725	3886	1947	3623	2215	1019	1603	2916	3673	4094	4779	3804	3595	4566	1414	4307	3595	2761	2281	3134	3499	794	4672	3676	
4349	4641	1641	3772	2607	1546	851	578	2976	3844	3837	578	1939	1905	706	2053	3592	1888	4258	3660	2664	1395	3360	3775	2168	766	408	2391	3780	0	3442	1127	2978	578	787	1594	578	4597	566	1122	903	3821	578	737	1056	3874	1153	2410	4027	697	3137	0	1762	4123	4530	1123	1750	4205	2211	1504	3615	1434	1310	2273	578	896	3252	1012	578	1573	1503	1822	1419	3379	1189	625	
1174	1295	1916	398	1857	1914	4176	3109	2028	1585	1243	3109	2124	1599	3612	1688	2650	5252	3122	2442	1023	2921	2871	880	1358	3945	3590	2031	1078	3442	0	3607	1008	3109	3868	1870	3109	1157	3440	4001	4190	2453	3109	2788	4262	597	2978	1081	819	4139	712	3442	2916	2808	1244	2985	2277	788	1319	3022	2603	3391	4207	2906	3109	4312	361	4180	3109	2878	2086	3357	2788	322	4505	3520	
4263	4625	1704	3854	3335	2000	974	763	3740	4417	4318	763	2721	2026	444	1944	2906	2526	3517	3044	3098	2413	2589	3674	2250	1806	1521	3168	4223	1127	3607	0	2862	763	571	2048	763	4738	1691	446	925	3218	763	1575	2017	4140	2182	2529	3996	1319	3520	1127	2776	3451	4482	622	2572	4395	2634	2545	2947	426	618	1453	763	1623	3328	2006	763	2581	2148	2911	869	3645	2020	1752	
1406	1764	1337	1079	2306	1658	3586	2525	2609	2492	2192	2525	2276	1104	2967	947	1705	4862	2258	1534	1429	2892	1881	817	855	3616	3225	2385	2036	2978	1008	2862	0	2525	3227	1634	2525	1958	3137	3291	3583	1587	2525	2464	3940	1601	2866	726	1136	3649	1451	2978	3012	1965	1620	2255	2355	1696	1382	3027	1666	2575	3480	1944	2525	3874	647	3869	2525	2911	1961	3435	1998	1243	4139	3227	
3922	4243	1214	3407	2601	1326	1072	0	3000	3738	3674	0	1971	1516	530	1579	3018	2405	3682	3093	2461	1664	2782	3338	1772	1344	970	2421	3595	578	3109	763	2525	0	770	1376	1	4264	1061	984	1082	3257	1	813	1632	3595	1441	2038	3618	1146	2912	578	2023	3552	4119	552	1815	3892	1993	1803	3043	942	1202	1699	0	1407	2877	1590	0	1828	1417	2189	841	3095	1743	1141	
4633	4971	1958	4154	3310	2089	411	770	3697	4489	4438	770	2656	2270	260	2282	3448	1956	4072	3571	3227	2180	3145	4044	2520	1318	1111	3111	4362	787	3868	571	3227	770	0	2139	770	5020	1328	346	377	3743	770	1441	1488	4362	1938	2791	4342	760	3681	787	2548	3993	4839	1003	2480	4653	2760	2291	3485	993	523	2008	770	1062	3623	1490	770	2357	2146	2602	1313	3862	1463	1367	
2875	3118	640	2224	1348	50	2384	1376	1760	2371	2299	1376	886	597	1905	981	2874	3383	3544	2825	1090	1272	2824	2341	791	2081	1721	1244	2223	1594	1870	2048	1634	1376	2139	0	1375	3016	1578	2352	2413	2946	1375	918	2401	2280	1232	934	2530	2288	1552	1594	1451	3313	3026	1495	857	2617	624	1416	2868	2007	2570	2122	1376	2446	1728	2321	1376	1318	350	1844	1477	1787	2637	1661	
3922	4243	1214	3406	2600	1325	1073	1	2999	3738	3674	1	1970	1516	530	1579	3019	2405	3683	3094	2460	1663	2782	3338	1772	1344	970	2421	3595	578	3109	763	2525	1	770	1375	0	4264	1060	984	1082	3258	0	813	1631	3595	1440	2037	3618	1146	2911	578	2023	3552	4119	553	1814	3892	1992	1802	3044	943	1203	1699	1	1407	2877	1590	1	1827	1417	2189	841	3095	1743	1141	
976	651	3064	890	2720	3061	5332	4264	2744	1854	1492	4264	3145	2750	4763	2798	3286	6390	3574	3032	2056	3981	3602	1309	2502	5079	4733	2944	1375	4597	1157	4738	1958	4264	5020	3016	4264	0	4572	5142	5346	2977	4264	3931	5391	825	4067	2229	936	5293	1607	4597	3920	3259	785	4117	3321	418	2435	4064	3225	4496	5345	3897	4264	5462	1410	5308	4264	3914	3206	4353	3899	1251	5642	4649	
4445	4696	1834	3801	2310	1538	1284	1061	2641	3601	3647	1061	1645	2033	1271	2274	3974	1819	4652	4012	2552	936	3782	3895	2288	506	250	2071	3614	566	3440	1691	3137	1061	1328	1578	1060	4572	0	1671	1353	4165	1060	674	823	3803	705	2489	4104	945	3029	566	1285	4490	4602	1609	1443	4165	2138	1012	3991	1978	1846	2741	1061	969	3304	744	1061	1112	1369	1277	1871	3326	1071	93	
4694	5051	2086	4264	3578	2303	633	984	3972	4720	4647	984	2935	2406	467	2361	3335	2170	3933	3481	3429	2505	3005	4105	2643	1656	1457	3390	4562	1122	4001	446	3291	984	346	2352	984	5142	1671	0	564	3655	984	1733	1807	4519	2265	2920	4421	1059	3869	1122	2873	3879	4911	1036	2768	4789	2961	2621	3378	847	218	1876	984	1351	3735	1815	984	2681	2399	2942	1308	4021	1752	1712	
4987	5318	2293	4488	3506	2363	81	1082	3878	4726	4698	1082	2840	2598	626	2636	3821	1612	4440	3947	3501	2268	3511	4400	2853	1200	1109	3293	4631	903	4190	925	3583	1082	377	2413	1082	5346	1353	564	0	4119	1082	1629	1293	4667	2028	3120	4691	539	3964	903	2629	4366	5190	1377	2653	4972	3037	2360	3859	1350	618	2375	1082	807	3959	1315	1082	2447	2376	2620	1689	4168	1203	1367	
2041	2465	2402	2315	3869	2950	4152	3257	4190	4026	3695	3257	3740	2350	3514	1979	405	5643	675	175	3011	4199	821	1714	2198	4567	4170	3921	3531	3821	2453	3218	1587	3257	3743	2946	3258	2977	4165	3655	4119	0	3258	3554	4874	2977	4109	2215	2055	4375	3020	3821	4397	381	2285	2775	3775	2900	2894	4350	339	2809	3780	1796	3257	4656	2126	4822	3257	4261	3296	4785	2455	2748	5000	4258	
3922	4243	1214	3406	2600	1325	1073	1	2999	3738	3674	1	1970	1516	530	1579	3019	2405	3683	3094	2460	1663	2782	3338	1772	1344	970	2421	3595	578	3109	763	2525	1	770	1375	0	4264	1060	984	1082	3258	0	813	1631	3595	1440	2037	3618	1146	2911	578	2023	3552	4119	553	1814	3892	1992	1802	3044	943	1203	1699	1	1407	2877	1590	1	1827	1417	2189	841	3095	1743	1141	
3773	4031	1179	3140	1879	875	1583	813	2259	3107	3104	813	1217	1361	1267	1621	3394	2465	4076	3408	1949	867	3240	3221	1614	1168	803	1672	3052	737	2788	1575	2464	813	1441	918	813	3931	674	1733	1629	3554	813	0	1491	3181	665	1816	3434	1405	2425	737	1217	3893	3934	1250	1039	3529	1509	1015	3404	1726	1943	2281	813	1536	2637	1415	813	1022	771	1430	1431	2694	1720	763	
5264	5519	2618	4624	3034	2361	1212	1632	3323	4342	4418	1632	2392	2839	1577	3050	4648	1015	5314	4713	3360	1580	4412	4709	3097	324	719	2783	4396	1056	4262	2017	3940	1632	1488	2401	1631	5391	823	1807	1293	4874	1631	1491	0	4615	1401	3307	4925	756	3835	1056	1854	5178	5424	2165	2189	4982	2956	1589	4671	2397	1907	3311	1632	511	4126	90	1632	1730	2185	1654	2470	4143	296	743	
1338	1256	2437	675	1897	2328	4646	3595	1945	1198	819	3595	2328	2115	4111	2255	3206	5621	3634	2984	1257	3170	3448	1296	1895	4308	3977	2119	663	3874	597	4140	1601	3595	4362	2280	3595	825	3803	4519	4667	2977	3595	3181	4615	0	3267	1616	1063	4568	792	3874	3098	3316	1290	3521	2508	413	1672	3248	3154	3948	4730	3501	3595	4717	955	4530	3595	3096	2433	3529	3344	500	4874	3876	
4064	4267	1707	3361	1636	1210	1964	1441	1947	2942	3021	1441	992	1801	1819	2134	3983	2413	4664	3973	2012	242	3859	3553	2020	1137	952	1389	3004	1153	2978	2182	2866	1441	1938	1232	1440	4067	705	2265	2028	4109	1440	665	1401	3267	0	2158	3710	1649	2477	1153	609	4462	4193	1912	790	3652	1662	363	3987	2376	2460	2937	1441	1659	2904	1311	1441	421	919	765	2094	2817	1687	733	
1957	2232	836	1371	1665	965	3109	2038	2013	2158	1943	2038	1557	521	2534	663	2244	4265	2866	2128	873	2172	2315	1409	279	2984	2606	1707	1813	2410	1081	2529	726	2038	2791	934	2037	2229	2489	2920	3120	2215	2037	1816	3307	1616	2158	0	1623	3102	1113	2410	2285	2595	2124	1908	1630	1869	681	2305	2220	2333	3127	1999	2038	3297	844	3231	2038	2186	1244	2709	1729	1131	3527	2576	
361	630	2406	441	2676	2568	4688	3618	2837	2253	1877	3618	2912	2123	4082	2063	2352	5888	2673	2100	1827	3677	2666	378	1860	4603	4228	2847	1717	4027	819	3996	1136	3618	4342	2530	3618	936	4104	4421	4691	2055	3618	3434	4925	1063	3710	1623	0	4714	1525	4027	3703	2355	503	3385	3051	865	2058	3789	2292	3711	4613	3021	3618	4918	807	4848	3618	3650	2796	4143	3133	1115	5149	4190	
5032	5332	2316	4467	3225	2241	458	1146	3572	4494	4507	1146	2554	2592	905	2711	4110	1268	4755	4207	3351	1880	3835	4454	2855	678	698	2994	4457	697	4139	1319	3649	1146	760	2288	1146	5293	945	1059	539	4375	1146	1405	756	4568	1649	3102	4714	0	3825	697	2224	4651	5217	1602	2356	4902	2902	1949	4141	1727	1151	2706	1146	304	3945	776	1146	2056	2176	2156	1922	4075	703	931	
1873	1930	1834	1089	1165	1602	3937	2912	1316	1062	831	2912	1538	1523	3438	1771	3156	4845	3695	2981	478	2378	3311	1578	1362	3532	3212	1363	712	3137	712	3520	1451	2912	3681	1552	2911	1607	3029	3869	3964	3020	2911	2425	3835	792	2477	1113	1525	3825	0	3137	2314	3391	1911	2916	1717	1189	928	2458	3117	3383	4084	3111	2912	3958	923	3749	2912	2307	1664	2749	2787	415	4099	3099	
4349	4641	1641	3772	2607	1546	851	578	2976	3844	3837	578	1939	1905	706	2053	3592	1888	4258	3660	2664	1395	3360	3775	2168	766	408	2391	3780	0	3442	1127	2978	578	787	1594	578	4597	566	1122	903	3821	578	737	1056	3874	1153	2410	4027	697	3137	0	1762	4123	4530	1123	1750	4205	2211	1504	3615	1434	1310	2273	578	896	3252	1012	578	1573	1503	1822	1419	3379	1189	625	
4063	4207	2043	3313	1275	1450	2563	2023	1495	2568	2711	2023	792	2047	2425	2429	4320	2829	4993	4276	1897	368	4245	3605	2217	1645	1534	1021	2725	1762	2916	2776	3012	2023	2548	1451	2023	3920	1285	2873	2629	4397	2023	1217	1854	3098	609	2285	3703	2224	2314	1762	0	4764	4159	2458	662	3503	1669	276	4316	2942	3069	3409	2023	2195	2916	1765	2023	196	1101	441	2603	2700	2149	1293	
2299	2710	2755	2647	4250	3316	4404	3552	4570	4388	4051	3552	4116	2718	3773	2340	545	5917	319	489	3390	4558	906	2034	2573	4877	4483	4302	3886	4123	2808	3451	1965	3552	3993	3313	3552	3259	4490	3879	4366	381	3552	3893	5178	3316	4462	2595	2355	4651	3391	4123	4764	0	2533	3050	4147	3213	3274	4711	510	3032	3988	2003	3552	4938	2490	5130	3552	4625	3663	5147	2731	3109	5292	4582	
253	181	2908	846	3077	3065	5188	4119	3194	2474	2094	4119	3367	2625	4579	2558	2628	6389	2842	2364	2267	4151	2981	813	2362	5102	4729	3266	1947	4530	1244	4482	1620	4119	4839	3026	4119	785	4602	4911	5190	2285	4119	3934	5424	1290	4193	2124	503	5217	1911	4530	4159	2533	0	3875	3515	950	2534	4258	2564	4186	5100	3452	4119	5420	1299	5346	4119	4116	3284	4600	3617	1497	5649	4687	
3660	4015	1088	3234	2825	1450	1398	552	3236	3841	3723	552	2256	1409	753	1327	2509	2869	3162	2606	2507	2116	2250	3070	1629	1889	1521	2683	3623	1123	2985	622	2255	552	1003	1495	553	4117	1609	1036	1377	2775	553	1250	2165	3521	1912	1908	3385	1602	2916	1123	2458	3050	3875	0	2133	3773	2051	2265	2539	518	1231	1150	552	1888	2707	2129	552	2265	1655	2675	321	3028	2251	1691	
3411	3571	1490	2671	870	869	2601	1815	1226	2161	2231	1815	203	1436	2301	1833	3723	3202	4388	3662	1270	662	3681	2945	1581	1914	1670	641	2215	1750	2277	2572	2355	1815	2480	857	1814	3321	1443	2768	2653	3775	1814	1039	2189	2508	790	1630	3051	2356	1717	1750	662	4147	3515	2133	0	2903	1008	747	3715	2647	2980	2940	1815	2412	2259	2100	1815	601	532	1098	2207	2081	2472	1492	
1054	883	2704	626	2310	2664	4955	3892	2352	1533	1156	3892	2727	2386	4398	2469	3171	5984	3532	2931	1640	3564	3453	1186	2147	4672	4330	2530	1019	4205	788	4395	1696	3892	4653	2617	3892	418	4165	4789	4972	2900	3892	3529	4982	413	3652	1869	865	4902	1189	4205	3503	3213	950	3773	2903	0	2027	3647	3114	4173	4996	3637	3892	5063	1091	4899	3892	3496	2797	3936	3571	840	5236	4241	
2415	2605	1020	1700	1010	674	3009	1993	1388	1791	1686	1993	901	766	2522	1137	2909	3956	3541	2804	468	1619	2949	1937	751	2644	2306	1028	1603	2211	1319	2634	1382	1993	2760	624	1992	2435	2138	2961	3037	2894	1992	1509	2956	1672	1662	681	2058	2902	928	2211	1669	3274	2534	2051	1008	2027	0	1733	2889	2544	3178	2464	1993	3045	1257	2873	1993	1598	772	2105	1971	1188	3208	2214	
4148	4317	1963	3415	1486	1405	2293	1803	1741	2793	2914	1803	921	2009	2179	2372	4248	2576	4927	4222	2017	157	4148	3665	2204	1371	1261	1231	2916	1504	3022	2545	3027	1803	2291	1416	1802	4064	1012	2621	2360	4350	1802	1015	1589	3248	363	2305	3789	1949	2458	1504	276	4711	4258	2265	747	3647	1733	0	4249	2735	2813	3263	1803	1920	2990	1500	1803	155	1072	441	2434	2827	1884	1018	
2315	2745	2286	2510	3885	2867	3896	3043	4227	4150	3835	3043	3697	2279	3264	1887	68	5407	678	202	3056	4094	482	1933	2161	4371	3978	3915	3673	3615	2603	2947	1666	3043	3485	2868	3044	3225	3991	3378	3859	339	3044	3404	4671	3154	3987	2220	2292	4141	3117	3615	4316	510	2564	2539	3715	3114	2889	4249	0	2530	3492	1505	3043	4427	2259	4624	3043	4170	3216	4688	2221	2881	4783	4083	
3958	4337	1550	3606	3342	1963	1398	942	3753	4335	4201	942	2772	1862	827	1703	2489	2949	3093	2634	2992	2591	2165	3373	2056	2162	1841	3201	4094	1434	3391	426	2575	942	993	2007	943	4496	1978	847	1350	2809	943	1726	2397	3948	2376	2333	3711	1727	3383	1434	2942	3032	4186	518	2647	4173	2544	2735	2530	0	977	1031	942	2030	3089	2379	942	2748	2172	3130	604	3463	2423	2050	
4881	5242	2295	4464	3794	2521	698	1202	4188	4939	4865	1202	3150	2616	683	2558	3447	2167	4027	3604	3646	2701	3103	4292	2849	1786	1622	3604	4779	1310	4207	618	3480	1202	523	2570	1203	5345	1846	218	618	3780	1203	1943	1907	4730	2460	3127	4613	1151	4084	1310	3069	3988	5100	1231	2980	4996	3178	2813	3492	977	0	1988	1202	1426	3936	1924	1202	2879	2616	3122	1487	4232	1820	1880	
3207	3619	1493	3023	3427	2095	2418	1699	3830	4154	3938	1699	3003	1698	1806	1353	1460	3956	2065	1621	2829	3106	1137	2653	1770	3038	2669	3358	3804	2273	2906	1453	1944	1699	2008	2122	1699	3897	2741	1876	2375	1796	1699	2281	3311	3501	2937	1999	3021	2706	3111	2273	3409	2003	3452	1150	2940	3637	2464	3263	1505	1031	1988	0	1699	3004	2560	3278	1699	3229	2410	3696	870	3066	3381	2827	
3922	4243	1214	3407	2601	1326	1072	0	3000	3738	3674	0	1971	1516	530	1579	3018	2405	3682	3093	2461	1664	2782	3338	1772	1344	970	2421	3595	578	3109	763	2525	0	770	1376	1	4264	1061	984	1082	3257	1	813	1632	3595	1441	2038	3618	1146	2912	578	2023	3552	4119	552	1815	3892	1993	1803	3043	942	1202	1699	0	1407	2877	1590	0	1828	1417	2189	841	3095	1743	1141	
5242	5529	2537	4652	3279	2401	729	1407	3605	4569	4606	1407	2614	2798	1206	2946	4398	999	5048	4489	3481	1875	4129	4670	3061	557	751	3039	4566	896	4312	1623	3874	1407	1062	2446	1407	5462	969	1351	807	4656	1407	1536	511	4717	1659	3297	4918	304	3958	896	2195	4938	5420	1888	2412	5063	3045	1920	4427	2030	1426	3004	1407	0	4137	557	1407	2043	2296	2068	2207	4229	402	927	
1161	1394	1667	530	1975	1766	3950	2877	2205	1900	1576	2877	2131	1362	3365	1388	2304	5098	2799	2105	1086	2875	2514	704	1105	3805	3435	2115	1414	3252	361	3328	647	2877	3623	1728	2877	1410	3304	3735	3959	2126	2877	2637	4126	955	2904	844	807	3945	923	3252	2916	2490	1299	2707	2259	1091	1257	2990	2259	3089	3936	2560	2877	4137	0	4048	2877	2854	1990	3356	2490	623	4355	3389	
5188	5440	2551	4544	2944	2282	1234	1590	3234	4253	4330	1590	2303	2767	1564	2985	4601	1103	5270	4663	3274	1490	4372	4635	3025	257	657	2693	4307	1012	4180	2006	3869	1590	1490	2321	1590	5308	744	1815	1315	4822	1590	1415	90	4530	1311	3231	4848	776	3749	1012	1765	5130	5346	2129	2100	4899	2873	1500	4624	2379	1924	3278	1590	557	4048	0	1590	1640	2102	1572	2430	4059	384	661	
3922	4243	1214	3407	2601	1326	1072	0	3000	3738	3674	0	1971	1516	530	1579	3018	2405	3682	3093	2461	1664	2782	3338	1772	1344	970	2421	3595	578	3109	763	2525	0	770	1376	1	4264	1061	984	1082	3257	1	813	1632	3595	1441	2038	3618	1146	2912	578	2023	3552	4119	552	1815	3892	1993	1803	3043	942	1202	1699	0	1407	2877	1590	0	1828	1417	2189	841	3095	1743	1141	
4010	4173	1889	3272	1333	1311	2383	1828	1595	2640	2759	1828	769	1914	2231	2286	4172	2722	4848	4137	1869	179	4085	3534	2098	1500	1362	1077	2761	1573	2878	2581	2911	1828	2357	1318	1827	3914	1112	2681	2447	4261	1827	1022	1730	3096	421	2186	3650	2056	2307	1573	196	4625	4116	2265	601	3496	1598	155	4170	2748	2879	3229	1828	2043	2854	1640	1828	0	969	527	2416	2679	2024	1128	
3149	3364	963	2460	1187	350	2337	1417	1592	2350	2334	1417	608	947	1936	1329	3221	3189	3893	3175	1186	932	3162	2634	1132	1875	1548	1029	2281	1503	2086	2148	1961	1417	2146	350	1417	3206	1369	2399	2376	3296	1417	771	2185	2433	919	1244	2796	2176	1664	1503	1101	3663	3284	1655	532	2797	772	1072	3216	2172	2616	2410	1417	2296	1990	2102	1417	969	0	1495	1697	1958	2441	1444	
4504	4648	2403	3754	1677	1836	2547	2189	1844	2940	3110	2189	1233	2440	2520	2808	4688	2567	5366	4659	2337	598	4589	4042	2625	1512	1513	1429	3134	1822	3357	2911	3435	2189	2602	1844	2189	4353	1277	2942	2620	4785	2189	1430	1654	3529	765	2709	4143	2156	2749	1822	441	5147	4600	2675	1098	3936	2105	441	4688	3130	3122	3696	2189	2068	3356	1572	2189	527	1495	0	2859	3138	1946	1253	
3395	3762	960	3011	2825	1438	1714	841	3238	3756	3609	841	2305	1264	1069	1102	2192	3190	2848	2286	2409	2280	1942	2807	1452	2185	1807	2709	3499	1419	2788	869	1998	841	1313	1477	841	3899	1871	1308	1689	2455	841	1431	2470	3344	2094	1729	3133	1922	2787	1419	2603	2731	3617	321	2207	3571	1971	2434	2221	604	1487	870	841	2207	2490	2430	841	2416	1697	2859	0	2859	2565	1957	
1459	1521	1941	676	1579	1834	4147	3095	1722	1279	954	3095	1913	1620	3612	1782	2926	5145	3420	2728	811	2737	3124	1202	1407	3832	3493	1771	794	3379	322	3645	1243	3095	3862	1787	3095	1251	3326	4021	4168	2748	3095	2694	4143	500	2817	1131	1115	4075	415	3379	2700	3109	1497	3028	2081	840	1188	2827	2881	3463	4232	3066	3095	4229	623	4059	3095	2679	1958	3138	2859	0	4397	3401	
5483	5749	2806	4860	3322	2595	1126	1743	3616	4629	4698	1743	2675	3045	1597	3230	4756	748	5412	4836	3622	1872	4500	4921	3306	567	921	3073	4672	1189	4505	2020	4139	1743	1463	2637	1743	5642	1071	1752	1203	5000	1743	1720	296	4874	1687	3527	5149	703	4099	1189	2149	5292	5649	2251	2472	5236	3208	1884	4783	2423	1820	3381	1743	402	4355	384	1743	2024	2441	1946	2565	4397	0	1000	
4531	4779	1927	3883	2356	1622	1295	1141	2678	3653	3706	1141	1695	2123	1326	2367	4066	1746	4744	4105	2622	955	3872	3983	2377	433	260	2113	3676	625	3520	1752	3227	1141	1367	1661	1141	4649	93	1712	1367	4258	1141	763	743	3876	733	2576	4190	931	3099	625	1293	4582	4687	1691	1492	4241	2214	1018	4083	2050	1880	2827	1141	927	3389	661	1141	1128	1444	1253	1957	3401	1000	0	


0	 CF52AL 	 0 	 0 	 540  	 1080  	 0  	 0 

1	 CF51DP 	 1 	 8 	 720  	 960  	 9  	 4 
2	 CF141UB 	 0 	 9 	 720  	 960  	 10  	 5 
3	 CF52EQ 	 1 	 8 	 540  	 780  	 5  	 2 
4	 CF142TQ 	 1 	 8 	 600  	 840  	 6  	 3 
5	 CF141TA 	 1 	 10 	 540  	 780  	 6  	 3 
6	 CF145UT 	 1 	 10 	 720  	 960  	 10  	 5 
7	 CF148JH 	 1 	 8 	 540  	 780  	 8  	 4 
8	 CF147JP 	 1 	 10 	 600  	 840  	 8  	 4 
9	 CF52DH 	 1 	 2 	 720  	 960  	 10  	 5 
10	 CF52SF 	 1 	 1 	 540  	 780  	 7  	 3 
11	 CF148EB 	 1 	 5 	 660  	 900  	 5  	 2 
12	 CF141AY 	 1 	 1 	 660  	 900  	 6  	 3 
13	 CF141RY 	 1 	 4 	 600  	 840  	 7  	 3 
14	 CF145PU 	 1 	 2 	 600  	 840  	 9  	 4 
15	 CF141DF 	 1 	 1 	 720  	 960  	 5  	 2 
16	 CF244LH 	 1 	 1 	 540  	 780  	 8  	 4 
17	 CF149FG 	 0 	 10 	 660  	 900  	 6  	 3 
18	 CF244AH	 1 	 9 	 540  	 780  	 6  	 3 
19	 CF244HF 	 1 	 8 	 540  	 780  	 5  	 2 
20	 CF141PE 	 1 	 3 	 540  	 780  	 8  	 4 
21	 CF146HP 	 1 	 4 	 720  	 960  	 5  	 2 
22	 CF244PX 	 1 	 4 	 660  	 900  	 9  	 4 
23	 CF52AZ 	 1 	 1 	 660  	 900  	 6  	 3 
24	 CF141HP 	 1 	 2 	 540  	 780  	 7  	 3 
25	 CF145JD 	 1 	 8 	 660  	 900  	 9  	 4 
26	 CF145HB 	 1 	 2 	 720  	 960  	 5  	 2 
27	 CF147EZ 	 1 	 4 	 720  	 960  	 9  	 4 
28	 CF52RZ 	 1 	 8 	 720  	 960  	 5  	 2 
29	 CF145YF 	 1 	 7 	 540  	 780  	 9  	 4 
30	 CF142HY 	 1 	 7 	 660  	 900  	 8  	 4 
31	 CF145QN	 1 	 8 	 660  	 900  	 5  	 2 
32	 CF142SE 	 1 	 4 	 600  	 840  	 7  	 3 
33	 CF145WG 1 	 5 	 600  	 840  	 9  	 4 
34	 CF145PY 	 1 	 9 	 660  	 900  	 5  	 2 
35	 CF141SZ 	 1 	 4 	 660  	 900  	 7  	 3 
36	 CF148NT 	 0 	 12 	 540  	 780  	 10  	 5 
37	 CF52JP 	 1 	 6 	 720  	 960  	 10  	 5 
38	 CF146PH 	 1 	 7 	 600  	 840  	 10  	 5 
39	 CF140LY 	 1 	 9 	 660  	 900  	 6  	 3 
40	 CF145UY 	 1 	 2 	 720  	 960  	 7  	 3 
41	 CF103EZ 	 1 	 10 	 720  	 960  	 8  	 4 
42	 CF148NW 0 	 18 	 540  	 780  	 10  	 5 
43	 CF144SS 	 1 	 1 	 600  	 840  	 8  	 4 
44	 CF149AP 	 1 	 3 	 720  	 960  	 9  	 4 
45	 CF52QD 	 1 	 9 	 600  	 840  	 10  	 5 
46	 CF146JS 	 1 	 9 	 540  	 780  	 6  	 3 
47	 CF141HL 	 1 	 7 	 660  	 900  	 7  	 3 
48	 CF52DQ 	 1 	 7 	 720  	 960  	 9  	 4 
49	 CF145JQ 	 1 	 1 	 660  	 900  	 5  	 2 
50	 CF142LS 	 0 	 20 	 660  	 900  	 6  	 3 
51	 CF145ZP 	 1 	 6 	 540  	 780  	 10  	 5 
52	 CF146HS 	 1 	 9 	 660  	 900  	 10  	 5 
53	 CF103EH 	 1 	 1 	 540  	 780  	 9  	 4 
54	 CF51DR 	 1 	 7 	 660  	 900  	 6  	 3 
55	 CF144LT 	 1 	 7 	 720  	 960  	 10  	 5 
56	 CF141BN	 1 	 9 	 540  	 780  	 5  	 2 
57	 CF52NR 	 1 	 9 	 540  	 780  	 5  	 2 
58	 CF141DD	 0 	 4 	 720  	 960  	 5  	 2 
59	 CF146UG	 1 	 7 	 540  	 780  	 6  	 3 
60	 CF244LP 	 1 	 4 	 720  	 960  	 8  	 4 
61	 CF144HR 	 0 	 13 	 660  	 900  	 9  	 4 
62	 CF140NS 	 1 	 9 	 540  	 780  	 6  	 3 
63	 CF143RB 	 1 	 6 	 540  	 780  	 7  	 3 
64	 CF148JD 	 1 	 1 	 720  	 960  	 8  	 4 
65	 CF145AG	 1 	 2 	 540  	 780  	 8  	 4 
66	 CF142QQ	 1 	 10 	 720  	 960  	 7  	 3 
67	 CF149AY 	 0 	 13 	 540  	 780  	 10  	 5 
68	 CF148GS 	 1 	 9 	 600  	 840  	 9  	 4 
69	 CF146HY 	 0 	 25 	 720  	 960  	 7  	 3 
70	 CF146BU 	 0 	 9 	 540  	 780  	 10  	 5 
71	 CF146UQ	 1 	 1 	 600  	 840  	 9  	 4 
72	 CF144BR 	 1 	 10 	 720  	 960  	 5  	 2 
73	 CF142JH 	 1 	 9 	 720  	 960  	 10  	 5 
74	 CF149BA 	 1 	 8 	 660  	 900  	 9  	 4 
75	 CF146QS 	 1 	 5 	 540  	 780  	 6  	 3 
