75

1200
32
10
500

0	2925	2244	2601	2632	595	2686	4131	1960	2188	787	4935	3786	1135	3863	2233	2430	2201	3715	3067	1783	4426	5377	2484	2057	1997	2538	2624	2434	1565	843	3147	742	2157	970	2420	2028	2758	3182	1535	1265	1258	803	3147	2547	4861	3598	1021	1870	2088	506	321	2168	2904	2822	2307	2193	3295	4975	1631	3369	1426	655	1095	3424	2778	1676	1463	2883	599	2432	1510	2860	3579	2125	2096	
2925	0	3908	4264	1455	3513	1353	1216	1171	3517	3655	2137	1898	3959	1097	1264	3408	1680	1086	1066	1531	2035	2500	4063	3434	3185	451	706	3658	1606	3654	337	2327	967	2065	1118	3601	1392	1629	1866	1912	1732	2214	1150	1081	2078	1239	2014	3306	864	2427	2615	757	176	1869	3355	3689	1942	2091	1296	723	3259	3228	1879	1601	2356	1834	1528	4662	2787	3104	3986	172	655	920	3564	
2244	3908	0	386	4369	2345	2846	4859	3515	456	2590	5291	3603	2858	4387	3901	789	4063	4963	3370	3548	4427	5837	240	490	4237	3727	4008	517	3322	2729	4232	2051	3622	2857	4018	308	4453	3087	2070	3156	2442	2747	4662	4125	5204	3856	2221	602	3375	2281	2227	3318	3989	2562	4549	248	5099	5499	2898	3946	847	2833	2827	5060	4806	3597	3063	763	2833	4648	3512	3762	4439	3006	355	
2601	4264	386	0	4754	2656	3158	5184	3898	754	2892	5573	3849	3139	4699	4286	990	4448	5326	3680	3934	4678	6125	205	830	4597	4096	4384	690	3708	3034	4591	2436	4003	3240	4401	685	4837	3361	2441	3541	2826	3128	5040	4507	5485	4150	2606	972	3752	2660	2600	3690	4350	2837	4908	575	5484	5798	3278	4270	1227	3171	3213	5441	5190	3982	3448	400	3195	5017	3812	4115	4780	3370	702	
2632	1455	4369	4754	0	3114	2548	2375	866	4081	3155	3405	3326	3368	2481	470	4102	479	1417	2445	862	3480	3631	4575	3967	1983	1118	756	4282	1093	3097	1347	2370	827	1673	417	4071	147	2961	2395	1367	1930	1835	663	388	3366	2694	2152	3796	1145	2263	2412	1305	1288	3041	2070	4202	732	3238	1509	2176	3565	2625	1609	798	902	977	1312	5124	2215	1756	3148	1571	1870	1702	4074	
595	3513	2345	2656	3114	0	3257	4721	2510	2403	262	5530	4351	604	4458	2748	2703	2658	4270	3654	2294	5009	5971	2581	2280	2105	3117	3180	2644	2091	388	3726	1313	2714	1506	2944	2194	3248	3744	2091	1771	1851	1340	3669	3072	5455	4187	1607	2109	2668	1101	915	2756	3486	3358	2398	2357	3737	5569	2222	3964	1633	611	1658	3912	3131	2138	2027	2872	911	2604	1172	3451	4167	2720	2284	
2686	1353	2846	3158	2548	3257	0	2033	1846	2408	3473	2481	1106	3821	1542	2171	2213	2560	2415	524	2160	1771	3009	2953	2356	3754	1463	1848	2495	2078	3524	1681	1947	1763	2197	2135	2558	2541	521	1175	2240	1492	2272	2451	2168	2395	1035	1673	2278	1451	2210	2374	1265	1505	518	4002	2605	3179	2658	1405	1123	2396	3212	1995	2910	3372	2430	1820	3556	2836	3855	4084	1181	1691	904	2492	
4131	1216	4859	5184	2375	4721	2033	0	2357	4431	4869	1035	1863	5175	558	2355	4247	2733	1145	1524	2700	1467	1298	4979	4370	4291	1649	1760	4527	2803	4870	1090	3501	2143	3281	2167	4562	2259	1989	2933	3118	2908	3430	1799	2082	1005	1185	3184	4273	2079	3628	3817	1968	1281	2446	4422	4623	2568	889	2499	914	4312	4444	3095	2101	3234	2993	2743	5583	4002	4127	5190	1271	568	2045	4505	
1960	1171	3515	3898	866	2510	1846	2357	0	3217	2609	3308	2784	2881	2261	398	3237	721	1760	1885	367	3123	3654	3716	3105	2044	720	673	3416	450	2584	1281	1561	217	1004	507	3214	938	2320	1530	776	1073	1170	1210	624	3249	2269	1312	2936	408	1519	1691	602	1077	2297	2245	3342	1597	3244	644	1833	2726	2131	867	1559	1550	673	509	4273	1689	2044	2836	1194	1791	945	3214	
2188	3517	456	754	4081	2403	2408	4431	3217	0	2661	4841	3147	2963	3950	3611	376	3809	4585	2931	3289	3971	5388	550	132	4143	3366	3666	247	3070	2791	3846	1850	3305	2659	3712	266	4154	2634	1720	2942	2153	2569	4328	3812	4753	3409	1964	323	3040	2123	2106	2966	3608	2108	4454	209	4812	5055	2583	3517	775	2819	2599	4740	4583	3371	2794	1154	2748	4517	3573	3366	4026	2632	151	
787	3655	2590	2892	3155	262	3473	4869	2609	2661	0	5703	4571	354	4628	2816	2964	2688	4365	3853	2363	5213	6132	2824	2539	1977	3246	3281	2901	2174	144	3852	1527	2819	1610	3018	2448	3293	3966	2316	1848	2036	1450	3736	3144	5630	4381	1807	2369	2800	1283	1105	2902	3617	3593	2258	2610	3747	5727	2377	4137	1893	546	1781	3952	3096	2179	2145	3092	942	2492	923	3603	4310	2894	2540	
4935	2137	5291	5573	3405	5530	2481	1035	3308	4841	5703	0	1802	6026	1076	3354	4591	3746	2155	1973	3665	1035	564	5371	4805	5294	2588	2759	4888	3741	5719	2089	4249	3101	4163	3175	5015	3292	2213	3576	4039	3680	4299	2834	3099	88	1446	3937	4744	2982	4429	4614	2838	2242	2736	5438	5045	3594	414	3334	1566	4875	5320	3965	3120	4269	3966	3637	5962	4886	5152	6109	2138	1551	2810	4940	
3786	1898	3603	3849	3326	4351	1106	1863	2784	3147	4571	1802	0	4921	1313	3037	2859	3454	2715	900	3133	830	2366	3652	3133	4784	2215	2571	3160	3092	4627	2130	3045	2648	3283	2945	3352	3278	608	2260	3295	2596	3368	3034	2939	1715	731	2778	3106	2376	3315	3477	2182	2074	1078	5012	3356	3838	2115	2459	1251	3331	4318	3078	3469	4211	3425	2865	4226	3938	4828	5188	1760	1839	1907	3263	
1135	3959	2858	3139	3368	604	3821	5175	2881	2963	354	6026	4921	0	4950	3060	3278	2893	4626	4194	2612	5555	6446	3087	2844	1992	3540	3552	3198	2438	307	4142	1877	3095	1898	3265	2739	3511	4317	2667	2109	2373	1745	3972	3390	5955	4719	2152	2681	3098	1622	1449	3210	3913	3946	2247	2898	3922	6040	2694	4462	2205	754	2080	4160	3223	2402	2437	3308	1193	2523	709	3915	4612	3223	2836	
3863	1097	4387	4699	2481	4458	1542	558	2261	3950	4628	1076	1313	4950	0	2353	3745	2763	1498	1019	2624	1051	1529	4494	3897	4281	1545	1771	4031	2683	4643	1134	3187	2061	3089	2192	4097	2389	1441	2546	2974	2610	3224	2004	2135	1007	628	2873	3813	1917	3357	3543	1766	1228	1916	4447	4147	2815	1144	2258	496	3891	4244	2890	2380	3376	2928	2566	5096	3811	4185	5039	1073	649	1738	4033	
2233	1264	3901	4286	470	2748	2171	2355	398	3611	2816	3354	3037	3060	2353	0	3635	422	1580	2139	455	3290	3647	4106	3497	1940	843	596	3812	668	2773	1268	1915	408	1263	208	3602	556	2618	1928	977	1461	1430	921	331	3304	2461	1687	3326	726	1832	1991	907	1126	2644	2094	3733	1202	3242	1042	1978	3102	2306	1172	1206	1201	677	853	4657	1876	1841	2924	1337	1806	1290	3605	
2430	3408	789	990	4102	2703	2213	4247	3237	376	2964	4591	2859	3278	3745	3635	0	3869	4490	2728	3349	3688	5146	795	457	4335	3304	3628	301	3141	3089	3743	1995	3301	2786	3717	642	4164	2379	1708	3050	2203	2716	4293	3808	4503	3179	2054	598	3016	2296	2307	2920	3514	1857	4644	560	4830	4826	2594	3336	1073	3076	2701	4721	4666	3463	2852	1371	2961	4680	3863	3249	3876	2560	528	
2201	1680	4063	4448	479	2658	2560	2733	721	3809	2688	3746	3454	2893	2763	422	3869	0	1860	2555	520	3710	4015	4278	3689	1563	1265	993	4023	741	2625	1658	2024	809	1268	572	3773	625	3021	2185	953	1666	1421	1126	652	3699	2883	1847	3510	1109	1873	2006	1300	1536	3018	1692	3913	1095	3614	1320	2397	3237	2153	1244	1267	832	526	1017	4806	1753	1424	2671	1758	2196	1664	3787	
3715	1086	4963	5326	1417	4270	2415	1145	1760	4585	4365	2155	2715	4626	1498	1580	4490	1860	0	2041	2015	2541	2277	5127	4497	3399	1255	1091	4734	2191	4333	750	3231	1558	2764	1372	4655	1277	2607	2899	2519	2656	2930	760	1252	2137	1985	2936	4361	1673	3253	3433	1671	978	2922	3478	4751	1444	1908	2179	1477	4273	3872	2620	966	2182	2256	2252	5722	3434	3148	4501	1252	880	1957	4624	
3067	1066	3370	3680	2445	3654	524	1524	1885	2931	3853	1973	900	4194	1019	2139	2728	2555	2041	0	2237	1363	2493	3475	2880	3899	1328	1697	3013	2208	3891	1353	2345	1749	2451	2054	3081	2408	570	1619	2429	1823	2553	2216	2057	1889	541	2047	2800	1478	2572	2748	1285	1240	932	4120	3128	2998	2136	1605	631	2905	3542	2244	2667	3321	2532	1997	4077	3137	3929	4393	909	1239	1040	3015	
1783	1531	3548	3934	862	2294	2160	2700	367	3289	2363	3665	3133	2612	2624	455	3349	520	2015	2237	0	3489	3998	3762	3170	1678	1080	965	3502	233	2323	1614	1520	564	816	654	3256	979	2650	1672	523	1146	981	1375	781	3608	2633	1330	2991	762	1401	1552	953	1426	2585	1884	3395	1570	3589	829	2200	2729	1859	749	1643	1331	306	497	4295	1425	1700	2511	1560	2136	1258	3269	
4426	2035	4427	4678	3480	5009	1771	1467	3123	3971	5213	1035	830	5555	1051	3290	3688	3710	2541	1363	3489	0	1587	4480	3952	5167	2449	2740	3989	3500	5253	2152	3697	2947	3800	3153	4170	3400	1364	2943	3752	3186	3909	3045	3114	954	864	3405	3917	2734	3933	4108	2553	2194	1878	5361	4179	3860	1405	2949	1313	4115	4904	3593	3430	4381	3793	3322	5056	4496	5129	5750	1953	1699	2383	4084	
5377	2500	5837	6125	3631	5971	3009	1298	3654	5388	6132	564	2366	6446	1529	3647	5146	4015	2277	2493	3998	1587	0	5922	5349	5577	2941	3054	5442	4098	6140	2386	4713	3440	4561	3455	5558	3505	2767	4071	4410	4131	4705	3012	3364	652	1982	4398	5283	3363	4871	5059	3237	2577	3289	5696	5592	3712	409	3755	2023	5396	5724	4370	3230	4453	4290	4026	6515	5284	5387	6484	2532	1863	3258	5484	
2484	4063	240	205	4575	2581	2953	4979	3716	550	2824	5371	3652	3087	4494	4106	795	4278	5127	3475	3762	4480	5922	0	631	4476	3901	4192	495	3537	2963	4390	2275	3817	3083	4217	506	4655	3160	2247	3380	2645	2976	4850	4321	5283	3946	2432	782	3561	2513	2463	3496	4151	2635	4788	378	5306	5594	3092	4066	1081	3072	3048	5254	5029	3819	3273	604	3072	4885	3746	3913	4576	3172	507	
2057	3434	490	830	3967	2280	2356	4370	3105	132	2539	4805	3133	2844	3897	3497	457	3689	4497	2880	3170	3952	5349	631	0	4011	3271	3565	377	2950	2668	3761	1722	3197	2531	3602	222	4043	2605	1618	2816	2038	2440	4225	3703	4717	3368	1842	191	2936	1993	1975	2867	3520	2081	4322	256	4699	5010	2474	3457	648	2689	2475	4634	4459	3247	2676	1228	2616	4387	3448	3285	3955	2541	136	
1997	3185	4237	4597	1983	2105	3754	4291	2044	4143	1977	5294	4784	1992	4281	1940	4335	1563	3399	3899	1678	5167	5577	4476	4011	0	2740	2536	4387	1692	1850	3208	2355	2228	1651	2124	4008	2124	4265	2945	1521	2399	1662	2644	2213	5244	4311	2394	3820	2437	2040	2037	2624	3059	4111	312	4171	2264	5175	2349	3874	3406	1498	1818	2642	1429	1374	1933	4876	1404	533	1460	3230	3745	2879	4066	
2538	451	3727	4096	1118	3117	1463	1649	720	3366	3246	2588	2215	3540	1545	843	3304	1265	1255	1328	1080	2449	2941	3901	3271	2740	0	385	3530	1158	3237	609	1993	516	1642	731	3419	1089	1847	1658	1469	1408	1797	1016	729	2530	1618	1690	3126	450	2052	2237	417	372	1973	2919	3523	1716	2532	938	1139	3020	2802	1465	1469	1996	1384	1104	4489	2358	2681	3543	496	1081	744	3395	
2624	706	4008	4384	756	3180	1848	1760	673	3666	3281	2759	2571	3552	1771	596	3628	993	1091	1697	965	2740	3054	4192	3565	2536	385	0	3842	1114	3255	672	2164	467	1675	421	3701	711	2227	1947	1443	1612	1840	665	375	2710	1940	1882	3412	634	2166	2345	708	548	2357	2683	3813	1331	2648	1132	1429	3265	2800	1529	1104	1653	1243	1162	4771	2358	2414	3477	815	1210	1089	3685	
2434	3658	517	690	4282	2644	2495	4527	3416	247	2901	4888	3160	3198	4031	3812	301	4023	4734	3013	3502	3989	5442	495	377	4387	3530	3842	0	3287	3032	3990	2083	3495	2890	3906	466	4351	2676	1902	3169	2361	2805	4506	4003	4800	3471	2184	567	3221	2363	2350	3137	3757	2153	4698	329	5013	5119	2777	3614	1019	3065	2824	4925	4804	3594	3006	1074	2993	4757	3815	3502	4143	2790	363	
1565	1606	3322	3708	1093	2091	2078	2803	450	3070	2174	3741	3092	2438	2683	668	3141	741	2191	2208	233	3500	4098	3537	2950	1692	1158	1114	3287	0	2143	1731	1289	667	595	856	3032	1207	2581	1484	329	942	762	1583	983	3680	2638	1107	2770	772	1171	1325	947	1522	2474	1926	3172	1802	3689	692	2236	2499	1686	517	1868	1527	364	301	4067	1245	1784	2387	1610	2236	1189	3047	
843	3654	2729	3034	3097	388	3524	4870	2584	2791	144	5719	4627	307	4643	2773	3089	2625	4333	3891	2323	5253	6140	2963	2668	1850	3237	3255	3032	2143	0	3839	1585	2796	1595	2977	2582	3237	4024	2378	1814	2069	1440	3690	3103	5648	4415	1853	2496	2794	1320	1150	2904	3609	3663	2127	2744	3672	5734	2387	4155	2021	472	1775	3892	3002	2124	2133	3236	899	2370	785	3608	4307	2916	2672	
3147	337	4232	4591	1347	3726	1681	1090	1281	3846	3852	2089	2130	4142	1134	1268	3743	1658	750	1353	1614	2152	2386	4390	3761	3208	609	672	3990	1731	3839	0	2589	1064	2244	1086	3924	1255	1923	2179	2053	1997	2402	911	1013	2042	1429	2281	3630	1059	2659	2845	1001	253	2194	3350	4016	1726	1979	1538	891	3567	3399	2071	1339	2242	1904	1707	4988	2955	3070	4116	505	538	1230	3889	
742	2327	2051	2436	2370	1313	1947	3501	1561	1850	1527	4249	3045	1877	3187	1915	1995	2024	3231	2345	1520	3697	4713	2275	1722	2355	1993	2164	2083	1289	1585	2589	0	1717	811	2065	1773	2471	2440	794	1105	596	723	2767	2184	4172	2881	317	1533	1558	334	446	1588	2337	2085	2661	1923	3089	4318	1055	2691	1215	1328	780	3115	2754	1546	1063	2785	1051	2685	2211	2237	2968	1459	1803	
2157	967	3622	4003	827	2714	1763	2143	217	3305	2819	3101	2648	3095	2061	408	3301	809	1558	1749	564	2947	3440	3817	3197	2228	516	467	3495	667	2796	1064	1717	0	1210	419	3318	867	2214	1595	992	1190	1375	1055	508	3044	2102	1449	3034	321	1702	1879	499	864	2238	2414	3440	1537	3031	725	1646	2853	2346	1062	1438	1609	868	695	4384	1903	2193	3052	1003	1577	885	3311	
970	2065	2857	3240	1673	1506	2197	3281	1004	2659	1610	4163	3283	1898	3089	1263	2786	1268	2764	2451	816	3800	4561	3083	2531	1651	1642	1675	2890	595	1595	2244	811	1210	0	1450	2582	1794	2717	1294	316	753	167	2177	1577	4096	2939	757	2343	1202	606	740	1326	2015	2495	1940	2733	2360	4153	852	2612	2014	1163	207	2459	1952	758	539	3580	723	1913	1958	2032	2717	1417	2613	
2420	1118	4018	4401	417	2944	2135	2167	507	3712	3018	3175	2945	3265	2192	208	3717	572	1372	2054	654	3153	3455	4217	3602	2124	731	421	3906	856	2977	1086	2065	419	1450	0	3716	449	2557	2009	1173	1577	1617	727	128	3128	2340	1819	3436	731	2004	2168	888	967	2625	2264	3842	1119	3051	1129	1840	3234	2511	1344	1051	1267	885	1005	4778	2079	1993	3132	1210	1625	1286	3713	
2028	3601	308	685	4071	2194	2558	4562	3214	266	2448	5015	3352	2739	4097	3602	642	3773	4655	3081	3256	4170	5558	506	222	4008	3419	3701	466	3032	2582	3924	1773	3318	2582	3716	0	4152	2820	1761	2877	2142	2480	4356	3822	4928	3575	1927	294	3068	2020	1981	3010	3681	2296	4320	165	4802	5215	2593	3650	603	2642	2543	4756	4526	3315	2768	1071	2605	4403	3367	3456	4136	2698	115	
2758	1392	4453	4837	147	3248	2541	2259	938	4154	3293	3292	3278	3511	2389	556	4164	625	1277	2408	979	3400	3505	4655	4043	2124	1089	711	4351	1207	3237	1255	2471	867	1794	449	4152	0	2936	2456	1492	2010	1958	520	378	3255	2630	2242	3874	1175	2377	2531	1321	1220	3042	2204	4280	670	3115	1573	2105	3658	2765	1720	666	988	1115	1409	5210	2353	1883	3295	1518	1767	1720	4152	
3182	1629	3087	3361	2961	3744	521	1989	2320	2634	3966	2213	608	4317	1441	2618	2379	3021	2607	570	2650	1364	2767	3160	2605	4265	1847	2227	2676	2581	4024	1923	2440	2214	2717	2557	2820	2936	0	1653	2755	2009	2792	2775	2573	2124	826	2179	2560	1916	2715	2875	1723	1800	526	4508	2840	3545	2458	1919	1160	2752	3723	2516	3229	3815	2928	2333	3749	3353	4349	4599	1466	1784	1395	2739	
1535	1866	2070	2441	2395	2091	1175	2933	1530	1720	2316	3576	2260	2667	2546	1928	1708	2185	2899	1619	1672	2943	4071	2247	1618	2945	1658	1947	1902	1484	2378	2179	794	1595	1294	2009	1761	2456	1653	0	1475	561	1302	2608	2102	3494	2160	581	1469	1320	1095	1238	1250	1931	1294	3232	1868	3122	3691	886	2059	1395	2111	1139	3024	3003	1833	1184	2832	1787	3181	2995	1735	2449	949	1740	
1265	1912	3156	3541	1367	1771	2240	3118	776	2942	1848	4039	3295	2109	2974	977	3050	953	2519	2429	523	3752	4410	3380	2816	1521	1469	1443	3169	329	1814	2053	1105	992	316	1173	2877	1492	2755	1475	0	914	469	1897	1301	3976	2887	997	2630	1058	922	1053	1214	1838	2590	1787	3025	2046	4001	837	2514	2318	1357	349	2158	1649	445	432	3886	916	1707	2074	1902	2550	1391	2903	
1258	1732	2442	2826	1930	1851	1492	2908	1073	2153	2036	3680	2596	2373	2610	1461	2203	1666	2656	1823	1146	3186	4131	2645	2038	2399	1408	1612	2361	942	2069	1997	596	1190	753	1577	2142	2010	2009	561	914	0	794	2243	1686	3605	2346	283	1866	987	754	936	997	1745	1749	2681	2272	2662	3733	481	2115	1662	1726	583	2623	2468	1280	649	3201	1343	2620	2593	1641	2372	873	2144	
803	2214	2747	3128	1835	1340	2272	3430	1170	2569	1450	4299	3368	1745	3224	1430	2716	1421	2930	2553	981	3909	4705	2976	2440	1662	1797	1840	2805	762	1440	2402	723	1375	167	1617	2480	1958	2792	1302	469	794	0	2344	1744	4231	3052	735	2251	1353	472	586	1468	2169	2542	1960	2634	2515	4298	972	2743	1901	1020	336	2623	2077	903	694	3460	590	1965	1841	2174	2867	1529	2516	
3147	1150	4662	5040	663	3669	2451	1799	1210	4328	3736	2834	3034	3972	2004	921	4293	1126	760	2216	1375	3045	3012	4850	4225	2644	1016	665	4506	1583	3690	911	2767	1055	2177	727	4356	520	2775	2608	1897	2243	2344	0	600	2804	2340	2503	4069	1289	2725	2893	1373	976	2968	2719	4472	817	2629	1770	1802	3905	3220	2067	458	1442	1572	1718	5426	2794	2390	3793	1309	1359	1749	4343	
2547	1081	4125	4507	388	3072	2168	2082	624	3812	3144	3099	2939	3390	2135	331	3808	652	1252	2057	781	3114	3364	4321	3703	2213	729	375	4003	983	3103	1013	2184	508	1577	128	3822	378	2573	2102	1301	1686	1744	600	0	3053	2315	1933	3539	803	2129	2294	944	920	2666	2341	3945	1043	2962	1230	1804	3346	2637	1469	938	1278	1005	1126	4886	2205	2057	3249	1188	1550	1343	3816	
4861	2078	5204	5485	3366	5455	2395	1005	3249	4753	5630	88	1715	5955	1007	3304	4503	3699	2137	1889	3608	954	652	5283	4717	5244	2530	2710	4800	3680	5648	2042	4172	3044	4096	3128	4928	3255	2124	3494	3976	3605	4231	2804	3053	0	1361	3861	4657	2919	4355	4540	2772	2188	2648	5392	4957	3571	472	3264	1493	4790	5251	3897	3099	4235	3910	3571	5874	4818	5109	6044	2074	1504	2737	4852	
3598	1239	3856	4150	2694	4187	1035	1185	2269	3409	4381	1446	731	4719	628	2461	3179	2883	1985	541	2633	864	1982	3946	3368	4311	1618	1940	3471	2638	4415	1429	2881	2102	2939	2340	3575	2630	826	2160	2887	2346	3052	2340	2315	1361	0	2580	3301	1875	3099	3277	1692	1411	1326	4513	3611	3153	1648	2087	538	3430	4054	2733	2764	3593	2937	2457	4543	3640	4293	4893	1130	1108	1523	3503	
1021	2014	2221	2606	2152	1607	1673	3184	1312	1964	1807	3937	2778	2152	2873	1687	2054	1847	2936	2047	1330	3405	4398	2432	1842	2394	1690	1882	2184	1107	1853	2281	317	1449	757	1819	1927	2242	2179	581	997	283	735	2503	1933	3861	2580	0	1662	1263	537	703	1280	2028	1863	2690	2065	2880	4002	757	2377	1416	1548	648	2870	2621	1412	842	2972	1207	2669	2429	1921	2652	1142	1940	
1870	3306	602	972	3796	2109	2278	4273	2936	323	2369	4744	3106	2681	3813	3326	598	3510	4361	2800	2991	3917	5283	782	191	3820	3126	3412	567	2770	2496	3630	1533	3034	2343	3436	294	3874	2560	1469	2630	1866	2251	4069	3539	4657	3301	1662	0	2780	1802	1784	2719	3387	2039	4131	406	4527	4936	2310	3363	476	2505	2291	4472	4275	3063	2499	1363	2426	4195	3274	3162	3843	2404	278	
2088	864	3375	3752	1145	2668	1451	2079	408	3040	2800	2982	2376	3098	1917	726	3016	1109	1673	1478	762	2734	3363	3561	2936	2437	450	634	3221	772	2794	1059	1558	321	1202	731	3068	1175	1916	1320	1058	987	1353	1289	803	2919	1875	1263	2780	0	1603	1788	194	818	1919	2646	3183	1844	2954	507	1464	2633	2365	1019	1705	1923	1063	664	4138	1923	2452	3128	845	1514	565	3054	
506	2427	2281	2660	2263	1101	2210	3628	1519	2123	1283	4429	3315	1622	3357	1832	2296	1873	3253	2572	1401	3933	4871	2513	1993	2040	2052	2166	2363	1171	1320	2659	334	1702	606	2004	2020	2377	2715	1095	922	754	472	2725	2129	4355	3099	537	1802	1603	0	188	1672	2413	2388	2348	2177	2962	4470	1132	2863	1434	1016	661	3037	2548	1364	1011	2989	717	2394	1899	2357	3079	1619	2062	
321	2615	2227	2600	2412	915	2374	3817	1691	2106	1105	4614	3477	1449	3543	1991	2307	2006	3433	2748	1552	4108	5059	2463	1975	2037	2237	2345	2350	1325	1150	2845	446	1879	740	2168	1981	2531	2875	1238	1053	936	586	2893	2294	4540	3277	703	1784	1788	188	0	1859	2600	2531	2348	2141	3100	4658	1320	3049	1383	884	826	3193	2649	1489	1185	2914	656	2423	1766	2545	3267	1804	2033	
2168	757	3318	3690	1305	2756	1265	1968	602	2966	2902	2838	2182	3210	1766	907	2920	1300	1671	1285	953	2553	3237	3496	2867	2624	417	708	3137	947	2904	1001	1588	499	1326	888	3010	1321	1723	1250	1214	997	1468	1373	944	2772	1692	1280	2719	194	1672	1859	0	749	1741	2837	3118	1985	2830	541	1301	2604	2487	1132	1809	2108	1251	799	4081	2050	2646	3272	706	1411	399	2989	
2904	176	3989	4350	1288	3486	1505	1281	1077	3608	3617	2242	2074	3913	1228	1126	3514	1536	978	1240	1426	2194	2577	4151	3520	3059	372	548	3757	1522	3609	253	2337	864	2015	967	3681	1220	1800	1931	1838	1745	2169	976	920	2188	1411	2028	3387	818	2413	2600	749	0	2023	3220	3775	1766	2167	1289	888	3316	3174	1836	1429	2190	1725	1476	4747	2731	2959	3909	334	714	983	3648	
2822	1869	2562	2837	3041	3358	518	2446	2297	2108	3593	2736	1078	3946	1916	2644	1857	3018	2922	932	2585	1878	3289	2635	2081	4111	1973	2357	2153	2474	3663	2194	2085	2238	2495	2625	2296	3042	526	1294	2590	1749	2542	2968	2666	2648	1326	1863	2039	1919	2388	2531	1741	2023	0	4375	2315	3687	2971	1783	1563	2253	3404	2306	3426	3841	2835	2195	3226	3068	4257	4288	1697	2164	1356	2214	
2307	3355	4549	4908	2070	2398	4002	4422	2245	4454	2258	5438	5012	2247	4447	2094	4644	1692	3478	4120	1884	5361	5696	4788	4322	312	2919	2683	4698	1926	2127	3350	2661	2414	1940	2264	4320	2204	4508	3232	1787	2681	1960	2719	2341	5392	4513	2690	4131	2646	2348	2348	2837	3220	4375	0	4483	2251	5298	2601	4058	3718	1796	2098	2664	1395	1588	2185	5185	1716	379	1664	3413	3888	3115	4377	
2193	3689	248	575	4202	2357	2605	4623	3342	209	2610	5045	3356	2898	4147	3733	560	3913	4751	3128	3395	4179	5592	378	256	4171	3523	3813	329	3172	2744	4016	1923	3440	2733	3842	165	4280	2840	1868	3025	2272	2634	4472	3945	4957	3611	2065	406	3183	2177	2141	3118	3775	2315	4483	0	4933	5256	2715	3710	767	2807	2689	4877	4672	3461	2904	973	2769	4563	3529	3541	4210	2795	129	
3295	1942	5099	5484	732	3737	3179	2568	1597	4812	3747	3594	3838	3922	2815	1202	4830	1095	1444	2998	1570	3860	3712	5306	4699	2264	1716	1331	5013	1802	3672	1726	3089	1537	2360	1119	4802	670	3545	3122	2046	2662	2515	817	1043	3571	3153	2880	4527	1844	2962	3100	1985	1766	3687	2251	4933	0	3350	2237	2616	4292	3204	2318	482	856	1620	2039	5853	2826	1882	3603	2091	2167	2383	4806	
4975	2091	5499	5798	3238	5569	2658	889	3244	5055	5727	414	2115	6040	1144	3242	4826	3614	1908	2136	3589	1405	409	5594	5010	5175	2532	2648	5119	3689	5734	1979	4318	3031	4153	3051	5215	3115	2458	3691	4001	3733	4298	2629	2962	472	1648	4002	4936	2954	4470	4658	2830	2167	2971	5298	5256	3350	0	3351	1635	5031	5316	3962	2870	4071	3882	3618	6191	4876	4994	6074	2125	1454	2861	5146	
1631	1296	2898	3278	1509	2222	1405	2499	644	2583	2377	3334	2459	2694	2258	1042	2594	1320	2179	1605	829	2949	3755	3092	2474	2349	938	1132	2777	692	2387	1538	1055	725	852	1129	2593	1573	1919	886	837	481	972	1770	1230	3264	2087	757	2310	507	1132	1320	541	1289	1783	2601	2715	2237	3351	0	1773	2136	1989	646	2163	2150	1055	416	3660	1562	2474	2808	1229	1948	566	2587	
3369	723	3946	4270	2176	3964	1123	914	1833	3517	4137	1566	1251	4462	496	1978	3336	2397	1477	631	2200	1313	2023	4066	3457	3874	1139	1429	3614	2236	4155	891	2691	1646	2612	1840	3650	2105	1160	2059	2514	2115	2743	1802	1804	1493	538	2377	3363	1464	2863	3049	1301	888	1563	4058	3710	2616	1635	1773	0	3418	3761	2411	2227	3077	2506	2097	4669	3332	3818	4568	645	625	1244	3592	
1426	3259	847	1227	3565	1633	2396	4312	2726	775	1893	4875	3331	2205	3891	3102	1073	3237	4273	2905	2729	4115	5396	1081	648	3406	3020	3265	1019	2499	2021	3567	1215	2853	2014	3234	603	3658	2752	1395	2318	1662	1901	3905	3346	4790	3430	1416	476	2633	1434	1383	2604	3316	2253	3718	767	4292	5031	2136	3418	0	2047	1995	4283	3966	2760	2253	1569	2003	3806	2800	3130	3841	2340	671	
655	3228	2833	3171	2625	611	3212	4444	2131	2819	546	5320	4318	754	4244	2306	3076	2153	3872	3542	1859	4904	5724	3072	2689	1498	2802	2800	3065	1686	472	3399	1328	2346	1163	2511	2642	2765	3723	2111	1357	1726	1020	3220	2637	5251	4054	1548	2505	2365	1016	884	2487	3174	3404	1796	2807	3204	5316	1989	3761	2047	0	1355	3420	2552	1653	1701	3419	444	1993	884	3193	3879	2537	2717	
1095	1879	2827	3213	1609	1658	1995	3095	867	2599	1781	3965	3078	2080	2890	1172	2701	1244	2620	2244	749	3593	4370	3048	2475	1818	1465	1529	2824	517	1775	2071	780	1062	207	1344	2543	1720	2516	1139	349	583	336	2067	1469	3897	2733	648	2291	1019	661	826	1132	1836	2306	2098	2689	2318	3962	646	2411	1995	1355	0	2377	1984	772	369	3565	921	2043	2163	1838	2532	1210	2565	
3424	1601	5060	5441	798	3912	2910	2101	1559	4740	3952	3120	3469	4160	2380	1206	4721	1267	966	2667	1643	3430	3230	5254	4634	2642	1469	1104	4925	1868	3892	1339	3115	1438	2459	1051	4756	666	3229	3024	2158	2623	2623	458	938	3099	2764	2870	4472	1705	3037	3193	1809	1429	3426	2664	4877	482	2870	2163	2227	4283	3420	2377	0	1291	1776	2052	5822	3014	2306	3907	1763	1731	2193	4749	
2778	2356	4806	5190	902	3131	3372	3234	1550	4583	3096	4269	4211	3223	3376	1201	4666	832	2182	3321	1331	4381	4453	5029	4459	1429	1996	1653	4804	1527	3002	2242	2754	1609	1952	1267	4526	988	3815	3003	1649	2468	2077	1442	1278	4235	3593	2621	4275	1923	2548	2649	2108	2190	3841	1395	4672	856	4071	2150	3077	3966	2552	1984	1291	0	1212	1822	5532	2234	1026	2826	2466	2755	2485	4550	
1676	1834	3597	3982	977	2138	2430	2993	673	3371	2179	3966	3425	2402	2928	677	3463	526	2256	2532	306	3793	4290	3819	3247	1374	1384	1243	3594	364	2124	1904	1546	868	758	885	3315	1115	2928	1833	445	1280	903	1572	1005	3910	2937	1412	3063	1063	1364	1489	1251	1725	2835	1588	3461	1620	3882	1055	2506	2760	1653	772	1776	1212	0	660	4329	1238	1425	2247	1865	2431	1534	3338	
1463	1528	3063	3448	1312	2027	1820	2743	509	2794	2145	3637	2865	2437	2566	853	2852	1017	2252	1997	497	3322	4026	3273	2676	1933	1104	1162	3006	301	2133	1707	1063	695	539	1005	2768	1409	2333	1184	432	649	694	1718	1126	3571	2457	842	2499	664	1011	1185	799	1476	2195	2185	2904	2039	3618	416	2097	2253	1701	369	2052	1822	660	0	3814	1259	2066	2473	1501	2178	959	2777	
2883	4662	763	400	5124	2872	3556	5583	4273	1154	3092	5962	4226	3308	5096	4657	1371	4806	5722	4077	4295	5056	6515	604	1228	4876	4489	4771	1074	4067	3236	4988	2785	4384	3580	4778	1071	5210	3749	2832	3886	3201	3460	5426	4886	5874	4543	2972	1363	4138	2989	2914	4081	4747	3226	5185	973	5853	6191	3660	4669	1569	3419	3565	5822	5532	4329	3814	0	3482	5313	4001	4514	5180	3766	1099	
599	2787	2833	3195	2215	911	2836	4002	1689	2748	942	4886	3938	1193	3811	1876	2961	1753	3434	3137	1425	4496	5284	3072	2616	1404	2358	2358	2993	1245	899	2955	1051	1903	723	2079	2605	2353	3353	1787	916	1343	590	2794	2205	4818	3640	1207	2426	1923	717	656	2050	2731	3068	1716	2769	2826	4876	1562	3332	2003	444	921	3014	2234	1238	1259	3482	0	1833	1255	2755	3436	2118	2666	
2432	3104	4648	5017	1756	2604	3855	4127	2044	4517	2492	5152	4828	2523	4185	1841	4680	1424	3148	3929	1700	5129	5387	4885	4387	533	2681	2414	4757	1784	2370	3070	2685	2193	1913	1993	4403	1883	4349	3181	1707	2620	1965	2390	2057	5109	4293	2669	4195	2452	2394	2423	2646	2959	4257	379	4563	1882	4994	2474	3818	3806	1993	2043	2306	1026	1425	2066	5313	1833	0	1988	3176	3606	2955	4452	
1510	3986	3512	3812	3148	1172	4084	5190	2836	3573	923	6109	5188	709	5039	2924	3863	2671	4501	4393	2511	5750	6484	3746	3448	1460	3543	3477	3815	2387	785	4116	2211	3052	1958	3132	3367	3295	4599	2995	2074	2593	1841	3793	3249	6044	4893	2429	3274	3128	1899	1766	3272	3909	4288	1664	3529	3603	6074	2808	4568	2800	884	2163	3907	2826	2247	2473	4001	1255	1988	0	3972	4623	3370	3455	
2860	172	3762	4115	1571	3451	1181	1271	1194	3366	3603	2138	1760	3915	1073	1337	3249	1758	1252	909	1560	1953	2532	3913	3285	3230	496	815	3502	1610	3608	505	2237	1003	2032	1210	3456	1518	1466	1735	1902	1641	2174	1309	1188	2074	1130	1921	3162	845	2357	2545	706	334	1697	3413	3541	2091	2125	1229	645	3130	3193	1838	1763	2466	1865	1501	4514	2755	3176	3972	0	732	799	3416	
3579	655	4439	4780	1870	4167	1691	568	1791	4026	4310	1551	1839	4612	649	1806	3876	2196	880	1239	2136	1699	1863	4576	3955	3745	1081	1210	4143	2236	4307	538	2968	1577	2717	1625	4136	1767	1784	2449	2550	2372	2867	1359	1550	1504	1108	2652	3843	1514	3079	3267	1411	714	2164	3888	4210	2167	1454	1948	625	3841	3879	2532	1731	2755	2431	2178	5180	3436	3606	4623	732	0	1527	4088	
2125	920	3006	3370	1702	2720	904	2045	945	2632	2894	2810	1907	3223	1738	1290	2560	1664	1957	1040	1258	2383	3258	3172	2541	2879	744	1089	2790	1189	2916	1230	1459	885	1417	1286	2698	1720	1395	949	1391	873	1529	1749	1343	2737	1523	1142	2404	565	1619	1804	399	983	1356	3115	2795	2383	2861	566	1244	2340	2537	1210	2193	2485	1534	959	3766	2118	2955	3370	799	1527	0	2668	
2096	3564	355	702	4074	2284	2492	4505	3214	151	2540	4940	3263	2836	4033	3605	528	3787	4624	3015	3269	4084	5484	507	136	4066	3395	3685	363	3047	2672	3889	1803	3311	2613	3713	115	4152	2739	1740	2903	2144	2516	4343	3816	4852	3503	1940	278	3054	2062	2033	2989	3648	2214	4377	129	4806	5146	2587	3592	671	2717	2565	4749	4550	3338	2777	1099	2666	4452	3455	3416	4088	2668	0	


0	 CF142QG	 0 	 0 	 540  	 1080  	 0  	 0 

1	 CF146LU 	 1 	 8 	 600  	 840  	 5  	 2 
2	 CF244EL 	 1 	 10 	 540  	 780  	 10  	 5 
3	 CF244BL 	 0 	 12 	 720  	 960  	 8  	 4 
4	 CF147AN	 1 	 8 	 540  	 780  	 8  	 4 
5	 CF52DL 	 1 	 2 	 600  	 840  	 7  	 3 
6	 CF144LT 	 1 	 7 	 600  	 840  	 9  	 4 
7	 CF145HR 	 0 	 13 	 600  	 840  	 6  	 3 
8	 CF141WL	 1 	 1 	 720  	 960  	 9  	 4 
9	 CF244QJ 	 1 	 2 	 540  	 780  	 9  	 4 
10	 CF52DW 	 1 	 3 	 540  	 780  	 6  	 3 
11	 CF149BY 	 1 	 9 	 660  	 900  	 10  	 5 
12	 CF140NT 	 1 	 5 	 600  	 840  	 10  	 5 
13	 CF52AQ 	 1 	 8 	 720  	 960  	 9  	 4 
14	 CF145BS 	 1 	 3 	 720  	 960  	 8  	 4 
15	 CF147AS 	 1 	 2 	 540  	 780  	 7  	 3 
16	 CF244RB 	 1 	 2 	 720  	 960  	 7  	 3 
17	 CF142TE 	 1 	 9 	 600  	 840  	 10  	 5 
18	 CF146SE 	 1 	 10 	 720  	 960  	 10  	 5 
19	 CF145GF 	 1 	 5 	 660  	 900  	 9  	 4 
20	 CF141XQ	 1 	 6 	 720  	 960  	 5  	 2 
21	 CF140SA 	 1 	 6 	 660  	 900  	 10  	 5 
22	 CF149JB 	 1 	 9 	 540  	 780  	 8  	 4 
23	 CF244DB 	 1 	 10 	 720  	 960  	 10  	 5 
24	 CF244PW	 1 	 7 	 600  	 840  	 5  	 2 
25	 CF52QN 	 1 	 5 	 540  	 780  	 7  	 3 
26	 CF146AG	 1 	 9 	 600  	 840  	 6  	 3 
27	 CF146EQ 	 1 	 4 	 660  	 900  	 10  	 5 
28	 CF244PG 	 1 	 1 	 600  	 840  	 10  	 5 
29	 CF141DJ 	 1 	 5 	 660  	 900  	 8  	 4 
30	 CF52JE 	 1 	 3 	 540  	 780  	 5  	 2 
31	 CF146NP	 1 	 6 	 600  	 840  	 5  	 2 
32	 CF143HR 	 1 	 4 	 720  	 960  	 10  	 5 
33	 CF146BD 	 1 	 9 	 600  	 840  	 6  	 3 
34	 CF141JP 	 1 	 8 	 600  	 840  	 7  	 3 
35	 CF141BG 	 1 	 1 	 600  	 840  	 7  	 3 
36	 CF244JB 	 1 	 9 	 600  	 840  	 5  	 2 
37	 CF147BU 	 1 	 1 	 600  	 840  	 6  	 3 
38	 CF145LQ 	 1 	 3 	 720  	 960  	 8  	 4 
39	 CF144AP 	 1 	 8 	 720  	 960  	 9  	 4 
40	 CF141NS 	 0 	 13 	 600  	 840  	 8  	 4 
41	 CF141HS 	 1 	 7 	 720  	 960  	 9  	 4 
42	 CF142PU 	 1 	 7 	 540  	 780  	 10  	 5 
43	 CF146HR 	 0 	 6 	 540  	 780  	 5  	 2 
44	 CF141BH 	 1 	 8 	 600  	 840  	 8  	 4 
45	 CF149BX 	 1 	 2 	 600  	 840  	 7  	 3 
46	 CF145DZ 	 1 	 7 	 600  	 840  	 8  	 4 
47	 CF141HZ 	 1 	 5 	 600  	 840  	 9  	 4 
48	 CF244LA 	 1 	 9 	 600  	 840  	 6  	 3 
49	 CF141SR 	 1 	 2 	 540  	 780  	 5  	 2 
50	 CF142RX 	 1 	 10 	 660  	 900  	 9  	 4 
51	 CF142SJ 	 1 	 7 	 720  	 960  	 9  	 4 
52	 CF141TZ 	 1 	 3 	 660  	 900  	 9  	 4 
53	 CF146NB	 1 	 2 	 720  	 960  	 8  	 4 
54	 CF143RJ 	 1 	 5 	 600  	 840  	 8  	 4 
55	 CF52RF 	 1 	 3 	 720  	 960  	 9  	 4 
56	 CF244HB 	 1 	 6 	 600  	 840  	 5  	 2 
57	 CF147EN 	 1 	 5 	 660  	 900  	 9  	 4 
58	 CF149EP 	 1 	 3 	 720  	 960  	 9  	 4 
59	 CF141RE 	 1 	 4 	 660  	 900  	 5  	 2 
60	 CF145ZG 	 1 	 9 	 540  	 780  	 6  	 3 
61	 CF143AJ 	 1 	 3 	 720  	 960  	 5  	 2 
62	 CF52ER 	 1 	 9 	 600  	 840  	 9  	 4 
63	 CF141LB 	 1 	 10 	 600  	 840  	 9  	 4 
64	 CF147HA	 1 	 8 	 720  	 960  	 7  	 3 
65	 CF147JL 	 0 	 11 	 660  	 900  	 9  	 4 
66	 CF142EB 	 1 	 5 	 720  	 960  	 7  	 3 
67	 CF141PX 	 1 	 3 	 600  	 840  	 10  	 5 
68	 CF244AA 	 1 	 9 	 720  	 960  	 7  	 3 
69	 CF142QN	 1 	 1 	 600  	 840  	 8  	 4 
70	 CF52PE 	 1 	 6 	 720  	 960  	 9  	 4 
71	 CF52JR 	 1 	 7 	 720  	 960  	 10  	 5 
72	 CF144SU 	 1 	 2 	 600  	 840  	 5  	 2 
73	 CF146QS 	 1 	 3 	 720  	 960  	 6  	 3 
74	 CF144PW	 1 	 10 	 600  	 840  	 9  	 4 
75	 CF244JA 	 1 	 7 	 720  	 960  	 5  	 2 
