75

1200
32
10
500

0	2770	577	5391	2937	3807	4651	2938	3602	3854	2947	2904	3690	3552	2671	526	2856	4441	5084	4318	5190	2526	1066	6098	3638	4429	339	3375	4159	3967	655	4288	4558	5372	4563	5819	2988	650	2731	4987	721	3860	5659	3351	3829	6121	3300	3722	960	3232	4672	3702	5036	1922	2826	4502	4186	3484	4335	436	988	3408	870	2936	4650	4232	5151	3602	1125	4019	2603	5492	3054	3125	2818	5754	
2770	0	2207	5411	3129	1761	5168	308	3569	2335	242	942	1654	1256	2013	2799	2241	2367	5171	3432	4777	382	2339	3916	4151	4955	2583	1077	4360	2526	2740	3312	2832	5537	4131	5262	2768	2475	3126	4188	2651	4199	4833	805	1574	5877	3781	1799	2844	2730	2438	2544	3812	2954	291	4801	2373	3836	2921	2727	3001	2310	2054	1890	5072	3217	4410	3569	3035	3631	868	3939	287	716	853	5548	
577	2207	0	5168	2651	3251	4517	2365	3309	3344	2377	2334	3133	2980	2205	685	2411	3891	4867	3904	4879	1984	769	5552	3467	4290	399	2802	3939	3469	704	3860	4042	5178	4232	5495	2621	480	2475	4605	678	3659	5286	2823	3261	5860	3103	3173	968	2832	4113	3229	4591	1753	2281	4315	3655	3268	3850	583	1077	2930	368	2439	4494	3796	4782	3309	1184	3677	2032	5010	2490	2548	2246	5494	
5391	5411	5168	0	2535	4160	1058	5201	1915	3385	5297	4503	4182	4594	3438	4878	3193	4084	311	2202	921	5623	4404	4579	1779	1182	5078	4648	1233	3216	4739	2354	3457	290	1356	1153	2719	4780	2693	1709	4671	1533	1651	6148	4473	821	2093	4011	4446	2687	4386	2996	2467	3469	5700	929	3691	1908	3007	4956	4464	3151	4832	3521	935	2447	1548	1915	4328	1786	4547	3068	5456	4873	4573	519	
2937	3129	2651	2535	0	2505	2060	2992	665	1944	3079	2353	2456	2718	1150	2454	985	2830	2243	1627	2254	3259	1900	4164	1022	1840	2607	2681	1330	1907	2307	1669	2514	2578	1640	2886	473	2298	248	2143	2222	1101	2779	3924	2759	3209	657	2339	2047	757	3169	1524	2419	1084	3400	1748	2399	716	2072	2514	2108	1401	2305	1414	1986	1661	2274	665	1989	1123	2281	3038	3251	2770	2384	2843	
3807	1761	3251	4160	2505	0	4223	1457	2623	775	1541	977	122	532	1514	3595	1560	655	3981	1977	3373	2123	2936	2312	3394	4047	3512	688	3364	955	3476	1831	1080	4349	2804	3748	2032	3271	2642	2663	3365	3321	3239	2243	314	4457	3105	167	3418	1800	867	1184	2144	2975	2017	3784	626	3061	1272	3572	3565	1140	2940	1163	4087	1733	2888	2623	3528	2435	1265	2185	1635	1045	1085	4171	
4651	5168	4517	1058	2060	4223	0	5006	1631	3489	5097	4333	4215	4572	3157	4126	2942	4311	815	2466	1662	5316	3750	5137	1068	228	4362	4582	859	3357	3998	2610	3763	870	1689	2124	2403	4085	2132	2281	3946	969	2488	5951	4523	1869	1450	4060	3692	2499	4643	3046	2996	2765	5445	464	3879	1344	3271	4216	3681	3104	4213	3341	174	2682	2206	1631	3542	1820	4306	3670	5266	4738	4381	1575	
2938	308	2365	5201	2992	1457	5006	0	3391	2055	96	699	1352	949	1852	2917	2065	2059	4969	3178	4539	686	2403	3614	4011	4798	2725	770	4184	2248	2845	3054	2531	5338	3901	5009	2604	2585	3012	3929	2748	4040	4564	950	1266	5641	3649	1501	2918	2537	2133	2290	3528	2924	565	4626	2072	3689	2637	2854	3076	2071	2172	1687	4904	2957	4152	3391	3097	3416	713	3638	260	413	631	5318	
3602	3569	3309	1915	665	2623	1631	3391	0	1929	3483	2709	2604	2945	1560	3117	1329	2799	1640	1204	1590	3748	2563	3918	810	1438	3272	2951	793	1830	2970	1297	2347	1994	994	2224	814	2963	882	1555	2886	698	2153	4340	2914	2554	665	2457	2705	868	3141	1477	1968	1729	3852	1235	2357	511	1859	3179	2759	1488	2959	1714	1517	1326	1657	0	2636	542	2702	2636	3650	3109	2762	2190	
3854	2335	3344	3385	1944	775	3489	2055	1929	0	2149	1413	810	1250	1237	3545	1154	889	3211	1204	2601	2657	2864	2340	2727	3324	3530	1351	2632	194	3410	1060	708	3578	2029	2998	1482	3250	2127	1911	3299	2621	2518	2932	1090	3690	2479	635	3285	1190	1231	452	1478	2644	2616	3041	456	2402	590	3547	3415	563	2993	923	3346	961	2136	1929	3350	1680	1618	1705	2275	1657	1518	3399	
2947	242	2377	5297	3079	1541	5097	96	3483	2149	0	795	1438	1026	1942	2944	2157	2135	5064	3274	4636	624	2445	3674	4098	4888	2743	853	4277	2342	2875	3150	2617	5433	3997	5105	2695	2613	3095	4025	2781	4130	4659	856	1341	5737	3735	1589	2958	2631	2198	2386	3621	2991	477	4718	2159	3778	2729	2877	3115	2168	2197	1781	4995	3053	4248	3483	3140	3512	798	3724	173	500	725	5415	
2904	942	2334	4503	2353	977	4333	699	2709	1413	795	0	856	650	1203	2758	1394	1632	4273	2490	3843	1245	2145	3280	3360	4129	2632	486	3501	1600	2657	2371	1976	4643	3202	4321	1939	2424	2401	3247	2549	3371	3893	1645	930	4944	3008	955	2657	1848	1804	1603	2889	2450	1231	3943	1524	3032	2003	2719	2812	1374	2053	996	4225	2275	3468	2709	2803	2717	303	3071	953	419	110	4620	
3690	1654	3133	4182	2456	122	4215	1352	2604	810	1438	856	0	451	1436	3483	1498	777	3996	2014	3410	2013	2827	2434	3364	4035	3397	589	3356	998	3365	1870	1179	4366	2829	3802	1986	3158	2584	2715	3254	3302	3304	2160	310	4500	3067	175	3312	1767	982	1191	2220	2890	1915	3781	721	3030	1338	3459	3460	1117	2823	1089	4082	1772	2940	2604	3425	2441	1144	2286	1539	939	964	4208	
3552	1256	2980	4594	2718	532	4572	949	2945	1250	1026	650	451	0	1613	3406	1734	1111	4398	2447	3843	1630	2784	2699	3674	4383	3282	193	3717	1441	3302	2307	1609	4768	3248	4248	2261	3072	2815	3160	3193	3637	3754	1712	322	4937	3354	623	3290	2085	1210	1598	2670	3000	1499	4149	1158	3340	1789	3368	3444	1473	2703	1305	4446	2208	3385	2945	3427	2833	949	2712	1109	548	735	4639	
2671	2013	2205	3438	1150	1514	3157	1852	1560	1237	1942	1203	1436	1613	0	2325	251	2005	3182	1734	2905	2190	1645	3571	2161	2947	2338	1552	2349	1317	2186	1672	1940	3544	2239	3466	755	2045	1211	2475	2076	2189	3160	2794	1713	3980	1806	1365	2049	762	2313	1031	2387	1466	2294	2789	1643	1837	1667	2335	2178	739	1840	355	3060	1601	2674	1560	2114	1696	1149	2821	2112	1620	1236	3632	
526	2799	685	4878	2454	3595	4126	2917	3117	3545	2944	2758	3483	3406	2325	0	2482	4204	4570	3900	4706	2618	681	5842	3118	3904	311	3243	3647	3640	148	3882	4253	4853	4091	5340	2548	336	2239	4543	251	3346	5206	3466	3657	5617	2785	3491	435	2814	4461	3347	4641	1412	2908	3984	3911	2974	3988	112	467	3062	747	2623	4126	3833	4698	3117	602	3555	2469	5133	3073	3037	2686	5251	
2856	2241	2411	3193	985	1560	2942	2065	1329	1154	2157	1394	1498	1734	251	2482	0	1983	2940	1503	2654	2432	1809	3491	1970	2736	2519	1698	2121	1200	2339	1450	1836	3304	1988	3217	546	2218	1089	2235	2231	1977	2920	3012	1792	3729	1630	1400	2177	512	2307	870	2183	1491	2525	2563	1590	1640	1514	2501	2296	606	2044	430	2839	1385	2430	1329	2219	1445	1373	2651	2325	1805	1439	3382	
4441	2367	3891	4084	2830	655	4311	2059	2799	889	2135	1632	777	1111	2005	4204	1983	0	3949	1893	3225	2740	3534	1662	3604	4160	4138	1295	3464	970	4080	1740	664	4305	2744	3502	2364	3886	3006	2455	3968	3481	2938	2747	795	4263	3365	719	3999	2078	343	1333	1808	3463	2604	3854	442	3282	1077	4188	4140	1434	3571	1654	4159	1654	2669	2799	4092	2491	1920	1674	2205	1656	1739	4014	
5084	5171	4867	311	2243	3981	815	4969	1640	3211	5064	4273	3996	4398	3182	4570	2940	3949	0	2056	925	5371	4102	4554	1469	904	4772	4442	929	3050	4431	2209	3340	371	1205	1314	2451	4476	2394	1661	4364	1224	1728	5918	4293	1117	1785	3828	4138	2441	4262	2805	2415	3162	5458	622	3542	1603	2874	4649	4154	2939	4534	3284	669	2297	1533	1640	4018	1568	4304	3051	5226	4652	4339	785	
4318	3432	3904	2202	1627	1977	2466	3178	1204	1204	3274	2490	2014	2447	1734	3900	1503	1893	2056	0	1397	3711	3254	2745	1967	2342	3979	2530	1658	1024	3753	153	1301	2414	852	1831	1363	3670	1874	764	3651	1763	1438	4094	2291	2490	1868	1839	3541	1087	2209	888	792	2659	3721	2002	1490	1707	820	3936	3633	1138	3536	1632	2305	246	981	1204	3531	711	2618	1436	3417	2804	2581	2194	
5190	4777	4879	921	2254	3373	1662	4539	1590	2601	4636	3843	3410	3843	2905	4706	2654	3225	925	1397	0	5029	4145	3659	1866	1668	4859	3920	1274	2418	4560	1541	2580	1194	667	640	2278	4549	2469	796	4476	1576	827	5470	3686	1102	2042	3236	4293	2147	3514	2262	1549	3313	5068	1286	2856	1829	2158	4768	4343	2469	4522	2909	1491	1640	627	1590	4216	1221	3934	2148	4785	4180	3925	798	
2526	382	1984	5623	3259	2123	5316	686	3748	2657	624	1245	2013	1630	2190	2618	2432	2740	5371	3711	5029	0	2233	4298	4277	5098	2375	1446	4532	2845	2576	3599	3185	5734	4373	5536	2936	2307	3228	4473	2497	4349	5129	851	1950	6124	3899	2150	2717	2936	2819	2829	4134	2955	301	4970	2726	3974	3246	2536	2869	2577	1887	2121	5231	3506	4692	3748	2920	3856	1097	4290	630	1084	1143	5788	
1066	2339	769	4404	1900	2936	3750	2403	2563	2864	2445	2145	2827	2784	1645	681	1809	3534	4102	3254	4145	2233	0	5166	2698	3523	727	2631	3173	2959	548	3228	3572	4411	3509	4769	1922	417	1714	3922	436	2891	4595	3077	3018	5106	2335	2826	517	2167	3800	2670	3981	991	2499	3546	3233	2501	3310	692	675	2383	482	1942	3725	3174	4087	2563	696	2961	1871	4458	2592	2462	2085	4739	
6098	3916	5552	4579	4164	2312	5137	3614	3918	2340	3674	3280	2434	2699	3571	5842	3491	1662	4554	2745	3659	4298	5166	0	4706	5045	5791	2892	4384	2302	5714	2629	1666	4852	3449	3643	3743	5531	4381	2894	5602	4508	3025	4112	2379	4451	4567	2380	5611	3424	1489	2672	2147	4977	4113	4678	1935	4428	2094	5832	5745	2889	5228	3238	4967	2592	3032	3918	5685	3455	3575	1511	3705	3239	3385	4322	
3638	4151	3467	1779	1022	3394	1068	4011	810	2727	4098	3360	3364	3674	2161	3118	1970	3604	1469	1967	1866	4277	2698	4706	0	841	3336	3658	602	2636	2983	2077	3155	1735	1484	2487	1425	3049	1067	2133	2923	290	2606	4945	3674	2562	383	3227	2684	1598	3946	2276	2683	1725	4422	866	3162	335	2665	3202	2692	2254	3154	2391	1028	2117	2167	810	2555	1258	3301	3368	4270	3774	3396	2205	
4429	4955	4290	1182	1840	4047	228	4798	1438	3324	4888	4129	4035	4383	2947	3904	2736	4160	904	2342	1668	5098	3523	5045	841	0	4138	4388	696	3199	3775	2481	3629	1034	1604	2179	2193	3860	1907	2224	3722	758	2493	5741	4344	2002	1224	3883	3469	2303	4495	2877	2916	2539	5231	389	3724	1124	3135	3994	3461	2921	3986	3140	252	2548	2170	1438	3322	1672	4095	3597	5058	4536	4175	1687	
339	2583	399	5078	2607	3512	4362	2725	3272	3530	2743	2632	3397	3282	2338	311	2519	4138	4772	3979	4859	2375	727	5791	3336	4138	0	3111	3845	3639	385	3950	4236	5066	4229	5486	2649	312	2406	4649	416	3550	5321	3218	3549	5799	2990	3420	691	2893	4379	3369	4698	1612	2670	4197	3872	3170	4004	200	760	3076	579	2610	4354	3894	4814	3272	886	3683	2335	5159	2863	2879	2551	5433	
3375	1077	2802	4648	2681	688	4582	770	2951	1351	853	486	589	193	1552	3243	1698	1295	4442	2530	3920	1446	2631	2892	3658	4388	3111	0	3732	1544	3142	2395	1766	4813	3311	4346	2236	2908	2762	3258	3035	3636	3867	1584	514	5019	3326	749	3142	2085	1403	1661	2799	2896	1329	4168	1310	3325	1911	3202	3297	1504	2532	1270	4461	2296	3483	2951	3285	2874	776	2872	950	361	559	4713	
4159	4360	3939	1233	1330	3364	859	4184	793	2632	4277	3501	3356	3717	2349	3647	2121	3464	929	1658	1274	4532	3173	4384	602	696	3845	3732	0	2504	3507	1794	2936	1249	990	1887	1596	3547	1467	1642	3438	319	2043	5133	3664	1983	865	3200	3217	1656	3799	2188	2279	2237	4643	442	3029	675	2442	3724	3239	2247	3607	2506	729	1857	1637	793	3105	977	3494	2968	4444	3900	3555	1620	
3967	2526	3469	3216	1907	955	3357	2248	1830	194	2342	1600	998	1441	1317	3640	1200	970	3050	1024	2418	2845	2959	2302	2636	3199	3639	1544	2504	0	3502	877	638	3415	1860	2807	1460	3353	2106	1719	3391	2512	2324	3126	1268	3504	2407	822	3363	1151	1311	384	1289	2676	2809	2904	528	2316	409	3647	3488	594	3113	1031	3210	779	1944	1830	3416	1540	1796	1553	2469	1851	1704	3216	
655	2740	704	4739	2307	3476	3998	2845	2970	3410	2875	2657	3365	3302	2186	148	2339	4080	4431	3753	4560	2576	548	5714	2983	3775	385	3142	3507	3502	0	3736	4118	4717	3943	5193	2400	269	2093	4394	112	3207	5058	3427	3547	5474	2647	3370	309	2666	4341	3205	4495	1271	2862	3848	3781	2833	3847	219	380	2922	690	2489	3995	3687	4549	2970	502	3407	2371	4990	3009	2948	2588	5108	
4288	3312	3860	2354	1669	1831	2610	3054	1297	1060	3150	2371	1870	2307	1672	3882	1450	1740	2209	153	1541	3599	3228	2629	2077	2481	3950	2395	1794	877	3736	0	1154	2567	1005	1956	1367	3643	1913	876	3632	1884	1534	3964	2145	2630	1957	1695	3534	1072	2057	770	767	2675	3601	2146	1337	1805	669	3914	3632	1037	3492	1543	2450	99	1098	1297	3533	832	2510	1371	3290	2675	2464	2340	
4558	2832	4042	3457	2514	1080	3763	2531	2347	708	2617	1976	1179	1609	1940	4253	1836	664	3340	1301	2580	3185	3572	1666	3155	3629	4236	1766	2936	638	4118	1154	0	3689	2139	2838	2081	3958	2724	1800	4007	2996	2274	3312	1336	3604	2966	1035	3989	1765	933	1007	1145	3314	3094	3300	459	2852	495	4255	4117	1231	3696	1631	3604	1082	2010	2347	4049	1961	2225	1107	2715	2118	2086	3362	
5372	5537	5178	290	2578	4349	870	5338	1994	3578	5433	4643	4366	4768	3544	4853	3304	4305	371	2414	1194	5734	4411	4852	1735	1034	5066	4813	1249	3415	4717	2567	3689	0	1562	1439	2807	4775	2714	1970	4655	1520	1940	6288	4662	1014	2078	4197	4419	2807	4615	3175	2729	3454	5825	870	3903	1911	3228	4936	4426	3310	4852	3653	782	2657	1820	1994	4289	1939	4670	3342	5595	5023	4708	771	
4563	4131	4232	1356	1640	2804	1689	3901	994	2029	3997	3202	2829	3248	2239	4091	1988	2744	1205	852	667	4373	3509	3449	1484	1604	4229	3311	990	1860	3943	1005	2139	1562	0	1263	1619	3918	1871	655	3855	1213	1167	4839	3118	1751	1554	2657	3687	1480	3057	1651	1312	2719	4422	1231	2341	1346	1669	4148	3747	1831	3872	2252	1519	1095	690	994	3626	558	3280	1994	4151	3553	3281	1418	
5819	5262	5495	1153	2886	3748	2124	5009	2224	2998	5105	4321	3802	4248	3466	5340	3217	3502	1314	1831	640	5536	4769	3643	2487	2179	5486	4346	1887	2807	5193	1956	2838	1439	1263	0	2880	5176	3105	1088	5107	2198	621	5920	4056	810	2680	3627	4929	2720	3755	2720	1708	3950	5553	1822	3181	2467	2485	5400	4980	2960	5135	3432	1967	2054	863	2224	4855	1819	4440	2159	5246	4632	4411	725	
2988	2768	2621	2719	473	2032	2403	2604	814	1482	2695	1939	1986	2261	755	2548	546	2364	2451	1363	2278	2936	1922	3743	1425	2193	2649	2236	1596	1460	2400	1367	2081	2807	1619	2880	0	2338	647	2000	2302	1435	2673	3549	2290	3313	1092	1866	2180	322	2702	1078	2134	1311	3048	2036	1937	1094	1665	2590	2270	931	2258	967	2305	1336	2166	814	2168	1061	1904	2705	2864	2351	1982	2955	
650	2475	480	4780	2298	3271	4085	2585	2963	3250	2613	2424	3158	3072	2045	336	2218	3886	4476	3670	4549	2307	417	5531	3049	3860	312	2908	3547	3353	269	3643	3958	4775	3918	5176	2338	0	2101	4337	206	3256	5009	3158	3327	5496	2697	3171	489	2584	4138	3074	4394	1324	2593	3907	3604	2873	3712	302	609	2783	422	2328	4071	3589	4502	2963	707	3372	2134	4864	2745	2701	2351	5129	
2731	3126	2475	2693	248	2642	2132	3012	882	2127	3095	2401	2584	2815	1211	2239	1089	3006	2394	1874	2469	3228	1714	4381	1067	1907	2406	2762	1467	2106	2093	1913	2724	2714	1871	3105	647	2101	0	2387	2012	1204	3017	3928	2881	3394	684	2479	1824	959	3343	1723	2666	849	3388	1863	2583	808	2293	2304	1878	1572	2140	1513	2076	1902	2514	882	1755	1365	2299	3280	3268	2820	2422	3028	
4987	4188	4605	1709	2143	2663	2281	3929	1555	1911	4025	3247	2715	3160	2475	4543	2235	2455	1661	764	796	4473	3922	2894	2133	2224	4649	3258	1642	1719	4394	876	1800	1970	655	1088	2000	4337	2387	0	4298	1866	685	4834	2973	1810	2172	2540	4160	1774	2731	1645	758	3223	4477	1840	2109	1971	1408	4588	4236	1902	4238	2394	2107	972	225	1555	4123	1026	3381	1397	4163	3548	3339	1563	
721	2651	678	4671	2222	3365	3946	2748	2886	3299	2781	2549	3254	3193	2076	251	2231	3968	4364	3651	4476	2497	436	5602	2923	3722	416	3035	3438	3391	112	3632	4007	4655	3855	5107	2302	206	2012	4298	0	3141	4964	3347	3437	5400	2580	3258	291	2565	4230	3096	4391	1202	2779	3785	3669	2763	3738	293	404	2812	610	2377	3939	3583	4456	2886	506	3316	2265	4882	2917	2844	2481	5033	
3860	4199	3659	1533	1101	3321	969	4040	698	2621	4130	3371	3302	3637	2189	3346	1977	3481	1224	1763	1576	4349	2891	4508	290	758	3550	3636	319	2512	3207	1884	2996	1520	1213	2198	1435	3256	1204	1866	3141	0	2321	4983	3612	2298	561	3155	2913	1553	3822	2169	2448	1939	4476	659	3040	396	2502	3425	2931	2185	3334	2383	885	1934	1889	698	2796	1053	3338	3136	4300	3778	3416	1936	
5659	4833	5286	1651	2779	3239	2488	4564	2153	2518	4659	3893	3304	3754	3160	5206	2920	2938	1728	1438	827	5129	4595	3025	2606	2493	5321	3867	2043	2324	5058	1534	2274	1940	1167	621	2673	5009	3017	685	4964	2321	0	5450	3539	1430	2716	3131	4815	2457	3174	2301	1130	3863	5119	2109	2647	2506	1967	5255	4885	2570	4919	3070	2318	1625	508	2153	4767	1657	4042	1539	4791	4173	3989	1309	
3351	805	2823	6148	3924	2243	5951	950	4340	2932	856	1645	2160	1712	2794	3466	3012	2747	5918	4094	5470	851	3077	4112	4945	5741	3218	1584	5133	3126	3427	3964	3312	6288	4839	5920	3549	3158	3928	4834	3347	4983	5450	0	1979	6572	4578	2329	3566	3487	2720	3210	4380	3749	581	5574	2867	4627	3494	3382	3719	3008	2738	2637	5851	3866	5058	4340	3767	4362	1646	4404	692	1290	1581	6254	
3829	1574	3261	4473	2759	314	4523	1266	2914	1090	1341	930	310	322	1713	3657	1792	795	4293	2291	3686	1950	3018	2379	3674	4344	3549	514	3664	1268	3547	2145	1336	4662	3118	4056	2290	3327	2881	2973	3437	3612	3539	1979	0	4769	3374	466	3515	2076	890	1492	2434	3150	1809	4088	901	3340	1575	3625	3666	1426	2971	1375	4389	2047	3196	2914	3640	2744	1232	2426	1411	869	1026	4485	
6121	5877	5860	821	3209	4457	1869	5641	2554	3690	5737	4944	4500	4937	3980	5617	3729	4263	1117	2490	1102	6124	5106	4451	2562	2002	5799	5019	1983	3504	5474	2630	3604	1014	1751	810	3313	5496	3394	1810	5400	2298	1430	6572	4769	0	2845	4325	5190	3218	4530	3363	2494	4205	6168	1738	3918	2647	3216	5689	5218	3570	5512	4003	1754	2729	1594	2554	5085	2284	5030	2969	5887	5282	5026	367	
3300	3781	3103	2093	657	3105	1450	3649	665	2479	3735	3008	3067	3354	1806	2785	1630	3365	1785	1868	2042	3899	2335	4567	383	1224	2990	3326	865	2407	2647	1957	2966	2078	1554	2680	1092	2697	684	2172	2580	561	2716	4578	3374	2845	0	2938	2353	1308	3708	2033	2631	1378	4049	1212	2925	213	2489	2864	2375	1972	2784	2057	1402	1980	2243	665	2240	1196	2937	3301	3907	3425	3040	2481	
3722	1799	3173	4011	2339	167	4060	1501	2457	635	1589	955	175	623	1365	3491	1400	719	3828	1839	3236	2150	2826	2380	3227	3883	3420	749	3200	822	3370	1695	1035	4197	2657	3627	1866	3171	2479	2540	3258	3155	3131	2329	466	4325	2938	0	3300	1632	976	1026	2051	2829	2066	3623	577	2893	1167	3473	3445	973	2852	1011	3924	1597	2765	2457	3403	2277	1226	2141	1698	1089	1065	4033	
960	2844	968	4446	2047	3418	3692	2918	2705	3285	2958	2657	3312	3290	2049	435	2177	3999	4138	3541	4293	2717	517	5611	2684	3469	691	3142	3217	3363	309	3534	3989	4419	3687	4929	2180	489	1824	4160	291	2913	4815	3566	3515	5190	2353	3300	0	2462	4276	3047	4299	986	2992	3549	3676	2544	3690	526	158	2774	854	2373	3691	3491	4307	2705	219	3159	2386	4819	3102	2979	2598	4824	
3232	2730	2832	2687	757	1800	2499	2537	868	1190	2631	1848	1767	2085	762	2814	512	2078	2441	1087	2147	2936	2167	3424	1598	2303	2893	2085	1656	1151	2666	1072	1765	2807	1480	2720	322	2584	959	1774	2565	1553	2457	3487	2076	3218	1308	1632	2462	0	2419	767	1838	1625	3018	2096	1644	1263	1343	2849	2560	665	2465	852	2383	1032	1957	868	2464	934	1863	2390	2795	2244	1906	2870	
4672	2438	4113	4386	3169	867	4643	2133	3141	1231	2198	1804	982	1210	2313	4461	2307	343	4262	2209	3514	2819	3800	1489	3946	4495	4379	1403	3799	1311	4341	2057	933	4615	3057	3755	2702	4138	3343	2731	4230	3822	3174	2720	890	4530	3708	976	4276	2419	0	1676	2048	3777	2650	4184	785	3625	1389	4439	4420	1771	3805	1959	4490	1975	2939	3141	4378	2825	2103	1811	2243	1752	1906	4295	
3702	2544	3229	2996	1524	1184	3046	2290	1477	452	2386	1603	1191	1598	1031	3347	870	1333	2805	888	2262	2829	2670	2672	2276	2877	3369	1661	2188	384	3205	770	1007	3175	1651	2720	1078	3074	1723	1645	3096	2169	2301	3210	1492	3363	2033	1026	3047	767	1676	0	1388	2317	2834	2603	892	1951	644	3362	3165	301	2866	815	2907	677	1866	1477	3086	1252	1741	1790	2530	1920	1694	3053	
5036	3812	4591	2467	2419	2144	2996	3528	1968	1478	3621	2889	2220	2670	2387	4641	2183	1808	2415	792	1549	4134	3981	2147	2683	2916	4698	2799	2279	1289	4495	767	1145	2729	1312	1708	2134	4394	2666	758	4391	2448	1130	4380	2434	2494	2631	2051	4299	1838	2048	1388	0	3441	4092	2541	1534	2455	892	4670	4398	1687	4224	2203	2824	808	931	1968	4300	1439	3079	689	3741	3125	2993	2287	
1922	2954	1753	3469	1084	2975	2765	2924	1729	2644	2991	2450	2890	3000	1466	1412	1491	3463	3162	2659	3313	2955	991	4977	1725	2539	1612	2896	2237	2676	1271	2675	3314	3454	2719	3950	1311	1324	849	3223	1202	1939	3863	3749	3150	4205	1378	2829	986	1625	3777	2317	3441	0	3175	2585	3080	1563	2944	1487	1030	2088	1466	1820	2748	2647	3358	1729	907	2207	2254	4014	3157	2846	2432	3839	
2826	291	2281	5700	3400	2017	5445	565	3852	2616	477	1231	1915	1499	2294	2908	2525	2604	5458	3721	5068	301	2499	4113	4422	5231	2670	1329	4643	2809	2862	3601	3094	5825	4422	5553	3048	2593	3388	4477	2779	4476	5119	581	1809	6168	4049	2066	2992	3018	2650	2834	4092	3175	0	5083	2636	4110	3200	2828	3145	2601	2172	2180	5352	3506	4699	3852	3191	3921	1155	4200	407	976	1144	5840	
4502	4801	4315	929	1748	3784	464	4626	1235	3041	4718	3943	3781	4149	2789	3984	2563	3854	622	2002	1286	4970	3546	4678	866	389	4197	4168	442	2904	3848	2146	3300	870	1231	1822	2036	3907	1863	1840	3785	659	2109	5574	4088	1738	1212	3623	3549	2096	4184	2603	2541	2585	5083	0	3424	1055	2809	4066	3558	2677	3993	2946	306	2219	1782	1235	3421	1365	3935	3220	4885	4340	3997	1397	
4186	2373	3655	3691	2399	626	3879	2072	2357	456	2159	1524	721	1158	1643	3911	1590	442	3542	1490	2856	2726	3233	1935	3162	3724	3872	1310	3029	528	3781	1337	459	3903	2341	3181	1937	3604	2583	2109	3669	3040	2647	2867	901	3918	2925	577	3676	1644	785	892	1534	3080	2636	3424	0	2840	701	3904	3811	1015	3318	1304	3730	1246	2329	2357	3754	2059	1781	1566	2259	1660	1634	3651	
3484	3836	3268	1908	716	3061	1344	3689	511	2402	3778	3032	3030	3340	1837	2974	1640	3282	1603	1707	1829	3974	2501	4428	335	1124	3170	3325	675	2316	2833	1805	2852	1911	1346	2467	1094	2873	808	1971	2763	396	2506	4627	3340	2647	213	2893	2544	1263	3625	1951	2455	1563	4110	1055	2840	0	2367	3050	2571	1921	2941	2059	1275	1836	2036	511	2438	1016	2981	3131	3949	3445	3071	2282	
4335	2921	3850	3007	2072	1272	3271	2637	1859	590	2729	2003	1338	1789	1667	3988	1514	1077	2874	820	2158	3246	3310	2094	2665	3135	4004	1911	2442	409	3847	669	495	3228	1669	2485	1665	3712	2293	1408	3738	2502	1967	3494	1575	3216	2489	1167	3690	1343	1389	644	892	2944	3200	2809	701	2367	0	4001	3808	928	3490	1413	3114	590	1629	1859	3728	1466	2205	1161	2850	2233	2108	2952	
436	2727	583	4956	2514	3572	4216	2854	3179	3547	2877	2719	3459	3368	2335	112	2501	4188	4649	3936	4768	2536	692	5832	3202	3994	200	3202	3724	3647	219	3914	4255	4936	4148	5400	2590	302	2304	4588	293	3425	5255	3382	3625	5689	2864	3473	526	2849	4439	3362	4670	1487	2828	4066	3904	3050	4001	0	573	3074	684	2625	4214	3862	4747	3179	705	3608	2426	5150	3003	2987	2644	5323	
988	3001	1077	4464	2108	3565	3681	3076	2759	3415	3115	2812	3460	3444	2178	467	2296	4140	4154	3633	4343	2869	675	5745	2692	3461	760	3297	3239	3488	380	3632	4117	4426	3747	4980	2270	609	1878	4236	404	2931	4885	3719	3666	5218	2375	3445	158	2560	4420	3165	4398	1030	3145	3558	3811	2571	3808	573	0	2896	997	2507	3688	3592	4378	2759	139	3228	2542	4929	3259	3136	2755	4853	
3408	2310	2930	3151	1401	1140	3104	2071	1488	563	2168	1374	1117	1473	739	3062	606	1434	2939	1138	2469	2577	2383	2889	2254	2921	3076	1504	2247	594	2922	1037	1231	3310	1831	2960	931	2783	1572	1902	2812	2185	2570	3008	1426	3570	1972	973	2774	665	1771	301	1687	2088	2601	2677	1015	1921	928	3074	2896	0	2568	516	2975	950	2118	1488	2823	1371	1481	2084	2320	1724	1457	3247	
870	2054	368	4832	2305	2940	4213	2172	2959	2993	2197	2053	2823	2703	1840	747	2044	3571	4534	3536	4522	1887	482	5228	3154	3986	579	2532	3607	3113	690	3492	3696	4852	3872	5135	2258	422	2140	4238	610	3334	4919	2738	2971	5512	2784	2852	854	2465	3805	2866	4224	1466	2172	3993	3318	2941	3490	684	997	2568	0	2082	4182	3429	4416	2959	1070	3316	1756	4650	2326	2306	1973	5147	
2936	1890	2439	3521	1414	1163	3341	1687	1714	923	1781	996	1089	1305	355	2623	430	1654	3284	1632	2909	2121	1942	3238	2391	3140	2610	1270	2506	1031	2489	1543	1631	3653	2252	3432	967	2328	1513	2394	2377	2383	3070	2637	1375	4003	2057	1011	2373	852	1959	815	2203	1820	2180	2946	1304	2059	1413	2625	2507	516	2082	0	3230	1459	2605	1714	2450	1741	1030	2573	1945	1396	1056	3667	
4650	5072	4494	935	1986	4087	174	4904	1517	3346	4995	4225	4082	4446	3060	4126	2839	4159	669	2305	1491	5231	3725	4967	1028	252	4354	4461	729	3210	3995	2450	3604	782	1519	1967	2305	4071	2076	2107	3939	885	2318	5851	4389	1754	1402	3924	3691	2383	4490	2907	2824	2748	5352	306	3730	1275	3114	4214	3688	2975	4182	3230	0	2524	2032	1517	3549	1670	4208	3497	5164	4626	4276	1445	
4232	3217	3796	2447	1661	1733	2682	2957	1326	961	3053	2275	1772	2208	1601	3833	1385	1654	2297	246	1640	3506	3174	2592	2117	2548	3894	2296	1857	779	3687	99	1082	2657	1095	2054	1336	3589	1902	972	3583	1934	1625	3866	2047	2729	1980	1597	3491	1032	1975	677	808	2647	3506	2219	1246	1836	590	3862	3592	950	3429	1459	2524	0	1195	1326	3496	886	2417	1378	3192	2577	2369	2438	
5151	4410	4782	1548	2274	2888	2206	4152	1657	2136	4248	3468	2940	3385	2674	4698	2430	2669	1533	981	627	4692	4087	3032	2167	2170	4814	3483	1637	1944	4549	1098	2010	1820	690	863	2166	4502	2514	225	4456	1889	508	5058	3196	1594	2243	2765	4307	1957	2939	1866	931	3358	4699	1782	2329	2036	1629	4747	4378	2118	4416	2605	2032	1195	0	1657	4261	1151	3599	1523	4387	3772	3560	1361	
3602	3569	3309	1915	665	2623	1631	3391	0	1929	3483	2709	2604	2945	1560	3117	1329	2799	1640	1204	1590	3748	2563	3918	810	1438	3272	2951	793	1830	2970	1297	2347	1994	994	2224	814	2963	882	1555	2886	698	2153	4340	2914	2554	665	2457	2705	868	3141	1477	1968	1729	3852	1235	2357	511	1859	3179	2759	1488	2959	1714	1517	1326	1657	0	2636	542	2702	2636	3650	3109	2762	2190	
1125	3035	1184	4328	1989	3528	3542	3097	2636	3350	3140	2803	3425	3427	2114	602	2219	4092	4018	3531	4216	2920	696	5685	2555	3322	886	3285	3105	3416	502	3533	4049	4289	3626	4855	2168	707	1755	4123	506	2796	4767	3767	3640	5085	2240	3403	219	2464	4378	3086	4300	907	3191	3421	3754	2438	3728	705	139	2823	1070	2450	3549	3496	4261	2636	0	3111	2540	4841	3288	3139	2750	4720	
4019	3631	3677	1786	1123	2435	1820	3416	542	1680	3512	2717	2441	2833	1696	3555	1445	2491	1568	711	1221	3856	2961	3455	1258	1672	3683	2874	977	1540	3407	832	1961	1939	558	1819	1061	3372	1365	1026	3316	1053	1657	4362	2744	2284	1196	2277	3159	934	2825	1252	1439	2207	3921	1365	2059	1016	1466	3608	3228	1371	3316	1741	1670	886	1151	542	3111	0	2770	2117	3670	3088	2789	1937	
2603	868	2032	4547	2281	1265	4306	713	2702	1618	798	303	1144	949	1149	2469	1373	1920	4304	2618	3934	1097	1871	3575	3301	4095	2335	776	3494	1796	2371	2510	2225	4670	3280	4440	1904	2134	2299	3381	2265	3338	4042	1646	1232	5030	2937	1226	2386	1863	2103	1741	3079	2254	1155	3935	1781	2981	2205	2426	2542	1481	1756	1030	4208	2417	3599	2702	2540	2770	0	3306	970	604	217	4696	
5492	3939	5010	3068	3038	2185	3670	3638	2636	1705	3724	3071	2286	2712	2821	5133	2651	1674	3051	1436	2148	4290	4458	1511	3368	3597	5159	2872	2968	1553	4990	1371	1107	3342	1994	2159	2705	4864	3280	1397	4882	3136	1539	4404	2426	2969	3301	2141	4819	2390	1811	1790	689	4014	4200	3220	1566	3131	1161	5150	4929	2084	4650	2573	3497	1378	1523	2636	4841	2117	3306	0	3819	3225	3180	2819	
3054	287	2490	5456	3251	1635	5266	260	3650	2275	173	953	1539	1109	2112	3073	2325	2205	5226	3417	4785	630	2592	3705	4270	5058	2863	950	4444	2469	3009	3290	2715	5595	4151	5246	2864	2745	3268	4163	2917	4300	4791	692	1411	5887	3907	1698	3102	2795	2243	2530	3741	3157	407	4885	2259	3949	2850	3003	3259	2320	2326	1945	5164	3192	4387	3650	3288	3670	970	3819	0	618	889	5567	
3125	716	2548	4873	2770	1045	4738	413	3109	1657	500	419	939	548	1620	3037	1805	1656	4652	2804	4180	1084	2462	3239	3774	4536	2879	361	3900	1851	2948	2675	2118	5023	3553	4632	2351	2701	2820	3548	2844	3778	4173	1290	869	5282	3425	1089	2979	2244	1752	1920	3125	2846	976	4340	1660	3445	2233	2987	3136	1724	2306	1396	4626	2577	3772	3109	3139	3088	604	3225	618	0	415	4966	
2818	853	2246	4573	2384	1085	4381	631	2762	1518	725	110	964	735	1236	2686	1439	1739	4339	2581	3925	1143	2085	3385	3396	4175	2551	559	3555	1704	2588	2464	2086	4708	3281	4411	1982	2351	2422	3339	2481	3416	3989	1581	1026	5026	3040	1065	2598	1906	1906	1694	2993	2432	1144	3997	1634	3071	2108	2644	2755	1457	1973	1056	4276	2369	3560	2762	2750	2789	217	3180	889	415	0	4699	
5754	5548	5494	519	2843	4171	1575	5318	2190	3399	5415	4620	4208	4639	3632	5251	3382	4014	785	2194	798	5788	4739	4322	2205	1687	5433	4713	1620	3216	5108	2340	3362	771	1418	725	2955	5129	3028	1563	5033	1936	1309	6254	4485	367	2481	4033	4824	2870	4295	3053	2287	3839	5840	1397	3651	2282	2952	5323	4853	3247	5147	3667	1445	2438	1361	2190	4720	1937	4696	2819	5567	4966	4699	0	


0	 CF244EA 	 0 	 0 	 540  	 1080  	 0  	 0 

1	 CF52DZ 	 1 	 5 	 600  	 840  	 8  	 4 
2	 CF103EP 	 1 	 4 	 720  	 960  	 10  	 5 
3	 CF149BT 	 1 	 4 	 720  	 960  	 7  	 3 
4	 CF144LW	 1 	 4 	 720  	 960  	 7  	 3 
5	 CF141LY 	 1 	 9 	 600  	 840  	 5  	 2 
6	 CF140SD 	 1 	 10 	 600  	 840  	 6  	 3 
7	 CF52ER 	 1 	 10 	 660  	 900  	 9  	 4 
8	 CF148HF 	 1 	 5 	 660  	 900  	 9  	 4 
9	 CF141BU 	 1 	 6 	 720  	 960  	 5  	 2 
10	 CF52EJ 	 1 	 4 	 540  	 780  	 9  	 4 
11	 CF142PD 	 1 	 1 	 540  	 780  	 9  	 4 
12	 CF141NJ 	 1 	 8 	 600  	 840  	 5  	 2 
13	 CF142NB	 1 	 1 	 540  	 780  	 10  	 5 
14	 CF141EJ 	 1 	 9 	 540  	 780  	 5  	 2 
15	 CF244NP	 1 	 8 	 540  	 780  	 8  	 4 
16	 CF141UN	 1 	 9 	 600  	 840  	 6  	 3 
17	 CF142DF 	 1 	 6 	 540  	 780  	 10  	 5 
18	 CF149DD	 0 	 8 	 540  	 780  	 5  	 2 
19	 CF146JL 	 1 	 1 	 660  	 900  	 7  	 3 
20	 CF149AY 	 1 	 10 	 660  	 900  	 6  	 3 
21	 CF52AF 	 1 	 10 	 600  	 840  	 9  	 4 
22	 CF143YE 	 1 	 9 	 720  	 960  	 10  	 5 
23	 CF147YT 	 1 	 6 	 720  	 960  	 8  	 4 
24	 CF145QG	 1 	 6 	 600  	 840  	 10  	 5 
25	 CF140RB 	 1 	 7 	 540  	 780  	 9  	 4 
26	 CF244JU 	 1 	 1 	 540  	 780  	 7  	 3 
27	 CF142HX 	 0 	 16 	 600  	 840  	 6  	 3 
28	 CF145BE 	 1 	 1 	 540  	 780  	 8  	 4 
29	 CF141BX 	 1 	 3 	 600  	 840  	 7  	 3 
30	 CF244QQ	 1 	 3 	 660  	 900  	 8  	 4 
31	 CF146HG	 1 	 8 	 720  	 960  	 6  	 3 
32	 CF147AY 	 1 	 2 	 720  	 960  	 6  	 3 
33	 CF149DJ 	 0 	 16 	 660  	 900  	 7  	 3 
34	 CF145HE 	 1 	 10 	 720  	 960  	 8  	 4 
35	 CF149UE 	 1 	 8 	 540  	 780  	 10  	 5 
36	 CF144PE 	 1 	 1 	 720  	 960  	 10  	 5 
37	 CF244LG 	 1 	 1 	 720  	 960  	 7  	 3 
38	 CF144EG 	 1 	 9 	 540  	 780  	 5  	 2 
39	 CF146SR 	 1 	 1 	 720  	 960  	 6  	 3 
40	 CF244QB	 1 	 7 	 660  	 900  	 9  	 4 
41	 CF145PZ 	 1 	 9 	 720  	 960  	 10  	 5 
42	 CF146AZ 	 1 	 5 	 660  	 900  	 6  	 3 
43	 CF52BL 	 1 	 5 	 720  	 960  	 9  	 4 
44	 CF142FE 	 1 	 4 	 540  	 780  	 6  	 3 
45	 CF149JF 	 1 	 4 	 540  	 780  	 7  	 3 
46	 CF145LP 	 1 	 1 	 600  	 840  	 9  	 4 
47	 CF141LW	 1 	 5 	 540  	 780  	 9  	 4 
48	 CF244PY 	 1 	 6 	 720  	 960  	 5  	 2 
49	 CF144PW	 1 	 7 	 660  	 900  	 7  	 3 
50	 CF142TS 	 1 	 4 	 540  	 780  	 9  	 4 
51	 CF146DF 	 1 	 6 	 720  	 960  	 8  	 4 
52	 CF146UL 	 1 	 1 	 660  	 900  	 9  	 4 
53	 CF143QZ	 1 	 4 	 540  	 780  	 6  	 3 
54	 CF52BT 	 1 	 3 	 720  	 960  	 6  	 3 
55	 CF145UU	 1 	 8 	 660  	 900  	 7  	 3 
56	 CF142AJ 	 1 	 7 	 600  	 840  	 7  	 3 
57	 CF145LG 	 0 	 12 	 540  	 780  	 8  	 4 
58	 CF141BH 	 1 	 8 	 660  	 900  	 10  	 5 
59	 CF244EY 	 1 	 8 	 540  	 780  	 7  	 3 
60	 CF244RB 	 1 	 4 	 720  	 960  	 5  	 2 
61	 CF141RF 	 1 	 8 	 660  	 900  	 10  	 5 
62	 CF244HN	 0 	 22 	 720  	 960  	 6  	 3 
63	 CF141EE 	 1 	 7 	 540  	 780  	 6  	 3 
64	 CF140SA 	 1 	 10 	 600  	 840  	 5  	 2 
65	 CF146DX 	 1 	 2 	 540  	 780  	 9  	 4 
66	 CF146QD	 0 	 2 	 720  	 960  	 10  	 5 
67	 CF148LS 	 1 	 5 	 600  	 840  	 8  	 4 
68	 CF244PL 	 0 	 18 	 540  	 780  	 9  	 4 
69	 CF145FJ 	 1 	 6 	 720  	 960  	 5  	 2 
70	 CF142RU 	 0 	 24 	 540  	 780  	 10  	 5 
71	 CF147HP 	 1 	 4 	 660  	 900  	 10  	 5 
72	 CF52LL 	 1 	 2 	 660  	 900  	 5  	 2 
73	 CF142HY 	 1 	 8 	 720  	 960  	 8  	 4 
74	 CF142QT 	 1 	 5 	 600  	 840  	 5  	 2 
75	 CF149HZ 	 1 	 3 	 720  	 960  	 9  	 4 
