75

1200
32
10
500

0	863	2070	2413	2462	1226	1138	2814	4756	2680	1199	3681	620	2179	4893	2577	2775	1461	436	1609	2677	2530	1077	1748	1934	4579	2540	2637	1460	2084	1853	1885	1102	745	2748	3943	5396	1983	2826	4148	1789	4499	1524	4143	4915	1548	1566	5754	2201	3636	3410	3364	1964	1842	3088	2853	1901	245	2382	705	4184	5538	3099	4738	1019	2949	5206	4447	1352	4397	317	3300	3509	1854	2513	1445	
863	0	1353	1752	1610	1490	472	1979	3905	1936	1524	2868	524	1854	4083	1727	1941	1126	486	2182	1854	1667	450	2189	1247	3757	1695	2005	1530	1315	1040	1283	354	387	1943	3233	4564	1762	1998	3325	1647	3673	682	3335	4101	1985	1001	4930	1653	2942	2555	2644	1601	1723	2379	2112	2080	739	1520	159	3402	4717	2436	3923	1701	2367	4363	3635	494	3580	1022	2456	2916	1304	1750	582	
2070	1353	0	425	1375	2827	1573	955	3289	611	2869	1669	1878	2827	3722	1463	1747	2244	1636	3533	1753	1128	1609	3538	1855	3357	824	2491	2811	1671	1391	2039	1011	1728	1911	1886	4057	2845	1826	2150	2805	3260	1195	2112	2886	3335	1926	4456	565	1590	1623	1300	932	2886	1029	783	3367	2036	1155	1465	2125	4266	1086	3552	3028	1079	3793	2421	974	2379	2315	1426	1598	485	1955	989	
2413	1752	425	0	1684	3237	1996	1018	3360	425	3275	1503	2276	3246	3871	1754	2030	2669	1987	3922	2057	1385	2031	3942	2261	3502	1012	2865	3231	2058	1793	2451	1402	2133	2219	1533	4149	3269	2108	1977	3230	3403	1617	1902	2663	3737	2349	4552	398	1223	1641	968	883	3311	689	540	3788	2405	1460	1852	1865	4373	689	3701	3397	655	3868	2209	1397	2177	2677	1407	1175	606	2306	1414	
2462	1610	1375	1684	0	2588	1393	967	2295	1472	2670	1777	1947	1958	2518	118	388	1708	2092	3435	378	353	1460	3297	959	2175	743	1270	2401	652	665	1188	1509	1775	537	2530	2964	2102	464	2118	2174	2086	938	2211	2884	3124	1310	3340	1939	2348	1185	2024	2271	2247	1877	1578	2892	2295	224	1768	2387	3131	2073	2353	3120	2266	2755	2456	1166	2387	2556	1226	2643	1799	668	1054	
1226	1490	2827	3237	2588	0	1306	3286	4711	3381	102	4198	978	1317	4638	2678	2765	923	1441	856	2636	2806	1253	728	1708	4386	2984	2140	355	1989	1932	1527	1844	1105	2635	4681	5215	1043	2785	4618	810	4324	1799	4665	5401	540	1294	5523	3139	4402	3740	4093	3028	821	3838	3554	675	1041	2616	1418	4774	5303	3913	4507	790	3857	5090	4947	1872	4885	939	3711	4405	2787	2313	1897	
1138	472	1573	1996	1393	1306	0	1984	3659	2092	1367	2897	561	1400	3758	1500	1665	703	878	2105	1557	1545	67	2034	813	3450	1684	1555	1242	947	741	818	724	399	1617	3387	4272	1337	1709	3325	1255	3373	502	3365	4109	1840	529	4624	1977	3117	2476	2801	2005	1335	2555	2263	1796	934	1366	565	3468	4407	2650	3605	1733	2642	4094	3651	599	3590	1175	2424	3171	1649	1375	600	
2814	1979	955	1018	967	3286	1984	0	2355	646	3351	913	2455	2881	2855	979	1197	2502	2385	4086	1273	616	2043	4014	1850	2486	302	2235	3170	1564	1431	2078	1715	2281	1429	1565	3137	2990	1266	1349	3025	2387	1487	1380	2131	3823	2112	3540	1390	1382	668	1062	1846	3103	949	683	3701	2718	793	2127	1498	3358	1169	2685	3666	1439	2861	1668	1490	1610	3001	493	1723	1435	1632	1426	
4756	3905	3289	3360	2295	4711	3659	2355	0	2952	4805	2173	4220	3680	819	2179	1995	3788	4385	5565	2109	2295	3726	5357	3009	616	2475	2699	4447	2754	2919	3184	3777	4053	2082	3052	802	3929	1956	1973	4091	585	3231	2180	2217	5216	3433	1204	3743	3120	1724	2951	4199	4143	3038	2911	4827	4581	2402	4063	2459	1050	3271	725	5344	3633	508	2132	3448	2073	4834	1972	3673	3774	2398	3340	
2680	1936	611	425	1472	3381	2092	646	2952	0	3430	1095	2456	3221	3491	1520	1775	2718	2245	4117	1826	1136	2137	4102	2199	3122	737	2719	3332	1955	1736	2410	1607	2297	1988	1301	3746	3281	1850	1574	3272	3023	1648	1517	2288	3901	2362	4149	823	1025	1228	712	1307	3353	466	175	3884	2639	1257	2058	1515	3975	613	3323	3627	808	3459	1826	1509	1788	2919	988	1184	984	2131	1492	
1199	1524	2869	3275	2670	102	1367	3351	4805	3430	0	4263	1004	1417	4737	2761	2853	1017	1443	767	2725	2881	1312	671	1799	4483	3050	2241	453	2076	2011	1622	1877	1142	2727	4731	5313	1142	2875	4687	909	4421	1865	4731	5471	473	1383	5622	3166	4449	3815	4142	3040	917	3885	3604	711	1029	2692	1443	4835	5402	3955	4605	693	3889	5186	5015	1923	4953	901	3782	4441	2813	2406	1953	
3681	2868	1669	1503	1777	4198	2897	913	2173	1095	4263	0	3357	3734	2869	1748	1878	3404	3246	4997	1989	1457	2954	4926	2718	2520	1214	2987	4078	2419	2325	2948	2580	3186	2120	941	2969	3865	1927	481	3916	2426	2399	469	1235	4735	3010	3365	1893	950	714	794	2379	3992	949	963	4604	3602	1652	3010	610	3222	1157	2714	4565	1537	2657	767	2387	716	3886	560	1501	2078	2395	2331	
620	524	1878	2276	1947	978	561	2455	4220	2456	1004	3357	0	1609	4310	2056	2226	869	543	1661	2118	2073	494	1666	1323	4006	2161	2017	1069	1498	1301	1265	875	176	2174	3755	4830	1449	2270	3804	1285	3930	1024	3826	4585	1461	946	5179	2162	3465	2992	3166	2060	1352	2902	2631	1600	389	1904	441	3905	4961	2960	4159	1212	2885	4654	4121	971	4064	615	2918	3438	1810	1917	1029	
2179	1854	2827	3246	1958	1317	1400	2881	3680	3221	1417	3734	1609	0	3467	1999	1952	746	2136	2063	1820	2282	1408	1774	1033	3262	2602	982	966	1319	1487	813	2122	1582	1746	4434	4072	285	1938	4067	511	3216	1636	4167	4819	1686	916	4344	3310	4211	3124	3883	3394	524	3681	3371	1172	1935	2092	1902	4343	4125	3828	3354	2104	3901	3993	4405	1921	4335	2010	3183	4387	3007	1410	1865	
4893	4083	3722	3871	2518	4638	3758	2855	819	3491	4737	2869	4310	3467	0	2401	2151	3734	4568	5472	2230	2628	3822	5221	3009	369	2900	2512	4336	2813	3047	3139	4023	4157	2145	3785	624	3739	2088	2737	3932	468	3402	2944	3034	5105	3429	885	4230	3817	2306	3611	4653	3971	3657	3483	4639	4692	2681	4234	3225	664	3894	170	5340	4235	683	2926	3676	2864	4919	2563	4347	4200	2396	3560	
2577	1727	1463	1754	118	2678	1500	979	2179	1520	2761	1748	2056	1999	2401	0	286	1788	2209	3527	307	384	1567	3382	1022	2057	783	1261	2481	716	766	1248	1627	1885	469	2531	2847	2156	364	2068	2238	1969	1053	2171	2827	3212	1392	3222	2024	2361	1127	2041	2368	2310	1908	1615	2963	2407	309	1884	2357	3013	2111	2236	3223	2321	2638	2407	1284	2336	2667	1191	2679	1897	658	1172	
2775	1941	1747	2030	388	2765	1665	1197	1995	1775	2853	1878	2226	1952	2151	286	0	1851	2427	3620	134	647	1732	3449	1062	1817	1040	1113	2538	777	926	1270	1874	2060	243	2713	2623	2140	79	2146	2251	1732	1260	2271	2877	3289	1471	2989	2307	2566	1203	2254	2653	2317	2142	1859	2988	2592	595	2096	2480	2777	2354	1988	3358	2582	2432	2482	1525	2409	2840	1319	2917	2182	545	1410	
1461	1126	2244	2669	1708	923	703	2502	3788	2718	1017	3404	869	746	3734	1788	1851	0	1390	1778	1721	1965	694	1599	790	3471	2203	1272	693	1081	1082	605	1423	835	1713	3991	4301	638	1868	3794	561	3407	1070	3862	4572	1439	399	4618	2675	3738	2885	3415	2704	642	3184	2882	1200	1217	1769	1161	3999	4397	3301	3598	1611	3321	4170	4130	1282	4064	1336	2886	3838	2350	1390	1255	
436	486	1636	1987	2092	1441	878	2385	4385	2245	1443	3246	543	2136	4568	2209	2427	1390	0	1974	2339	2129	831	2060	1689	4242	2116	2433	1591	1788	1523	1689	670	559	2426	3513	5049	1989	2484	3714	1828	4159	1167	3707	4480	1855	1381	5416	1796	3208	2991	2932	1607	1894	2656	2418	2099	437	1992	334	3748	5202	2675	4409	1416	2541	4847	4012	947	3962	693	2873	3101	1443	2224	1049	
1609	2182	3533	3922	3435	856	2105	4086	5565	4117	767	4997	1661	2063	5472	3527	3620	1778	1974	0	3492	3637	2045	367	2564	5229	3787	2962	1136	2844	2773	2381	2523	1824	3491	5415	6056	1778	3641	5429	1560	5170	2606	5465	6213	377	2149	6356	3765	5123	4571	4826	3568	1539	4561	4292	992	1537	3450	2071	5557	6136	4610	5344	618	4506	5938	5754	2625	5694	1298	4528	5065	3411	3167	2669	
2677	1854	1753	2057	378	2636	1557	1273	2109	1826	2725	1989	2118	1820	2230	307	134	1721	2339	3492	0	691	1624	3318	931	1905	1090	998	2406	651	824	1137	1806	1955	163	2808	2719	2006	153	2270	2117	1823	1172	2390	3006	3159	1343	3079	2317	2651	1325	2334	2644	2182	2210	1920	2854	2488	600	2006	2594	2864	2416	2070	3238	2628	2537	2607	1455	2534	2732	1430	2983	2172	416	1339	
2530	1667	1128	1385	353	2806	1545	616	2295	1136	2881	1457	2073	2282	2628	384	647	1965	2129	3637	691	0	1609	3527	1260	2269	399	1623	2650	963	884	1490	1493	1897	853	2181	3017	2408	724	1830	2462	2175	1050	1905	2608	3346	1567	3407	1677	1995	935	1671	2053	2537	1528	1232	3162	2390	196	1825	2064	3206	1728	2459	3275	1939	2780	2166	1183	2100	2663	923	2297	1588	1020	1085	
1077	450	1609	2031	1460	1253	67	2043	3726	2137	1312	2954	494	1408	3822	1567	1732	694	831	2045	1624	1609	0	1980	866	3515	1742	1602	1202	1010	808	859	729	335	1682	3434	4337	1331	1776	3385	1238	3438	564	3423	4169	1785	560	4689	1999	3161	2540	2847	2011	1317	2599	2309	1758	869	1432	527	3524	4471	2689	3670	1668	2673	4160	3710	636	3650	1109	2485	3206	1667	1437	646	
1748	2189	3538	3942	3297	728	2034	4014	5357	4102	671	4926	1666	1774	5221	3382	3449	1599	2060	367	3318	3527	1980	0	2386	4993	3712	2709	913	2679	2648	2186	2541	1811	3301	5403	5815	1491	3463	5343	1289	4939	2527	5393	6127	207	1990	6103	3820	5120	4459	4814	3667	1255	4556	4276	646	1627	3335	2100	5502	5884	4623	5100	862	4550	5712	5674	2594	5611	1431	4436	5103	3466	2969	2623	
1934	1247	1855	2261	959	1708	813	1850	3009	2199	1799	2718	1323	1033	3009	1022	1062	790	1689	2564	931	1260	866	2386	0	2725	1569	762	1476	307	469	230	1374	1190	928	3400	3555	1148	1078	3075	1217	2655	730	3162	3842	2228	426	3888	2378	3179	2144	2851	2548	1289	2654	2344	1941	1713	1067	1367	3325	3668	2810	2865	2345	2910	3406	3413	1073	3344	1919	2176	3375	2114	620	982	
4579	3757	3357	3502	2175	4386	3450	2486	616	3122	4483	2520	4006	3262	369	2057	1817	3471	4242	5229	1905	2269	3515	4993	2725	0	2534	2288	4095	2509	2727	2869	3684	3849	1833	3445	831	3526	1759	2416	3708	99	3075	2620	2770	4867	3149	1175	3862	3466	1942	3252	4287	3752	3293	3115	4429	4384	2329	3911	2902	960	3530	201	5067	3868	737	2624	3338	2559	4618	2198	3989	3836	2106	3224	
2540	1695	824	1012	743	2984	1684	302	2475	737	3050	1214	2161	2602	2900	783	1040	2203	2116	3787	1090	399	1742	3712	1569	2534	0	2007	2869	1292	1137	1794	1449	1987	1252	1832	3235	2702	1116	1645	2730	2437	1185	1681	2428	3521	1816	3634	1338	1624	882	1296	1753	2809	1135	835	3401	2434	540	1846	1799	3442	1331	2730	3373	1542	2976	1967	1203	1908	2716	761	1901	1307	1409	1133	
2637	2005	2491	2865	1270	2140	1555	2235	2699	2719	2241	2987	2017	982	2512	1261	1113	1272	2433	2962	998	1623	1602	2709	762	2288	2007	0	1827	828	1137	752	2132	1906	875	3792	3107	1238	1074	3256	1421	2239	1470	3384	3973	2594	1071	3395	3041	3617	2316	3294	3262	1463	3141	2838	2141	2403	1468	2118	3592	3176	3328	2390	2877	3489	3016	3590	1818	3517	2574	2428	3900	2811	604	1718	
1460	1530	2811	3231	2401	355	1242	3170	4447	3332	453	4078	1069	966	4336	2481	2538	693	1591	1136	2406	2650	1202	913	1476	4095	2869	1827	0	1773	1766	1273	1876	1150	2388	4623	4922	689	2550	4478	457	4038	1700	4540	5258	772	1091	5220	3177	4356	3576	4039	3119	466	3795	3501	557	1243	2456	1493	4667	5000	3891	4209	1145	3869	4809	4812	1838	4747	1207	3569	4406	2832	2056	1840	
2084	1315	1671	2058	652	1989	947	1564	2754	1955	2076	2419	1498	1319	2813	716	777	1081	1788	2844	651	963	1010	2679	307	2509	1292	828	1773	0	318	535	1363	1345	680	3123	3335	1450	803	2770	1523	2434	683	2859	3536	2516	694	3681	2216	2913	1837	2584	2437	1596	2401	2091	2247	1879	773	1455	3027	3463	2568	2661	2589	2695	3169	3108	1026	3039	2109	1873	3138	1984	436	917	
1853	1040	1391	1793	665	1932	741	1431	2919	1736	2011	2325	1301	1487	3047	766	926	1082	1523	2773	824	884	808	2648	469	2727	1137	1137	1766	318	0	674	1054	1134	903	2958	3543	1566	974	2713	1594	2647	376	2782	3492	2470	686	3902	1924	2727	1812	2399	2125	1672	2194	1884	2281	1665	689	1189	2924	3687	2344	2889	2457	2441	3358	3048	711	2983	1915	1805	2908	1677	730	600	
1885	1283	2039	2451	1188	1527	818	2078	3184	2410	1622	2948	1265	813	3139	1248	1270	605	1689	2381	1137	1490	859	2186	230	2869	1794	752	1273	535	674	0	1463	1155	1115	3624	3700	918	1279	3304	991	2805	871	3392	4071	2036	319	4021	2545	3398	2372	3070	2683	1061	2868	2558	1721	1653	1297	1383	3555	3801	3018	3000	2201	3104	3565	3643	1195	3574	1833	2406	3579	2265	786	1117	
1102	354	1011	1402	1509	1844	724	1715	3777	1607	1877	2580	875	2122	4023	1627	1874	1423	670	2523	1806	1493	729	2541	1374	3684	1449	2132	1876	1363	1054	1463	0	740	1919	2897	4471	2060	1939	3046	1964	3595	680	3043	3814	2336	1224	4849	1302	2601	2327	2309	1282	2042	2040	1782	2429	1034	1376	453	3094	4640	2088	3860	2020	2013	4252	3347	352	3296	1316	2204	2563	956	1784	468	
745	387	1728	2133	1775	1105	399	2281	4053	2297	1142	3186	176	1582	4157	1885	2060	835	559	1824	1955	1897	335	1811	1190	3849	1987	1906	1150	1345	1134	1155	740	0	2016	3598	4671	1450	2106	3630	1308	3771	849	3655	4412	1607	839	5023	2040	3311	2816	3008	1970	1380	2747	2472	1697	535	1728	349	3737	4806	2813	4004	1387	2752	4491	3949	802	3891	782	2743	3301	1690	1770	856	
2748	1943	1911	2219	537	2635	1617	1429	2082	1988	2727	2120	2174	1746	2145	469	243	1713	2426	3491	163	853	1682	3301	928	1833	1252	875	2388	680	903	1115	1919	2016	0	2955	2656	1949	200	2382	2074	1756	1267	2509	3104	3150	1351	3007	2475	2804	1441	2489	2795	2136	2369	2080	2815	2551	761	2092	2721	2790	2576	1990	3264	2791	2490	2716	1567	2642	2787	1562	3142	2323	340	1451	
3943	3233	1886	1533	2530	4681	3387	1565	3052	1301	4731	941	3755	4434	3785	2531	2713	3991	3513	5415	2808	2181	3434	5403	3400	3445	1832	3792	4623	3123	2958	3624	2897	3598	2955	0	3830	4524	2773	1097	4536	3353	2927	899	1407	5202	3620	4215	1821	319	1635	589	2247	4616	857	1127	5172	3922	2357	3350	656	4091	869	3636	4914	1160	3512	1086	2809	1106	4198	1429	798	2125	3189	2788	
5396	4564	4057	4149	2964	5215	4272	3137	802	3746	5313	2969	4830	4072	624	2847	2623	4301	5049	6056	2719	3017	4337	5815	3555	831	3235	3107	4922	3335	3543	3700	4471	4671	2656	3830	0	4341	2570	2739	4528	901	3882	2944	2872	5693	3979	404	4527	3912	2520	3750	4977	4569	3840	3709	5243	5205	3101	4719	3218	267	4073	718	5897	4434	319	2861	4131	2809	5443	2771	4470	4542	2936	4018	
1983	1762	2845	3269	2102	1043	1337	2990	3929	3281	1142	3865	1449	285	3739	2156	2140	638	1989	1778	2006	2408	1331	1491	1148	3526	2702	1238	689	1450	1566	918	2060	1450	1949	4524	4341	0	2134	4219	232	3478	1652	4309	4982	1401	922	4618	3298	4287	3283	3960	3341	239	3745	3437	903	1743	2214	1787	4472	4400	3878	3623	1832	3924	4254	4558	1902	4489	1789	3323	4427	2980	1609	1862	
2826	1998	1826	2108	464	2785	1709	1266	1956	1850	2875	1927	2270	1938	2088	364	79	1868	2484	3641	153	724	1776	3463	1078	1759	1116	1074	2550	803	974	1279	1939	2106	200	2773	2570	2134	0	2182	2252	1676	1316	2311	2904	3307	1493	2932	2386	2631	1243	2320	2731	2316	2213	1932	2991	2639	673	2152	2526	2719	2426	1927	3391	2657	2385	2516	1589	2443	2884	1370	2988	2260	528	1474	
4148	3325	2150	1977	2118	4618	3325	1349	1973	1574	4687	481	3804	4067	2737	2068	2146	3794	3714	5429	2270	1830	3385	5343	3075	2416	1645	3256	4478	2770	2713	3304	3046	3630	2382	1097	2739	4219	2182	0	4287	2329	2824	207	784	5157	3397	3121	2363	1232	946	1180	2848	4361	1385	1437	4992	4062	2026	3470	488	3002	1568	2597	5015	1948	2421	339	2838	270	4345	909	1809	2558	2685	2775	
1789	1647	2805	3230	2174	810	1255	3025	4091	3272	909	3916	1285	511	3932	2238	2251	561	1828	1560	2117	2462	1238	1289	1217	3708	2730	1421	457	1523	1594	991	1964	1308	2074	4536	4528	232	2252	4287	0	3656	1627	4367	5057	1185	917	4814	3232	4289	3360	3964	3243	81	3738	3434	741	1552	2266	1654	4517	4595	3859	3812	1600	3882	4431	4625	1842	4557	1579	3384	4398	2904	1734	1816	
4499	3673	3260	3403	2086	4324	3373	2387	585	3023	4421	2426	3930	3216	468	1969	1732	3407	4159	5170	1823	2175	3438	4939	2655	99	2437	2239	4038	2434	2647	2805	3595	3771	1756	3353	901	3478	1676	2329	3656	0	2992	2533	2700	4810	3080	1257	3763	3370	1843	3155	4190	3701	3194	3016	4381	4306	2238	3828	2814	1045	3432	300	4999	3769	777	2543	3251	2477	4543	2099	3892	3740	2036	3137	
1524	682	1195	1617	938	1799	502	1487	3231	1648	1865	2399	1024	1636	3402	1053	1260	1070	1167	2606	1172	1050	564	2527	730	3075	1185	1470	1700	683	376	871	680	849	1267	2927	3882	1652	1316	2824	1627	2992	0	2867	3608	2336	731	4248	1679	2669	1977	2347	1819	1708	2114	1813	2245	1359	879	837	2977	4035	2232	3242	2225	2273	3685	3151	348	3090	1624	1922	2776	1395	1106	252	
4143	3335	2112	1902	2211	4665	3365	1380	2180	1517	4731	469	3826	4167	2944	2171	2271	3862	3707	5465	2390	1905	3423	5393	3162	2620	1681	3384	4540	2859	2782	3392	3043	3655	2509	899	2944	4309	2311	207	4367	2533	2867	0	775	5203	3467	3324	2278	1057	1069	1044	2758	4443	1273	1366	5062	4068	2101	3476	282	3207	1437	2803	5033	1813	2626	310	2856	276	4352	986	1634	2496	2802	2800	
4915	4101	2886	2663	2884	5401	4109	2131	2217	2288	5471	1235	4585	4819	3034	2827	2877	4572	4480	6213	3006	2608	4169	6127	3842	2770	2428	3973	5258	3536	3492	4071	3814	4412	3104	1407	2872	4982	2904	784	5057	2700	3608	775	0	5940	4174	3206	3028	1668	1699	1752	3502	5131	2008	2133	5768	4836	2804	4244	818	3137	2139	2923	5795	2497	2562	468	3617	521	5120	1691	2205	3262	3422	3556	
1548	1985	3335	3737	3124	540	1840	3823	5216	3901	473	4735	1461	1686	5105	3212	3289	1439	1855	377	3159	3346	1785	207	2228	4867	3521	2594	772	2516	2470	2036	2336	1607	3150	5202	5693	1401	3307	5157	1185	4810	2336	5203	5940	0	1823	5989	3614	4918	4279	4612	3461	1162	4354	4075	640	1422	3155	1893	5308	5769	4419	4980	711	4344	5581	5486	2394	5424	1232	4251	4898	3259	2821	2426	
1566	1001	1926	2349	1310	1294	529	2112	3433	2362	1383	3010	946	916	3429	1392	1471	399	1381	2149	1343	1567	560	1990	426	3149	1816	1071	1091	694	686	319	1224	839	1351	3620	3979	922	1493	3397	917	3080	731	3467	4174	1823	0	4309	2396	3375	2486	3049	2484	997	2828	2522	1596	1334	1371	1087	3608	4090	2957	3286	1919	3004	3832	3733	1005	3666	1518	2489	3505	2092	1045	952	
5754	4930	4456	4552	3340	5523	4624	3540	1204	4149	5622	3365	5179	4344	885	3222	2989	4618	5416	6356	3079	3407	4689	6103	3888	1175	3634	3395	5220	3681	3902	4021	4849	5023	3007	4215	404	4618	2932	3121	4814	1257	4248	3324	3206	5989	4309	0	4930	4305	2924	4149	5377	4851	4242	4113	5516	5558	3484	5084	3595	220	4474	1023	6222	4837	707	3226	4506	3177	5790	3174	4866	4941	3271	4392	
2201	1653	565	398	1939	3139	1977	1390	3743	823	3166	1893	2162	3310	4230	2024	2307	2675	1796	3765	2317	1677	1999	3820	2378	3862	1338	3041	3177	2216	1924	2545	1302	2040	2475	1821	4527	3298	2386	2363	3232	3763	1679	2278	3028	3614	2396	4930	0	1502	2030	1296	487	3312	1025	931	3730	2229	1718	1723	2220	4747	952	4059	3210	748	4250	2583	1396	2554	2487	1800	1308	355	2517	1445	
3636	2942	1590	1223	2348	4402	3117	1382	3120	1025	4449	950	3465	4211	3817	2361	2566	3738	3208	5123	2651	1995	3161	5120	3179	3466	1624	3617	4356	2913	2727	3398	2601	3311	2804	319	3912	4287	2631	1232	4289	3370	2669	1057	1668	4918	3375	4305	1502	0	1577	329	1929	4369	564	857	4908	3620	2160	3054	868	4168	551	3661	4613	850	3599	1298	2531	1302	3895	1344	577	1810	3014	2517	
3410	2555	1623	1641	1185	3740	2476	668	1724	1228	3815	714	2992	3124	2306	1127	1203	2885	2991	4571	1325	935	2540	4459	2144	1942	882	2316	3576	1837	1812	2372	2327	2816	1441	1635	2520	3283	1243	946	3360	1843	1977	1069	1699	4279	2486	2924	2030	1577	0	1327	2499	3432	1351	1190	4076	3290	1124	2709	1291	2754	1589	2142	4201	1931	2231	1283	2061	1212	3569	256	2063	2100	1740	1978	
3364	2644	1300	968	2024	4093	2801	1062	2951	712	4142	794	3166	3883	3611	2041	2254	3415	2932	4826	2334	1671	2847	4814	2851	3252	1296	3294	4039	2584	2399	3070	2309	3008	2489	589	3750	3960	2320	1180	3964	3155	2347	1044	1752	4612	3049	4149	1296	329	1327	0	1756	4044	280	539	4589	3336	1834	2762	935	4001	393	3451	4328	770	3442	1330	2220	1315	3614	1080	737	1572	2691	2202	
1964	1601	932	883	2271	3028	2005	1846	4199	1307	3040	2379	2060	3394	4653	2368	2653	2704	1607	3568	2644	2053	2011	3667	2548	4287	1753	3262	3119	2437	2125	2683	1282	1970	2795	2247	4977	3341	2731	2848	3243	4190	1819	2758	3502	3461	2484	5377	487	1929	2499	1756	0	3320	1494	1418	3659	2042	2059	1626	2689	5190	1389	4483	2983	1106	4706	3061	1489	3035	2271	2276	1636	472	2786	1569	
1842	1723	2886	3311	2247	821	1335	3103	4143	3353	917	3992	1352	524	3971	2310	2317	642	1894	1539	2182	2537	1317	1255	1289	3752	2809	1463	466	1596	1672	1061	2042	1380	2136	4616	4569	239	2316	4361	81	3701	1708	4443	5131	1162	997	4851	3312	4369	3432	4044	3320	0	3819	3515	685	1608	2342	1727	4595	4632	3940	3852	1610	3963	4477	4699	1923	4631	1623	3459	4480	2983	1796	1897	
3088	2379	1029	689	1877	3838	2555	949	3038	466	3885	949	2902	3681	3657	1908	2142	3184	2656	4561	2210	1528	2599	4556	2654	3293	1135	3141	3795	2401	2194	2868	2040	2747	2369	857	3840	3745	2213	1385	3738	3194	2114	1273	2008	4354	2828	4242	1025	564	1351	280	1494	3819	0	310	4348	3064	1673	2493	1196	4084	238	3493	4056	598	3539	1571	1967	1549	3341	1095	775	1293	2544	1955	
2853	2112	783	540	1578	3554	2263	683	2911	175	3604	963	2631	3371	3483	1615	1859	2882	2418	4292	1920	1232	2309	4276	2344	3115	835	2838	3501	2091	1884	2558	1782	2472	2080	1127	3709	3437	1932	1437	3434	3016	1813	1366	2133	4075	2522	4113	931	857	1190	539	1418	3515	310	0	4052	2814	1370	2234	1350	3944	496	3315	3802	762	3416	1675	1682	1640	3094	939	1065	1130	2243	1663	
1901	2080	3367	3788	2892	675	1796	3701	4827	3884	711	4604	1600	1172	4639	2963	2988	1200	2099	992	2854	3162	1758	646	1941	4429	3401	2141	557	2247	2281	1721	2429	1697	2815	5172	5243	903	2991	4992	741	4381	2245	5062	5768	640	1596	5516	3730	4908	4076	4589	3659	685	4348	4052	0	1712	2966	2034	5199	5298	4446	4525	1292	4426	5157	5328	2394	5262	1611	4084	4963	3384	2475	2394	
245	739	2036	2405	2295	1041	934	2718	4581	2639	1029	3602	389	1935	4692	2407	2592	1217	437	1537	2488	2390	869	1627	1713	4384	2434	2403	1243	1879	1665	1653	1034	535	2551	3922	5205	1743	2639	4062	1552	4306	1359	4068	4836	1422	1334	5558	2229	3620	3290	3336	2042	1608	3064	2814	1712	0	2232	592	4126	5341	3094	4539	993	2973	5023	4370	1232	4316	284	3195	3532	1876	2303	1313	
2382	1520	1155	1460	224	2616	1366	793	2402	1257	2692	1652	1904	2092	2681	309	595	1769	1992	3450	600	196	1432	3335	1067	2329	540	1468	2456	773	689	1297	1376	1728	761	2357	3101	2214	673	2026	2266	2238	879	2101	2804	3155	1371	3484	1718	2160	1124	1834	2059	2342	1673	1370	2966	2232	0	1679	2258	3278	1863	2513	3099	2047	2877	2362	1049	2296	2502	1119	2434	1588	874	944	
705	159	1465	1852	1768	1418	565	2127	4063	2058	1443	3010	441	1902	4234	1884	2096	1161	334	2071	2006	1825	527	2100	1367	3911	1846	2118	1493	1455	1189	1383	453	349	2092	3350	4719	1787	2152	3470	1654	3828	837	3476	4244	1893	1087	5084	1723	3054	2709	2762	1626	1727	2493	2234	2034	592	1679	0	3536	4871	2539	4076	1570	2450	4520	3777	649	3724	876	2607	3005	1370	1891	740	
4184	3402	2125	1865	2387	4774	3468	1498	2459	1515	4835	610	3905	4343	3225	2357	2480	3999	3748	5557	2594	2064	3524	5502	3325	2902	1799	3592	4667	3027	2924	3555	3094	3737	2721	656	3218	4472	2526	488	4517	2814	2977	282	818	5308	3608	3595	2220	868	1291	935	2689	4595	1196	1350	5199	4126	2258	3536	0	3482	1321	3085	5103	1681	2899	433	2935	449	4409	1167	1431	2470	3002	2888	
5538	4717	4266	4373	3131	5303	4407	3358	1050	3975	5402	3222	4961	4125	664	3013	2777	4397	5202	6136	2864	3206	4471	5884	3668	960	3442	3176	5000	3463	3687	3801	4640	4806	2790	4091	267	4400	2719	3002	4595	1045	4035	3207	3137	5769	4090	220	4747	4168	2754	4001	5190	4632	4084	3944	5298	5341	3278	4871	3482	0	4317	804	6002	4676	584	3127	4296	3075	5572	3007	4723	4750	3052	4182	
3099	2436	1086	689	2073	3913	2650	1169	3271	613	3955	1157	2960	3828	3894	2111	2354	3301	2675	4610	2416	1728	2689	4623	2810	3530	1331	3328	3891	2568	2344	3018	2088	2813	2576	869	4073	3878	2426	1568	3859	3432	2232	1437	2139	4419	2957	4474	952	551	1589	393	1389	3940	238	496	4446	3094	1863	2539	1321	4317	0	3730	4086	382	3770	1722	2054	1708	3365	1333	572	1262	2736	2054	
4738	3923	3552	3701	2353	4507	3605	2685	725	3323	4605	2714	4159	3354	170	2236	1988	3598	4409	5344	2070	2459	3670	5100	2865	201	2730	2390	4209	2661	2889	3000	3860	4004	1990	3636	718	3623	1927	2597	3812	300	3242	2803	2923	4980	3286	1023	4059	3661	2142	3451	4483	3852	3493	3315	4525	4539	2513	4076	3085	804	3730	0	5200	4068	703	2796	3512	2732	4769	2398	4187	4030	2248	3398	
1019	1701	3028	3397	3120	790	1733	3666	5344	3627	693	4565	1212	2104	5340	3223	3358	1611	1416	618	3238	3275	1668	862	2345	5067	3373	2877	1145	2589	2457	2201	2020	1387	3264	4914	5897	1832	3391	5015	1600	4999	2225	5033	5795	711	1919	6222	3210	4613	4201	4328	2983	1610	4056	3802	1292	993	3099	1570	5103	6002	4086	5200	0	3957	5750	5330	2178	5274	724	4130	4517	2859	2964	2241	
2949	2367	1079	655	2266	3857	2642	1439	3633	808	3889	1537	2885	3901	4235	2321	2582	3321	2541	4506	2628	1939	2673	4550	2910	3868	1542	3489	3869	2695	2441	3104	2013	2752	2791	1160	4434	3924	2657	1948	3882	3769	2273	1813	2497	4344	3004	4837	748	850	1931	770	1106	3963	598	762	4426	2973	2047	2450	1681	4676	382	4068	3957	0	4134	2092	2044	2081	3233	1675	560	1098	2914	2066	
5206	4363	3793	3868	2755	5090	4094	2861	508	3459	5186	2657	4654	3993	683	2638	2432	4170	4847	5938	2537	2780	4160	5712	3406	737	2976	3016	4809	3169	3358	3565	4252	4491	2490	3512	319	4254	2385	2421	4431	777	3685	2626	2562	5581	3832	707	4250	3599	2231	3442	4706	4477	3539	3416	5157	5023	2877	4520	2899	584	3770	703	5750	4134	0	2543	3917	2491	5269	2478	4159	4278	2788	3807	
4447	3635	2421	2209	2456	4947	3651	1668	2132	1826	5015	767	4121	4405	2926	2407	2482	4130	4012	5754	2607	2166	3710	5674	3413	2624	1967	3590	4812	3108	3048	3643	3347	3949	2716	1086	2861	4558	2516	339	4625	2543	3151	310	468	5486	3733	3226	2583	1298	1283	1330	3061	4699	1571	1675	5328	4370	2362	3777	433	3127	1722	2796	5330	2092	2543	0	3152	75	4653	1244	1864	2805	3022	3093	
1352	494	974	1397	1166	1872	599	1490	3448	1509	1923	2387	971	1921	3676	1284	1525	1282	947	2625	1455	1183	636	2594	1073	3338	1203	1818	1838	1026	711	1195	352	802	1567	2809	4131	1902	1589	2838	1842	3251	348	2856	3617	2394	1005	4506	1396	2531	2061	2220	1489	1923	1967	1682	2394	1232	1049	649	2935	4296	2054	3512	2178	2044	3917	3152	0	3096	1513	1964	2572	1086	1438	116	
4397	3580	2379	2177	2387	4885	3590	1610	2073	1788	4953	716	4064	4335	2864	2336	2409	4064	3962	5694	2534	2100	3650	5611	3344	2559	1908	3517	4747	3039	2983	3574	3296	3891	2642	1106	2809	4489	2443	270	4557	2477	3090	276	521	5424	3666	3177	2554	1302	1212	1315	3035	4631	1549	1640	5262	4316	2296	3724	449	3075	1708	2732	5274	2081	2491	75	3096	0	4600	1178	1873	2769	2950	3036	
317	1022	2315	2677	2556	939	1175	3001	4834	2919	901	3886	615	2010	4919	2667	2840	1336	693	1298	2732	2663	1109	1431	1919	4618	2716	2574	1207	2109	1915	1833	1316	782	2787	4198	5443	1789	2884	4345	1579	4543	1624	4352	5120	1232	1518	5790	2487	3895	3569	3614	2271	1623	3341	3094	1611	284	2502	876	4409	5572	3365	4769	724	3233	5269	4653	1513	4600	0	3477	3793	2135	2524	1592	
3300	2456	1426	1407	1226	3711	2424	493	1972	988	3782	560	2918	3183	2563	1191	1319	2886	2873	4528	1430	923	2485	4436	2176	2198	761	2428	3569	1873	1805	2406	2204	2743	1562	1429	2771	3323	1370	909	3384	2099	1922	986	1691	4251	2489	3174	1800	1344	256	1080	2276	3459	1095	939	4084	3195	1119	2607	1167	3007	1333	2398	4130	1675	2478	1244	1964	1178	3477	0	1814	1894	1835	1891	
3509	2916	1598	1175	2643	4405	3171	1723	3673	1184	4441	1501	3438	4387	4347	2679	2917	3838	3101	5065	2983	2297	3206	5103	3375	3989	1901	3900	4406	3138	2908	3579	2563	3301	3142	798	4470	4427	2988	1809	4398	3892	2776	1634	2205	4898	3505	4866	1308	577	2063	737	1636	4480	775	1065	4963	3532	2434	3005	1431	4723	572	4187	4517	560	4159	1864	2572	1873	3793	1814	0	1658	3308	2584	
1854	1304	485	606	1799	2787	1649	1435	3774	984	2813	2078	1810	3007	4200	1897	2182	2350	1443	3411	2172	1588	1667	3466	2114	3836	1307	2811	2832	1984	1677	2265	956	1690	2323	2125	4542	2980	2260	2558	2904	3740	1395	2496	3262	3259	2092	4941	355	1810	2100	1572	472	2983	1293	1130	3384	1876	1588	1370	2470	4750	1262	4030	2859	1098	4278	2805	1086	2769	2135	1894	1658	0	2321	1149	
2513	1750	1955	2306	668	2313	1375	1632	2398	2131	2406	2395	1917	1410	2396	658	545	1390	2224	3167	416	1020	1437	2969	620	2106	1409	604	2056	436	730	786	1784	1770	340	3189	2936	1609	528	2685	1734	2036	1106	2802	3422	2821	1045	3271	2517	3014	1740	2691	2786	1796	2544	2243	2475	2303	874	1891	3002	3052	2736	2248	2964	2914	2788	3022	1438	2950	2524	1835	3308	2321	0	1325	
1445	582	989	1414	1054	1897	600	1426	3340	1492	1953	2331	1029	1865	3560	1172	1410	1255	1049	2669	1339	1085	646	2623	982	3224	1133	1718	1840	917	600	1117	468	856	1451	2788	4018	1862	1474	2775	1816	3137	252	2800	3556	2426	952	4392	1445	2517	1978	2202	1569	1897	1955	1663	2394	1313	944	740	2888	4182	2054	3398	2241	2066	3807	3093	116	3036	1592	1891	2584	1149	1325	0	


0	 CF146SL 	 0 	 0 	 540  	 1080  	 0  	 0 

1	 CF146JR 	 0 	 25 	 660  	 900  	 8  	 4 
2	 CF141BY 	 1 	 8 	 540  	 780  	 10  	 5 
3	 CF142AP 	 1 	 2 	 540  	 780  	 8  	 4 
4	 CF141UB 	 1 	 5 	 720  	 960  	 5  	 2 
5	 CF149AS 	 1 	 10 	 540  	 780  	 6  	 3 
6	 CF146NX	 1 	 6 	 600  	 840  	 10  	 5 
7	 CF142NZ	 1 	 8 	 720  	 960  	 8  	 4 
8	 CF103HA	 1 	 5 	 660  	 900  	 8  	 4 
9	 CF141LW	 1 	 4 	 720  	 960  	 10  	 5 
10	 CF149HP 	 1 	 6 	 540  	 780  	 8  	 4 
11	 CF142QN	 1 	 9 	 660  	 900  	 9  	 4 
12	 CF146RE 	 0 	 6 	 600  	 840  	 5  	 2 
13	 CF145PY 	 1 	 9 	 600  	 840  	 6  	 3 
14	 CF244NP	 1 	 5 	 720  	 960  	 9  	 4 
15	 CF141UA	 1 	 2 	 660  	 900  	 7  	 3 
16	 CF144AT 	 1 	 7 	 720  	 960  	 5  	 2 
17	 CF145ZN	 1 	 7 	 660  	 900  	 6  	 3 
18	 CF146LJ 	 1 	 4 	 660  	 900  	 7  	 3 
19	 CF149DY 	 1 	 4 	 720  	 960  	 8  	 4 
20	 CF144JP 	 1 	 3 	 720  	 960  	 10  	 5 
21	 CF141SA 	 1 	 6 	 540  	 780  	 8  	 4 
22	 CF146NY	 1 	 10 	 720  	 960  	 10  	 5 
23	 CF149EN 	 1 	 8 	 720  	 960  	 7  	 3 
24	 CF144UZ 	 0 	 1 	 540  	 780  	 9  	 4 
25	 CF143JS 	 1 	 7 	 660  	 900  	 8  	 4 
26	 CF141PT 	 1 	 4 	 720  	 960  	 9  	 4 
27	 CF144HF 	 0 	 4 	 720  	 960  	 8  	 4 
28	 CF145JJ 	 1 	 3 	 600  	 840  	 9  	 4 
29	 CF144NQ	 1 	 9 	 720  	 960  	 9  	 4 
30	 CF144SD 	 1 	 3 	 600  	 840  	 10  	 5 
31	 CF145DN	 1 	 10 	 540  	 780  	 6  	 3 
32	 CF146EA 	 1 	 10 	 600  	 840  	 8  	 4 
33	 CF146LL 	 0 	 4 	 720  	 960  	 9  	 4 
34	 CF144BH 	 1 	 8 	 600  	 840  	 7  	 3 
35	 CF52NZ 	 1 	 10 	 720  	 960  	 7  	 3 
36	 CF244AH	 1 	 10 	 720  	 960  	 7  	 3 
37	 CF145QP	 1 	 1 	 720  	 960  	 10  	 5 
38	 CF144AU	 1 	 10 	 660  	 900  	 10  	 5 
39	 CF52LA 	 1 	 9 	 540  	 780  	 6  	 3 
40	 CF145DD	 1 	 2 	 660  	 900  	 9  	 4 
41	 CF244LA 	 1 	 9 	 600  	 840  	 7  	 3 
42	 CF146AR 	 1 	 7 	 600  	 840  	 7  	 3 
43	 CF52EP 	 1 	 9 	 600  	 840  	 7  	 3 
44	 CF52AN 	 1 	 9 	 660  	 900  	 8  	 4 
45	 CF149EF 	 1 	 6 	 600  	 840  	 5  	 2 
46	 CF145FE 	 1 	 10 	 540  	 780  	 7  	 3 
47	 CF244AN	 1 	 1 	 720  	 960  	 6  	 3 
48	 CF142TQ 	 1 	 8 	 720  	 960  	 9  	 4 
49	 CF52QL 	 1 	 5 	 540  	 780  	 5  	 2 
50	 CF142RY 	 1 	 8 	 540  	 780  	 7  	 3 
51	 CF142FZ 	 1 	 7 	 720  	 960  	 7  	 3 
52	 CF147BG 	 1 	 9 	 540  	 780  	 5  	 2 
53	 CF145AE 	 1 	 3 	 720  	 960  	 5  	 2 
54	 CF142FE 	 1 	 6 	 600  	 840  	 10  	 5 
55	 CF141NJ 	 1 	 5 	 600  	 840  	 6  	 3 
56	 CF149DB 	 1 	 3 	 540  	 780  	 7  	 3 
57	 CF146QF 	 1 	 10 	 540  	 780  	 9  	 4 
58	 CF141TS 	 1 	 9 	 540  	 780  	 10  	 5 
59	 CF146JW 	 1 	 4 	 720  	 960  	 10  	 5 
60	 CF52XJ 	 1 	 6 	 660  	 900  	 9  	 4 
61	 CF244BG 	 1 	 1 	 720  	 960  	 6  	 3 
62	 CF142FT 	 1 	 1 	 720  	 960  	 10  	 5 
63	 CF244NR	 1 	 2 	 660  	 900  	 9  	 4 
64	 CF149UE 	 1 	 1 	 660  	 900  	 6  	 3 
65	 CF142HB 	 1 	 3 	 600  	 840  	 10  	 5 
66	 CF103EH 	 0 	 4 	 720  	 960  	 7  	 3 
67	 CF52DE 	 0 	 14 	 720  	 960  	 6  	 3 
68	 CF146EH 	 1 	 6 	 540  	 780  	 5  	 2 
69	 CF52ET 	 1 	 6 	 540  	 780  	 7  	 3 
70	 CF146QU	 1 	 1 	 540  	 780  	 7  	 3 
71	 CF142PP 	 1 	 5 	 720  	 960  	 5  	 2 
72	 CF52RQ 	 1 	 3 	 720  	 960  	 5  	 2 
73	 CF147BD 	 1 	 5 	 720  	 960  	 7  	 3 
74	 CF144JQ 	 1 	 10 	 540  	 780  	 10  	 5 
75	 CF146AE 	 1 	 3 	 660  	 900  	 7  	 3 
