75

1200
32
10
500

0	1258	3111	2783	3149	3597	2736	3277	4887	347	4139	3847	2288	434	4043	2528	4130	4187	3426	341	3176	2647	753	2857	3451	2605	2220	4267	962	2415	839	1469	2014	1253	1224	2078	3487	3209	1223	2424	1764	4383	571	1882	2326	1764	1541	311	1664	1354	2533	3085	1636	2631	2337	4545	2657	2880	4161	2914	2675	3905	4136	2495	1446	993	1478	817	2777	3626	4111	2924	886	2497	4226	241	
1258	0	4363	3032	3286	2875	2410	3242	5726	1056	4915	3045	2949	1678	3413	2379	4962	4952	3083	1463	3557	3211	1523	2746	3419	3861	1894	4948	2207	3474	464	288	1777	1511	2023	1625	2906	2709	63	2007	2404	5101	1791	1810	2958	1699	2799	1425	2919	2417	2118	3253	792	3832	1772	5288	3886	2330	3774	2377	2569	3625	4763	2527	2605	339	2344	513	4003	4084	4801	4178	1656	3736	3814	1159	
3111	4363	0	3975	4374	6013	4847	4756	3579	3379	3313	6335	2962	2719	6262	4485	3111	3379	5352	2916	3892	3264	3050	4622	4864	536	4524	3697	2156	1728	3919	4547	4313	3541	2807	4569	5737	5412	4323	4751	2988	3651	2577	4068	3035	4012	1596	3017	1448	2493	4820	4280	4554	872	4849	3677	623	5225	5984	5235	4507	5609	3781	4207	1895	4101	2590	3921	571	3944	3572	190	2988	670	6077	3212	
2783	3032	3975	0	421	2441	1299	785	3177	3045	2337	2780	1012	2948	2475	968	2501	2345	1493	2500	576	772	2036	827	891	3751	1423	2189	2759	2266	2731	2928	1388	1605	1689	1700	2054	1758	2971	1523	1176	2388	2601	1251	940	1347	3233	3065	3142	3869	1500	334	2446	3108	1822	2597	3354	1789	2029	1766	834	1644	1941	622	2410	3109	1647	3082	3407	1123	2077	3870	1920	3370	2126	2574	
3149	3286	4374	421	0	2271	1250	443	3288	3394	2473	2601	1416	3338	2216	1011	2668	2470	1238	2880	670	1127	2412	729	499	4163	1526	2256	3173	2655	3024	3152	1551	1934	2095	1823	1862	1601	3226	1566	1593	2467	3000	1476	1342	1588	3653	3440	3564	4273	1513	94	2638	3504	1884	2676	3756	1720	1676	1687	828	1282	1989	762	2831	3395	2067	3386	3805	1130	2168	4274	2304	3778	1775	2932	
3597	2875	6013	2441	2271	0	1205	1866	5559	3638	4740	341	3263	3982	582	1584	4925	4740	1079	3522	2929	3172	3153	1613	1932	5654	1501	4524	4178	4461	2950	2601	1720	2555	3229	1538	420	682	2844	1271	3049	4736	3815	1954	3208	2026	4810	3895	4815	4950	1194	2329	2105	5210	1264	4945	5403	789	1296	778	1638	1441	4253	1929	4160	3169	3424	3282	5486	3395	4439	5869	3151	5350	1274	3364	
2736	2410	4847	1299	1250	1205	0	977	4473	2871	3635	1544	2059	3061	1425	380	3799	3642	698	2578	1843	1988	2148	521	1127	4514	535	3469	3138	3261	2297	2204	723	1535	2111	785	891	565	2359	410	1863	3674	2824	880	2005	986	3742	3047	3722	4050	312	1278	1646	4027	710	3883	4230	490	1429	469	464	1221	3211	732	3032	2616	2267	2669	4309	2361	3366	4710	2110	4190	1491	2496	
3277	3242	4756	785	443	1866	977	0	3703	3488	2899	2189	1795	3513	1776	866	3101	2894	808	3039	1109	1544	2570	504	179	4518	1379	2662	3418	3050	3037	3075	1466	2027	2329	1676	1450	1216	3186	1355	1879	2875	3200	1464	1723	1586	3940	3579	3867	4476	1277	525	2533	3890	1672	3083	4135	1397	1248	1358	674	860	2389	782	3136	3393	2353	3408	4190	1533	2583	4649	2481	4144	1346	3047	
4887	5726	3579	3177	3288	5559	4473	3703	0	5232	848	5888	2791	4760	5458	4142	765	833	4510	4547	2638	2613	4263	3977	3671	3805	4553	1051	4208	2599	5302	5732	4461	4244	3737	4797	5148	4887	5665	4686	3325	836	4391	4255	2795	4305	4186	5034	3981	5250	4672	3232	5378	3012	4967	638	3255	4962	4765	4937	4010	4391	1328	3785	3592	5658	3434	5550	3191	2172	1121	3633	4116	3439	4860	4794	
347	1056	3379	3045	3394	3638	2871	3488	5232	0	4480	3866	2610	661	4115	2701	4474	4528	3568	685	3465	2959	1051	3045	3665	2861	2340	4601	1261	2759	724	1308	2149	1465	1549	2161	3568	3308	1035	2528	2077	4720	901	2052	2645	1930	1788	374	1933	1384	2640	3335	1587	2945	2400	4885	2955	2959	4299	2997	2860	4067	4465	2708	1781	745	1816	559	3076	3930	4445	3190	1193	2785	4359	480	
4139	4915	3313	2337	2473	4740	3635	2899	848	4480	0	5073	1967	4054	4670	3299	264	66	3707	3798	1812	1768	3480	3145	2883	3426	3705	427	3540	2003	4500	4908	3614	3419	2955	3949	4334	4063	4852	3840	2511	338	3674	3408	1965	3460	3614	4310	3421	4638	3828	2411	4540	2600	4120	421	2872	4125	4015	4101	3171	3631	642	2940	2932	4863	2666	4764	2835	1387	379	3324	3333	3025	4112	4028	
3847	3045	6335	2780	2601	341	1544	2189	5888	3866	5073	0	3603	4243	661	1923	5261	5071	1390	3793	3262	3513	3441	1953	2245	5967	1814	4850	4467	4795	3163	2764	2029	2852	3542	1820	740	1022	3020	1585	3380	5063	4095	2269	3548	2334	5104	4140	5117	5201	1516	2662	2302	5538	1539	5271	5726	1112	1486	1107	1979	1693	4578	2269	4472	3354	3746	3479	5812	3721	4768	6188	3446	5670	1443	3619	
2288	2949	2962	1012	1416	3263	2059	1795	2791	2610	1967	3603	0	2315	3399	1680	2033	2003	2440	1955	1052	399	1568	1718	1903	2749	1929	2014	1964	1260	2544	2942	1781	1453	1064	2114	2921	2601	2887	2116	552	2156	1932	1543	74	1566	2332	2514	2212	3120	2143	1323	2596	2096	2337	2340	2342	2518	3032	2511	1641	2651	1858	1340	1498	2913	855	2827	2395	1380	1863	2859	1422	2362	3127	2136	
434	1678	2719	2948	3338	3982	3061	3513	4760	661	4054	4243	2315	0	4407	2819	4018	4106	3738	484	3280	2698	944	3127	3683	2202	2562	4223	623	2210	1272	1899	2348	1534	1284	2450	3849	3559	1646	2776	1839	4320	386	2187	2364	2075	1130	312	1272	989	2881	3266	2064	2306	2718	4469	2301	3245	4471	3276	2949	4193	4118	2740	1202	1391	1463	1207	2423	3688	4065	2530	1036	2128	4541	631	
4043	3413	6262	2475	2216	582	1425	1776	5458	4115	4670	661	3399	4407	0	1778	4876	4661	984	3934	2885	3242	3532	1682	1788	5939	1855	4409	4543	4640	3451	3147	2075	2920	3535	1965	559	868	3379	1633	3274	4624	4206	2280	3336	2372	5158	4348	5143	5389	1533	2290	2630	5431	1716	4829	5643	1163	846	1131	1767	1116	4133	2071	4457	3695	3690	3796	5718	3290	4342	6129	3510	5610	793	3805	
2528	2379	4485	968	1011	1584	380	866	4142	2701	3299	1923	1680	2819	1778	0	3453	3310	933	2335	1534	1619	1885	367	1041	4165	522	3156	2841	2885	2195	2209	602	1286	1785	822	1260	934	2323	563	1497	3356	2553	649	1626	771	3428	2838	3395	3805	532	1016	1669	3658	876	3565	3866	850	1657	838	195	1377	2905	364	2692	2542	1917	2568	3942	2070	3045	4351	1828	3832	1732	2290	
4130	4962	3111	2501	2668	4925	3799	3101	765	4474	264	5261	2033	4018	4876	3453	0	316	3905	3790	2000	1880	3498	3320	3095	3253	3838	688	3481	1900	4537	4970	3734	3483	2972	4071	4524	4245	4900	3983	2562	565	3644	3519	2039	3563	3509	4285	3311	4553	3978	2601	4626	2432	4254	567	2697	4289	4240	4267	3335	3852	904	3091	2867	4893	2671	4786	2653	1611	640	3132	3352	2861	4338	4033	
4187	4952	3379	2345	2470	4740	3642	2894	833	4528	66	5071	2003	4106	4661	3310	316	0	3701	3846	1813	1793	3524	3149	2874	3492	3722	373	3596	2064	4540	4941	3634	3454	2999	3968	4332	4064	4889	3853	2549	272	3726	3431	1998	3485	3675	4361	3483	4697	3840	2411	4569	2666	4135	364	2937	4132	3998	4107	3179	3616	603	2952	2989	4904	2712	4807	2901	1374	343	3390	3376	3091	4096	4073	
3426	3083	5352	1493	1238	1079	698	808	4510	3568	3707	1390	2440	3738	984	933	3905	3701	0	3254	1908	2262	2811	730	855	5060	1233	3467	3773	3694	2992	2862	1419	2205	2712	1465	659	510	3035	1079	2376	3681	3482	1551	2374	1666	4356	3737	4317	4726	966	1310	2304	4505	1325	3888	4729	837	734	787	856	548	3194	1148	3605	3303	2821	3362	4797	2339	3390	5227	2759	4712	803	3186	
341	1463	2916	2500	2880	3522	2578	3039	4547	685	3798	3793	1955	484	3934	2335	3790	3846	3254	0	2867	2320	470	2645	3210	2431	2084	3927	769	2095	1007	1631	1868	1050	892	1985	3375	3082	1418	2301	1441	4042	344	1703	1995	1592	1403	571	1489	1473	2405	2811	1688	2371	2259	4204	2424	2775	3987	2804	2467	3709	3799	2262	1156	1246	1138	1089	2541	3304	3771	2734	580	2278	4057	305	
3176	3557	3892	576	670	2929	1843	1109	2638	3465	1812	3262	1052	3280	2885	1534	2000	1813	1908	2867	0	665	2424	1339	1130	3743	1999	1627	2995	2166	3227	3471	1960	2082	1996	2276	2524	2252	3494	2094	1442	1831	2910	1810	984	1898	3384	3438	3263	4143	2065	601	3006	3021	2397	2041	3289	2329	2311	2302	1384	1915	1372	1197	2551	3607	1866	3563	3322	548	1525	3812	2292	3340	2410	2986	
2647	3211	3264	772	1127	3172	1988	1544	2613	2959	1768	3513	399	2698	3242	1619	1880	1793	2262	2320	665	0	1909	1572	1625	3090	1964	1741	2362	1538	2830	3174	1854	1700	1429	2191	2802	2494	3148	2121	883	1907	2318	1641	338	1692	2724	2885	2599	3518	2127	1034	2779	2392	2380	2104	2652	2469	2792	2455	1536	2401	1552	1257	1892	3206	1246	3135	2693	990	1600	3174	1767	2691	2890	2480	
753	1523	3050	2036	2412	3153	2148	2570	4263	1051	3480	3441	1568	944	3532	1885	3498	3524	2811	470	2424	1909	0	2184	2741	2608	1678	3573	1027	1954	1067	1614	1457	614	526	1620	2974	2671	1466	1902	1027	3702	676	1269	1598	1165	1667	1030	1701	1923	2000	2344	1511	2396	1902	3875	2500	2385	3541	2410	2008	3254	3425	1796	1171	1401	834	1287	2609	2880	3419	2879	148	2386	3614	571	
2857	2746	4622	827	729	1613	521	504	3977	3045	3145	1953	1718	3127	1682	367	3320	3149	730	2645	1339	1572	2184	0	676	4335	875	2962	3100	2967	2557	2573	969	1605	2020	1173	1231	931	2690	863	1652	3169	2840	996	1654	1120	3662	3164	3612	4106	796	761	2030	3774	1183	3378	3999	995	1400	965	185	1076	2700	425	2892	2907	2105	2931	4067	1846	2863	4498	2113	3983	1485	2622	
3451	3419	4864	891	499	1932	1127	179	3671	3665	2883	2245	1903	3683	1788	1041	3095	2874	855	3210	1130	1625	2741	676	0	4641	1550	2624	3575	3150	3216	3249	1642	2203	2487	1845	1512	1307	3363	1515	2023	2838	3366	1643	1829	1765	4087	3752	4009	4642	1432	591	2705	3996	1830	3044	4245	1522	1184	1480	850	789	2348	958	3277	3572	2498	3587	4296	1502	2554	4762	2649	4261	1284	3223	
2605	3861	536	3751	4163	5654	4514	4518	3805	2861	3426	5967	2749	2202	5939	4165	3253	3492	5060	2431	3743	3090	2608	4335	4641	0	4154	3778	1664	1606	3425	4056	3938	3136	2426	4174	5401	5077	3824	4384	2684	3762	2088	3700	2823	3634	1073	2495	944	1963	4461	4070	4095	828	4457	3817	556	4865	5721	4879	4206	5358	3824	3913	1495	3591	2249	3408	614	3868	3640	347	2561	417	5811	2721	
2220	1894	4524	1423	1526	1501	535	1379	4553	2340	3705	1814	1929	2562	1855	522	3838	3722	1233	2084	1999	1964	1678	875	1550	4154	0	3599	2693	3031	1762	1705	221	1067	1728	299	1297	998	1841	230	1603	3791	2351	456	1889	525	3316	2529	3316	3549	322	1523	1156	3738	416	3998	3918	716	1960	737	716	1754	3359	804	2659	2086	1937	2134	4006	2544	3479	4375	1661	3857	2019	1979	
4267	4948	3697	2189	2256	4524	3469	2662	1051	4601	427	4850	2014	4223	4409	3156	688	373	3467	3927	1627	1741	3573	2962	2624	3778	3599	0	3746	2286	4554	4916	3530	3438	3055	3860	4111	3857	4885	3711	2565	216	3838	3345	1995	3410	3882	4461	3698	4872	3688	2207	4512	2950	4006	421	3228	3955	3715	3927	3011	3340	277	2808	3154	4925	2789	4841	3200	1130	158	3697	3425	3370	3811	4135	
962	2207	2156	2759	3173	4178	3138	3418	4208	1261	3540	4467	1964	623	4543	2841	3481	3596	3773	769	2995	2362	1027	3100	3575	1664	2693	3746	0	1623	1763	2393	2471	1626	1090	2647	3987	3677	2167	2920	1587	3824	425	2265	2025	2171	647	935	721	1159	3014	3091	2448	1686	2929	3960	1696	3405	4490	3429	2937	4175	3669	2684	616	1955	1131	1779	1817	3338	3588	1972	1033	1535	4570	1058	
2415	3474	1728	2266	2655	4461	3261	3050	2599	2759	2003	4795	1260	2210	4640	2885	1900	2064	3694	2095	2166	1538	1954	2967	3150	1606	3031	2286	1623	0	3013	3565	2844	2223	1501	3148	4143	3818	3418	3244	1428	2317	1868	2591	1330	2568	1612	2504	1419	2655	3293	2561	3385	856	3408	2421	1123	3689	4291	3690	2874	3909	2283	2570	1011	3317	1189	3174	1157	2262	2136	1647	1831	1192	4386	2382	
839	464	3919	2731	3024	2950	2297	3037	5302	724	4500	3163	2544	1272	3451	2195	4537	4540	2992	1007	3227	2830	1067	2557	3216	3425	1762	4554	1763	3013	0	633	1602	1147	1578	1537	2915	2678	413	1920	1993	4699	1342	1573	2558	1453	2372	1059	2481	2106	2034	2981	868	3371	1745	4882	3431	2313	3710	2355	2374	3516	4381	2283	2143	380	1896	374	3547	3739	4404	3735	1205	3285	3761	707	
1469	288	4547	2928	3152	2601	2204	3075	5732	1308	4908	2764	2942	1899	3147	2209	4970	4941	2862	1631	3471	3174	1614	2573	3249	4056	1705	4916	2393	3565	633	0	1614	1488	2083	1421	2649	2467	282	1796	2408	5078	1970	1683	2943	1581	3005	1667	3112	2683	1903	3126	559	3977	1539	5270	4049	2086	3538	2134	2402	3407	4719	2391	2745	622	2405	787	4164	4007	4773	4365	1735	3908	3574	1336	
2014	1777	4313	1388	1551	1720	723	1466	4461	2149	3614	2029	1781	2348	2075	602	3734	3634	1419	1868	1960	1854	1457	969	1642	3938	221	3530	2471	2844	1602	1614	0	846	1513	337	1517	1215	1721	451	1418	3717	2131	253	1748	306	3095	2324	3096	3336	543	1535	1087	3535	566	3922	3711	937	2152	958	792	1924	3300	795	2443	1942	1731	1976	3801	2508	3405	4163	1439	3646	2214	1774	
1253	1511	3541	1605	1934	2555	1535	2027	4244	1465	3419	2852	1453	1534	2920	1286	3483	3454	2205	1050	2082	1700	614	1605	2203	3136	1067	3438	1626	2223	1147	1488	846	0	749	1040	2363	2057	1448	1294	927	3595	1290	656	1456	551	2255	1559	2265	2522	1389	1879	1181	2812	1324	3784	2958	1779	2937	1802	1424	2662	3252	1246	1648	1527	1036	1483	3057	2592	3293	3381	596	2871	3008	1020	
1224	2023	2807	1689	2095	3229	2111	2329	3737	1549	2955	3542	1064	1284	3535	1785	2972	2999	2712	892	1996	1429	526	2020	2487	2426	1728	3055	1090	1501	1578	2083	1513	749	0	1762	2988	2668	1964	1958	556	3180	918	1275	1103	1209	1644	1457	1611	2180	2037	2017	1886	2063	2042	3351	2215	2441	3417	2456	1864	3092	2916	1600	931	1923	323	1813	2311	2415	2900	2652	379	2138	3500	1080	
2078	1625	4569	1700	1823	1538	785	1676	4797	2161	3949	1820	2114	2450	1965	822	4071	3968	1465	1985	2276	2191	1620	1173	1845	4174	299	3860	2647	3148	1537	1421	337	1040	1762	0	1411	1148	1575	386	1730	4048	2278	573	2082	579	3285	2383	3303	3427	500	1817	867	3812	284	4254	3976	802	2175	838	1016	2002	3625	1089	2683	1839	2007	1903	4070	2823	3736	4413	1630	3900	2224	1841	
3487	2906	5737	2054	1862	420	891	1450	5148	3568	4334	740	2921	3849	559	1260	4524	4332	659	3375	2524	2802	2974	1231	1512	5401	1297	4111	3987	4143	2915	2649	1517	2363	2988	1411	0	326	2868	1074	2753	4323	3647	1726	2861	1815	4605	3793	4594	4831	974	1923	2116	4916	1171	4531	5121	609	983	574	1280	1055	3839	1581	3914	3174	3156	3267	5199	2981	4028	5600	2954	5081	986	3249	
3209	2709	5412	1758	1601	682	565	1216	4887	3308	4063	1022	2601	3559	868	934	4245	4064	510	3082	2252	2494	2671	931	1307	5077	998	3857	3677	3818	2678	2467	1215	2057	2668	1148	326	0	2667	786	2427	4068	3346	1413	2542	1507	4290	3518	4276	4545	678	1655	1918	4590	940	4277	4795	381	1075	333	963	1023	3589	1261	3592	2958	2831	3038	4873	2730	3768	5274	2645	4755	1108	2970	
1223	63	4323	2971	3226	2844	2359	3186	5665	1035	4852	3020	2887	1646	3379	2323	4900	4889	3035	1418	3494	3148	1466	2690	3363	3824	1841	4885	2167	3418	413	282	1721	1448	1964	1575	2868	2667	0	1958	2342	5039	1748	1751	2896	1639	2764	1401	2881	2405	2070	3192	752	3784	1728	5226	3841	2288	3729	2335	2513	3576	4700	2468	2556	342	2285	505	3958	4021	4739	4138	1598	3694	3771	1115	
2424	2007	4751	1523	1566	1271	410	1355	4686	2528	3840	1585	2116	2776	1633	563	3983	3853	1079	2301	2094	2121	1902	863	1515	4384	230	3711	2920	3244	1920	1796	451	1294	1958	386	1074	786	1958	0	1817	3909	2574	684	2072	755	3546	2732	3546	3761	114	1577	1237	3961	320	4118	4144	486	1790	508	738	1617	3464	904	2889	2225	2163	2288	4231	2632	3597	4603	1889	4085	1842	2184	
1764	2404	2988	1176	1593	3049	1863	1879	3325	2077	2511	3380	552	1839	3274	1497	2562	2549	2376	1441	1442	883	1027	1652	2023	2684	1603	2565	1587	1428	1993	2408	1418	927	556	1730	2753	2427	2342	1817	0	2707	1469	1165	574	1153	2065	2009	1988	2714	1870	1509	2097	2164	1983	2889	2369	2269	3043	2273	1524	2692	2405	1229	1257	2361	475	2276	2445	1863	2414	2857	884	2339	3132	1598	
4383	5101	3651	2388	2467	4736	3674	2875	836	4720	338	5063	2156	4320	4624	3356	565	272	3681	4042	1831	1907	3702	3169	2838	3762	3791	216	3824	2317	4699	5078	3717	3595	3180	4048	4323	4068	5039	3909	2707	0	3937	3526	2143	3588	3925	4567	3736	4936	3888	2416	4685	2935	4201	210	3208	4160	3930	4133	3214	3556	493	3005	3223	5068	2904	4978	3173	1343	313	3662	3555	3360	4026	4259	
571	1791	2577	2601	3000	3815	2824	3200	4391	901	3674	4095	1932	386	4206	2553	3644	3726	3482	344	2910	2318	676	2840	3366	2088	2351	3838	425	1868	1342	1970	2131	1290	918	2278	3647	3346	1748	2574	1469	3937	0	1944	1982	1841	1061	643	1146	1276	2673	2924	2029	2062	2557	4088	2098	3055	4210	3081	2668	3914	3732	2439	880	1552	1079	1383	2217	3307	3680	2394	727	1946	4284	635	
1882	1810	4068	1251	1476	1954	880	1464	4255	2052	3408	2269	1543	2187	2280	649	3519	3431	1551	1703	1810	1641	1269	996	1643	3700	456	3345	2265	2591	1573	1683	253	656	1275	573	1726	1413	1751	684	1165	3526	1944	0	1513	123	2879	2192	2870	3176	763	1445	1196	3285	818	3729	3463	1166	2285	1182	812	2023	3122	718	2205	1934	1482	1944	3552	2356	3214	3919	1233	3401	2354	1643	
2326	2958	3035	940	1342	3208	2005	1723	2795	2645	1965	3548	74	2364	3336	1626	2039	1998	2374	1995	984	338	1598	1654	1829	2823	1889	1995	2025	1330	2558	2943	1748	1456	1103	2082	2861	2542	2896	2072	574	2143	1982	1513	0	1541	2401	2557	2283	3180	2097	1249	2586	2168	2300	2330	2415	2467	2961	2459	1581	2580	1831	1282	1567	2930	909	2849	2468	1326	1846	2933	1453	2436	3056	2169	
1764	1699	4012	1347	1588	2026	986	1586	4305	1930	3460	2334	1566	2075	2372	771	3563	3485	1666	1592	1898	1692	1165	1120	1765	3634	525	3410	2171	2568	1453	1581	306	551	1209	579	1815	1507	1639	755	1153	3588	1841	123	1541	0	2792	2074	2791	3064	844	1554	1111	3241	846	3789	3412	1241	2400	1261	935	2143	3193	834	2138	1816	1435	1823	3503	2440	3277	3860	1139	3344	2468	1524	
1541	2799	1596	3233	3653	4810	3742	3940	4186	1788	3614	5104	2332	1130	5158	3428	3509	3675	4356	1403	3384	2724	1667	3662	4087	1073	3316	3882	647	1612	2372	3005	3095	2255	1644	3285	4605	4290	2764	3546	2065	3925	1061	2879	2401	2792	0	1422	211	1086	3636	3566	3090	1338	3568	4033	1252	4032	5061	4053	3508	4730	3850	3239	834	2521	1590	2338	1373	3654	3728	1406	1659	1055	5144	1677	
311	1425	3017	3065	3440	3895	3047	3579	5034	374	4310	4140	2514	312	4348	2838	4285	4361	3737	571	3438	2885	1030	3164	3752	2495	2529	4461	935	2504	1059	1667	2324	1559	1457	2383	3793	3518	1401	2732	2009	4567	643	2192	2557	2074	1422	0	1575	1064	2841	3373	1898	2618	2639	4722	2611	3185	4471	3220	2982	4214	4345	2798	1501	1119	1678	932	2733	3871	4304	2827	1150	2436	4536	551	
1664	2919	1448	3142	3564	4815	3722	3867	3981	1933	3421	5117	2212	1272	5143	3395	3311	3483	4317	1489	3263	2599	1701	3612	4009	944	3316	3698	721	1419	2481	3112	3096	2265	1611	3303	4594	4276	2881	3546	1988	3736	1146	2870	2283	2791	211	1575	0	1297	3632	3475	3163	1130	3587	3840	1058	4032	5012	4051	3464	4672	3674	3187	733	2653	1516	2473	1180	3509	3545	1261	1674	869	5097	1777	
1354	2417	2493	3869	4273	4950	4050	4476	5250	1384	4638	5201	3120	989	5389	3805	4553	4697	4726	1473	4143	3518	1923	4106	4642	1963	3549	4872	1159	2655	2106	2683	3336	2522	2180	3427	4831	4545	2405	3761	2714	4936	1276	3176	3180	3064	1086	1064	1297	0	3867	4196	2959	2413	3690	5059	2291	4226	5459	4258	3931	5176	4811	3711	1719	2084	2277	1904	2407	4496	4716	2308	1997	2084	5530	1587	
2533	2118	4820	1500	1513	1194	312	1277	4672	2640	3828	1516	2143	2881	1533	532	3978	3840	966	2405	2065	2127	2000	796	1432	4461	322	3688	3014	3293	2034	1903	543	1389	2037	500	974	678	2070	114	1870	3888	2673	763	2097	844	3636	2841	3632	3867	0	1530	1345	4023	399	4097	4211	405	1676	419	690	1506	3436	888	2967	2338	2231	2402	4296	2597	3577	4675	1981	4156	1728	2293	
3085	3253	4280	334	94	2329	1278	525	3232	3335	2411	2662	1323	3266	2290	1016	2601	2411	1310	2811	601	1034	2344	761	591	4070	1523	2207	3091	2561	2981	3126	1535	1879	2017	1817	1923	1655	3192	1577	1509	2416	2924	1445	1249	1554	3566	3373	3475	4196	1530	0	2619	3410	1892	2625	3662	1756	1765	1725	841	1372	1942	740	2743	3354	1981	3340	3711	1086	2114	4181	2234	3685	1864	2870	
1636	792	4554	2446	2638	2105	1646	2533	5378	1587	4540	2302	2596	2064	2630	1669	4626	4569	2304	1688	3006	2779	1511	2030	2705	4095	1156	4512	2448	3385	868	559	1087	1181	1886	867	2116	1918	752	1237	2097	4685	2029	1196	2586	1111	3090	1898	3163	2959	1345	2619	0	3902	984	4883	4011	1538	2985	1585	1863	2849	4300	1879	2682	1065	2197	1178	4120	3550	4375	4380	1596	3894	3024	1439	
2631	3832	872	3108	3504	5210	4027	3890	3012	2945	2600	5538	2096	2306	5431	3658	2432	2666	4505	2371	3021	2392	2396	3774	3996	828	3738	2950	1686	856	3371	3977	3535	2812	2063	3812	4916	4590	3784	3961	2164	2935	2062	3285	2168	3241	1338	2618	1130	2413	4023	3410	3902	0	4087	2994	283	4426	5124	4432	3667	4746	3001	3365	1233	3612	1806	3445	302	3092	2814	798	2307	429	5218	2677	
2337	1772	4849	1822	1884	1264	710	1672	4967	2400	4120	1539	2337	2718	1716	876	4254	4135	1325	2259	2397	2380	1902	1183	1830	4457	416	4006	2929	3408	1745	1539	566	1324	2042	284	1171	940	1728	320	1983	4201	2557	818	2300	846	3568	2639	3587	3690	399	1892	984	4087	0	4408	4254	568	2002	612	1056	1873	3763	1201	2965	2018	2281	2101	4346	2939	3888	4694	1914	4180	2042	2103	
4545	5288	3677	2597	2676	4945	3883	3083	638	4885	421	5271	2340	4469	4829	3565	567	364	3888	4204	2041	2104	3875	3378	3044	3817	3998	421	3960	2421	4882	5270	3922	3784	3351	4254	4531	4277	5226	4118	2889	210	4088	3729	2330	3789	4033	4722	3840	5059	4097	2625	4883	2994	4408	0	3261	4370	4128	4343	3423	3756	696	3214	3353	5249	3069	5155	3219	1551	520	3699	3728	3422	4223	4428	
2657	3886	623	3354	3756	5403	4230	4135	3255	2955	2872	5726	2342	2301	5643	3866	2697	2937	4729	2424	3289	2652	2500	3999	4245	556	3918	3228	1696	1123	3431	4049	3711	2958	2215	3976	5121	4795	3841	4144	2369	3208	2098	3463	2415	3412	1252	2611	1058	2291	4211	3662	4011	283	4254	3261	0	4616	5361	4624	3885	4987	3282	3584	1330	3648	1981	3475	122	3371	3092	524	2424	210	5454	2727	
2880	2330	5225	1789	1720	789	490	1397	4962	2959	4125	1112	2518	3245	1163	850	4289	4132	837	2775	2329	2469	2385	995	1522	4865	716	3955	3405	3689	2313	2086	937	1779	2441	802	609	381	2288	486	2269	4160	3055	1166	2467	1241	4032	3185	4032	4226	405	1756	1538	4426	568	4370	4616	0	1456	51	954	1378	3695	1213	3371	2584	2636	2670	4700	2841	3853	5080	2374	4561	1489	2642	
4161	3774	5984	2029	1676	1296	1429	1248	4765	4299	4015	1486	3032	4471	846	1657	4240	3998	734	3987	2311	2792	3541	1400	1184	5721	1960	3715	4490	4291	3710	3538	2152	2937	3417	2175	983	1075	3729	1790	3043	3930	4210	2285	2961	2400	5061	4471	5012	5459	1676	1765	2985	5124	2002	4128	5361	1456	0	1407	1554	396	3438	1825	4291	4010	3503	4078	5421	2630	3666	5869	3484	5359	99	3920	
2914	2377	5235	1766	1687	778	469	1358	4937	2997	4101	1107	2511	3276	1131	838	4267	4107	787	2804	2302	2455	2410	965	1480	4879	737	3927	3429	3690	2355	2134	958	1802	2456	838	574	333	2335	508	2273	4133	3081	1182	2459	1261	4053	3220	4051	4258	419	1725	1585	4432	612	4343	4624	51	1407	0	933	1327	3665	1198	3386	2629	2646	2713	4708	2811	3827	5091	2397	4572	1440	2676	
2675	2569	4507	834	828	1638	464	674	4010	2860	3171	1979	1641	2949	1767	195	3335	3179	856	2467	1384	1536	2008	185	850	4206	716	3011	2937	2874	2374	2402	792	1424	1864	1016	1280	963	2513	738	1524	3214	2668	812	1581	935	3508	2982	3464	3931	690	841	1863	3667	1056	3423	3885	954	1554	933	0	1246	2755	304	2750	2725	1965	2747	3956	1911	2905	4379	1941	3862	1636	2439	
3905	3625	5609	1644	1282	1441	1221	860	4391	4067	3631	1693	2651	4193	1116	1377	3852	3616	548	3709	1915	2401	3254	1076	789	5358	1754	3340	4175	3909	3516	3407	1924	2662	3092	2002	1055	1023	3576	1617	2692	3556	3914	2023	2580	2143	4730	4214	4672	5176	1506	1372	2849	4746	1873	3756	4987	1378	396	1327	1246	0	3063	1492	3946	3837	3157	3888	5045	2244	3286	5499	3187	4991	495	3666	
4136	4763	3781	1941	1989	4253	3211	2389	1328	4465	642	4578	1858	4118	4133	2905	904	603	3194	3799	1372	1552	3425	2700	2348	3824	3359	277	3669	2283	4381	4719	3300	3252	2916	3625	3839	3589	4700	3464	2405	493	3732	3122	1831	3193	3850	4345	3674	4811	3436	1942	4300	3001	3763	696	3282	3695	3438	3665	2755	3063	0	2562	3092	4756	2667	4679	3264	860	264	3767	3279	3410	3534	3993	
2495	2527	4207	622	762	1929	732	782	3785	2708	2940	2269	1340	2740	2071	364	3091	2952	1148	2262	1197	1257	1796	425	958	3913	804	2808	2684	2570	2283	2391	795	1246	1600	1089	1581	1261	2468	904	1229	3005	2439	718	1282	834	3239	2798	3187	3711	888	740	1879	3365	1201	3214	3584	1213	1825	1198	304	1492	2562	0	2467	2649	1679	2650	3655	1741	2693	4081	1714	3564	1910	2265	
1446	2605	1895	2410	2831	4160	3032	3136	3592	1781	2932	4472	1498	1202	4457	2692	2867	2989	3605	1156	2551	1892	1171	2892	3277	1495	2659	3154	616	1011	2143	2745	2443	1648	931	2683	3914	3592	2556	2889	1257	3223	880	2205	1567	2138	834	1501	733	1719	2967	2743	2682	1233	2965	3353	1330	3371	4291	3386	2750	3946	3092	2467	0	2402	789	2242	1438	2833	2997	1733	1096	1226	4378	1459	
993	339	4101	3109	3395	3169	2616	3393	5658	745	4863	3354	2913	1391	3695	2542	4893	4904	3303	1246	3607	3206	1401	2907	3572	3591	2086	4925	1955	3317	380	622	1942	1527	1923	1839	3174	2958	342	2225	2361	5068	1552	1934	2930	1816	2521	1119	2653	2084	2338	3354	1065	3612	2018	5249	3648	2584	4010	2629	2725	3837	4756	2649	2402	0	2235	187	3767	4118	4775	3914	1545	3489	4056	944	
1478	2344	2590	1647	2067	3424	2267	2353	3434	1816	2666	3746	855	1463	3690	1917	2671	2712	2821	1138	1866	1246	834	2105	2498	2249	1937	2789	1131	1189	1896	2405	1731	1036	323	2007	3156	2831	2285	2163	475	2904	1079	1482	909	1435	1590	1678	1516	2277	2231	1981	2197	1806	2281	3069	1981	2636	3503	2646	1965	3157	2667	1679	789	2235	0	2118	2070	2234	2633	2446	692	1927	3589	1363	
817	513	3921	3082	3386	3282	2669	3408	5550	559	4764	3479	2827	1207	3796	2568	4786	4807	3362	1089	3563	3135	1287	2931	3587	3408	2134	4841	1779	3174	374	787	1976	1483	1813	1903	3267	3038	505	2288	2276	4978	1383	1944	2849	1823	2338	932	2473	1904	2402	3340	1178	3445	2101	5155	3475	2670	4078	2713	2747	3888	4679	2650	2242	187	2118	0	3594	4065	4689	3733	1434	3313	4127	792	
2777	4003	571	3407	3805	5486	4309	4190	3191	3076	2835	5812	2395	2423	5718	3942	2653	2901	4797	2541	3322	2693	2609	4067	4296	614	4006	3200	1817	1157	3547	4164	3801	3057	2311	4070	5199	4873	3958	4231	2445	3173	2217	3552	2468	3503	1373	2733	1180	2407	4296	3711	4120	302	4346	3219	122	4700	5421	4708	3956	5045	3264	3655	1438	3767	2070	3594	0	3385	3068	507	2530	323	5515	2844	
3626	4084	3944	1123	1130	3395	2361	1533	2172	3930	1387	3721	1380	3688	3290	2070	1611	1374	2339	3304	548	990	2880	1846	1502	3868	2544	1130	3338	2262	3739	4007	2508	2592	2415	2823	2981	2730	4021	2632	1863	1343	3307	2356	1326	2440	3654	3871	3509	4496	2597	1086	3550	3092	2939	1551	3371	2841	2630	2811	1911	2244	860	1741	2833	4118	2234	4065	3385	0	1053	3889	2741	3453	2728	3450	
4111	4801	3572	2077	2168	4439	3366	2583	1121	4445	379	4768	1863	4065	4342	3045	640	343	3390	3771	1525	1600	3419	2863	2554	3640	3479	158	3588	2136	4404	4773	3405	3293	2900	3736	4028	3768	4739	3597	2414	313	3680	3214	1846	3277	3728	4304	3545	4716	3577	2114	4375	2814	3888	520	3092	3853	3666	3827	2905	3286	264	2693	2997	4775	2633	4689	3068	1053	0	3567	3271	3231	3763	3980	
2924	4178	190	3870	4274	5869	4710	4649	3633	3190	3324	6188	2859	2530	6129	4351	3132	3390	5227	2734	3812	3174	2879	4498	4762	347	4375	3697	1972	1647	3735	4365	4163	3381	2652	4413	5600	5274	4138	4603	2857	3662	2394	3919	2933	3860	1406	2827	1261	2308	4675	4181	4380	798	4694	3699	524	5080	5869	5091	4379	5499	3767	4081	1733	3914	2446	3733	507	3889	3567	0	2821	519	5962	3029	
886	1656	2988	1920	2304	3151	2110	2481	4116	1193	3333	3446	1422	1036	3510	1828	3352	3376	2759	580	2292	1767	148	2113	2649	2561	1661	3425	1033	1831	1205	1735	1439	596	379	1630	2954	2645	1598	1889	884	3555	727	1233	1453	1139	1659	1150	1674	1997	1981	2234	1596	2307	1914	3728	2424	2374	3484	2397	1941	3187	3279	1714	1096	1545	692	1434	2530	2741	3271	2821	0	2320	3560	715	
2497	3736	670	3370	3778	5350	4190	4144	3439	2785	3025	5670	2362	2128	5610	3832	2861	3091	4712	2278	3340	2691	2386	3983	4261	417	3857	3370	1535	1192	3285	3908	3646	2871	2138	3900	5081	4755	3694	4085	2339	3360	1946	3401	2436	3344	1055	2436	869	2084	4156	3685	3894	429	4180	3422	210	4561	5359	4572	3862	4991	3410	3564	1226	3489	1927	3313	323	3453	3231	519	2320	0	5451	2579	
4226	3814	6077	2126	1775	1274	1491	1346	4860	4359	4112	1443	3127	4541	793	1732	4338	4096	803	4057	2410	2890	3614	1485	1284	5811	2019	3811	4570	4386	3761	3574	2214	3008	3500	2224	986	1108	3771	1842	3132	4026	4284	2354	3056	2468	5144	4536	5097	5530	1728	1864	3024	5218	2042	4223	5454	1489	99	1440	1636	495	3534	1910	4378	4056	3589	4127	5515	2728	3763	5962	3560	5451	0	3985	
241	1159	3212	2574	2932	3364	2496	3047	4794	480	4028	3619	2136	631	3805	2290	4033	4073	3186	305	2986	2480	571	2622	3223	2721	1979	4135	1058	2382	707	1336	1774	1020	1080	1841	3249	2970	1115	2184	1598	4259	635	1643	2169	1524	1677	551	1777	1587	2293	2870	1439	2677	2103	4428	2727	2642	3920	2676	2439	3666	3993	2265	1459	944	1363	792	2844	3450	3980	3029	715	2579	3985	0	


0	 CF142TJ 	 0 	 0 	 540  	 1080  	 0  	 0 

1	 CF147HD	 1 	 3 	 720  	 960  	 5  	 2 
2	 CF52DA 	 1 	 1 	 720  	 960  	 9  	 4 
3	 CF144ND	 1 	 7 	 720  	 960  	 6  	 3 
4	 CF144HF 	 1 	 4 	 540  	 780  	 9  	 4 
5	 CF149BB 	 1 	 10 	 540  	 780  	 9  	 4 
6	 CF145ZX 	 1 	 6 	 720  	 960  	 8  	 4 
7	 CF145LF 	 0 	 6 	 540  	 780  	 6  	 3 
8	 CF244AQ	 1 	 6 	 600  	 840  	 9  	 4 
9	 CF147BF 	 1 	 2 	 600  	 840  	 6  	 3 
10	 CF244HD	 1 	 5 	 540  	 780  	 8  	 4 
11	 CF149EL 	 1 	 2 	 540  	 780  	 7  	 3 
12	 CF144AB 	 1 	 2 	 720  	 960  	 8  	 4 
13	 CF142BW	 1 	 1 	 720  	 960  	 5  	 2 
14	 CF149BZ 	 1 	 6 	 600  	 840  	 5  	 2 
15	 CF145FD 	 1 	 5 	 600  	 840  	 10  	 5 
16	 CF244JG 	 1 	 3 	 660  	 900  	 6  	 3 
17	 CF244NG	 0 	 8 	 600  	 840  	 7  	 3 
18	 CF145QP	 1 	 7 	 660  	 900  	 5  	 2 
19	 CF142AH	 1 	 4 	 720  	 960  	 6  	 3 
20	 CF144AW	 1 	 2 	 720  	 960  	 10  	 5 
21	 CF144EA 	 1 	 3 	 660  	 900  	 9  	 4 
22	 CF142AF 	 1 	 1 	 720  	 960  	 5  	 2 
23	 CF145DU	 1 	 5 	 720  	 960  	 10  	 5 
24	 CF145QN	 1 	 4 	 540  	 780  	 9  	 4 
25	 CF52JW 	 1 	 2 	 540  	 780  	 7  	 3 
26	 CF146NZ	 1 	 10 	 720  	 960  	 9  	 4 
27	 CF244QY	 1 	 9 	 660  	 900  	 6  	 3 
28	 CF142AZ 	 1 	 2 	 660  	 900  	 10  	 5 
29	 CF142SF 	 0 	 19 	 540  	 780  	 10  	 5 
30	 CF147DE 	 1 	 1 	 660  	 900  	 9  	 4 
31	 CF147TN 	 1 	 5 	 600  	 840  	 10  	 5 
32	 CF146LU 	 1 	 3 	 600  	 840  	 5  	 2 
33	 CF146BS 	 1 	 9 	 660  	 900  	 7  	 3 
34	 CF141PQ	 1 	 4 	 600  	 840  	 6  	 3 
35	 CF146LP 	 1 	 4 	 660  	 900  	 8  	 4 
36	 CF145AL 	 1 	 1 	 720  	 960  	 8  	 4 
37	 CF145BT 	 1 	 1 	 600  	 840  	 6  	 3 
38	 CF147HG	 1 	 8 	 540  	 780  	 9  	 4 
39	 CF146PE 	 1 	 3 	 600  	 840  	 6  	 3 
40	 CF141RZ 	 1 	 7 	 540  	 780  	 7  	 3 
41	 CF244PE 	 1 	 5 	 540  	 780  	 10  	 5 
42	 CF142AR 	 1 	 3 	 660  	 900  	 9  	 4 
43	 CF146AP 	 1 	 9 	 540  	 780  	 6  	 3 
44	 CF144AD	 1 	 9 	 600  	 840  	 6  	 3 
45	 CF146AN	 1 	 7 	 540  	 780  	 10  	 5 
46	 CF52QH 	 1 	 7 	 720  	 960  	 7  	 3 
47	 CF142TA 	 1 	 7 	 660  	 900  	 5  	 2 
48	 CF52QJ 	 1 	 5 	 600  	 840  	 8  	 4 
49	 CF52DF 	 1 	 5 	 540  	 780  	 9  	 4 
50	 CF145EL 	 1 	 3 	 540  	 780  	 9  	 4 
51	 CF144LZ 	 1 	 9 	 660  	 900  	 7  	 3 
52	 CF146UL 	 1 	 3 	 660  	 900  	 9  	 4 
53	 CF52DQ 	 1 	 6 	 720  	 960  	 6  	 3 
54	 CF146RD 	 1 	 1 	 660  	 900  	 10  	 5 
55	 CF244NU	 0 	 21 	 540  	 780  	 10  	 5 
56	 CF52HT 	 1 	 5 	 540  	 780  	 5  	 2 
57	 CF145BP 	 1 	 6 	 540  	 780  	 8  	 4 
58	 CF140RN	 1 	 8 	 660  	 900  	 5  	 2 
59	 CF145BJ 	 1 	 9 	 660  	 900  	 7  	 3 
60	 CF145DR 	 1 	 10 	 600  	 840  	 5  	 2 
61	 CF140NQ	 1 	 4 	 600  	 840  	 7  	 3 
62	 CF244PL 	 1 	 5 	 540  	 780  	 8  	 4 
63	 CF144UZ 	 1 	 8 	 720  	 960  	 5  	 2 
64	 CF142HT 	 1 	 4 	 600  	 840  	 5  	 2 
65	 CF147EN 	 1 	 10 	 660  	 900  	 6  	 3 
66	 CF141LE 	 1 	 6 	 720  	 960  	 8  	 4 
67	 CF147EG 	 1 	 9 	 660  	 900  	 10  	 5 
68	 CF52JB 	 1 	 2 	 660  	 900  	 7  	 3 
69	 CF143RD 	 1 	 2 	 720  	 960  	 8  	 4 
70	 CF244QN	 1 	 5 	 720  	 960  	 8  	 4 
71	 CF52BL 	 1 	 9 	 720  	 960  	 7  	 3 
72	 CF141AA 	 1 	 7 	 540  	 780  	 5  	 2 
73	 CF52LB 	 1 	 10 	 540  	 780  	 6  	 3 
74	 CF140RZ 	 1 	 5 	 600  	 840  	 5  	 2 
75	 CF142TL 	 1 	 2 	 540  	 780  	 7  	 3 
