75

1200
32
10
500

0	1876	2104	1574	2891	4111	1271	3898	3373	2745	3883	3607	3501	3973	2043	4388	3911	1830	2007	1842	2434	2569	3512	2437	2222	1341	499	3156	2135	2574	1507	1172	3277	1789	2994	2244	1513	1994	2711	3018	839	1423	1779	3322	3222	1931	886	2514	2145	2881	3148	1044	1320	2222	2733	3414	1435	4054	1525	4204	5013	1589	2302	930	1804	1630	3866	993	1482	2323	567	3760	2610	1536	1743	1852	
1876	0	254	991	3087	2239	1310	4198	2969	1984	3732	1733	1638	2097	2900	2513	4478	2440	674	2785	1037	1984	3431	1548	669	604	1561	2028	3083	3027	504	2926	3644	1378	2972	1461	1149	119	1855	2075	1435	453	2303	3542	1972	2005	1788	3265	1424	2506	3959	1081	921	1266	1864	3725	442	2189	2307	2339	3137	2588	2453	2281	936	246	4362	2020	1194	1927	1407	4075	2081	1537	2485	2785	
2104	254	0	1044	3079	2030	1557	4181	2879	1876	3661	1506	1399	1881	2987	2288	4493	2679	820	3033	866	2138	3376	1681	737	789	1761	1855	3175	3057	755	3123	3646	1390	2938	1389	1212	159	1975	1932	1600	687	2374	3526	1780	2032	2042	3327	1593	2437	4015	1243	1041	1179	1743	3717	670	1989	2409	2101	2914	2704	2464	2534	931	482	4369	2169	1429	1885	1652	4061	2238	1600	2729	2885	
1574	991	1044	0	2114	2952	1770	3230	2145	1282	2848	2389	2221	2784	1945	3141	3490	2862	1604	3085	904	2820	2520	2441	1654	597	1093	1597	2135	2036	1146	2322	2663	417	2033	725	170	1060	2759	1501	791	827	1329	2575	1650	1016	1965	2284	2251	1649	2975	536	282	654	1225	2749	799	2938	1380	2898	3764	1686	1470	2331	242	872	3377	1234	1785	1034	1389	3103	2906	556	2853	1851	
2891	3087	3079	2114	0	4603	3719	1117	1004	1523	1056	4046	3826	4420	1136	4654	1439	4651	3718	4728	2446	4901	693	4547	3755	2678	2486	2072	1238	449	3242	2702	576	1709	347	1748	1980	3136	4866	1771	2213	2924	1112	465	2281	1118	3672	903	4340	918	1254	2342	2290	1966	1680	639	2899	4638	1392	4350	5204	1478	656	3821	2155	2986	1299	1906	3800	1224	3099	989	4980	1635	4592	1293	
4111	2239	2030	2952	4603	0	3271	5584	4010	3099	4811	571	778	183	4839	391	6032	4190	2268	4631	2209	3036	4644	2606	2018	2819	3790	2662	5037	4728	2633	5152	5171	3165	4353	2903	3117	2121	2700	2927	3619	2691	4208	4978	2460	3770	3865	5095	2762	3744	5736	3263	3034	2705	2936	5196	2681	142	4319	526	931	4632	4110	4383	2753	2484	5877	4163	3057	3407	3611	5491	3130	3468	4294	4774	
1271	1310	1557	1770	3719	3271	0	4813	3909	3035	4576	2866	2832	3169	3121	3609	4942	1142	1003	1476	2281	1312	4229	1176	1253	1194	1356	3232	3254	3507	810	2432	4203	2164	3718	2471	1835	1400	1440	3211	1532	1031	2682	4182	3215	2616	618	3573	880	3407	4253	1385	1509	2338	2955	4319	1063	3182	2525	3498	4202	2694	3068	1129	1891	1149	4866	2035	240	2791	739	4678	1363	2103	1176	2949	
3898	4198	4181	3230	1117	5584	4813	0	1623	2492	977	5044	4818	5402	1915	5592	620	5701	4834	5739	3499	6013	968	5663	4867	3794	3537	2949	1907	1327	4358	3479	621	2823	1257	2820	3096	4244	5983	2666	3290	4040	2148	656	3160	2232	4722	1473	5454	1844	1194	3446	3405	3039	2655	494	4016	5634	2373	5280	6102	2354	1769	4818	3264	4102	441	2906	4905	2302	4166	138	6092	2747	5630	2108	
3373	2969	2879	2145	1004	4010	3909	1623	0	1013	813	3491	3262	3830	2035	3991	2166	4966	3642	5130	2074	4929	656	4513	3612	2739	2898	1350	2177	1417	3267	3477	1396	1745	661	1509	2075	2981	4823	1089	2570	2955	1747	1132	1556	1445	4018	1895	4359	505	2224	2558	2400	1705	1163	1348	2926	4071	2066	3676	4485	2264	1172	4278	2073	2948	1989	2482	3930	1119	3422	1557	5020	1870	4938	2150	
2745	1984	1876	1282	1523	3099	3035	2492	1013	0	1816	2553	2328	2916	2090	3133	2937	4142	2658	4363	1062	3963	1579	3532	2612	1842	2247	601	2281	1735	2329	3171	2081	960	1255	564	1269	1986	3837	326	1906	2031	1550	1879	790	1068	3242	2180	3396	647	2731	1780	1561	722	163	2098	2000	3144	1819	2828	3680	2111	1167	3581	1145	1992	2780	2045	3022	524	2658	2394	4057	1230	4134	2118	
3883	3732	3661	2848	1056	4811	4576	977	813	1816	0	4299	4069	4632	2183	4776	1590	5582	4400	5699	2877	5664	373	5265	4386	3444	3444	2150	2264	1489	3991	3758	1067	2433	889	2275	2752	3753	5579	1900	3140	3673	2127	813	2352	1986	4612	1876	5094	1226	1935	3196	3079	2482	1971	941	3645	4876	2426	4461	5249	2533	1581	4810	2812	3688	1407	2920	4622	1820	4022	966	5751	2480	5538	2347	
3607	1733	1506	2389	4046	571	2866	5044	3491	2553	4299	0	230	396	4269	781	5479	3862	1877	4283	1638	2841	4114	2375	1632	2291	3262	2152	4467	4161	2166	4618	4617	2594	3804	2335	2552	1614	2531	2402	3074	2185	3637	4429	1959	3200	3437	4525	2478	3200	5168	2721	2483	2135	2390	4646	2172	593	3751	633	1408	4065	3543	3951	2186	1978	5327	3608	2669	2843	3131	4947	2941	2899	3952	4205	
3501	1638	1399	2221	3826	778	2832	4818	3262	2328	4069	230	0	596	4076	921	5258	3864	1864	4273	1436	2912	3886	2437	1628	2170	3135	1923	4275	3950	2098	4482	4396	2404	3581	2127	2381	1521	2616	2173	2930	2085	3445	4206	1729	2999	3384	4322	2514	2975	4959	2581	2334	1931	2165	4423	2069	816	3570	703	1546	3886	3333	3894	2009	1879	5104	3449	2647	2629	3045	4722	3013	2718	3946	4018	
3973	2097	1881	2784	4420	183	3169	5402	3830	2916	4632	396	596	0	4664	441	5849	4117	2168	4552	2030	3005	4462	2561	1919	2669	3641	2483	4862	4546	2508	5001	4989	2990	4171	2723	2948	1979	2676	2746	3461	2551	4032	4795	2281	3592	3756	4916	2701	3562	5555	3107	2874	2525	2754	5013	2539	260	4147	452	1044	4461	3929	4274	2582	2343	5695	4000	2961	3226	3482	5309	3101	3295	4217	4601	
2043	2900	2987	1945	1136	4839	3121	1915	2035	2090	2183	4269	4076	4664	0	4978	1869	3872	3416	3862	2643	4407	1828	4139	3527	2350	1770	2690	200	695	2874	1594	1313	1675	1412	1991	1776	2986	4451	2410	1619	2590	632	1442	2869	1096	2910	471	3886	1725	1132	1894	1983	2160	2202	1465	2575	4842	613	4703	5580	455	950	2938	2105	2723	1830	1091	3263	1588	2408	1780	4471	1393	3786	195	
4388	2513	2288	3141	4654	391	3609	5592	3991	3133	4776	781	921	441	4978	0	6068	4557	2609	4993	2335	3424	4637	2988	2359	3072	4042	2645	5178	4814	2938	5395	5214	3313	4385	3006	3301	2395	3089	2927	3847	2966	4349	5006	2435	3893	4194	5205	3136	3769	5824	3496	3253	2821	2974	5227	2953	528	4484	316	628	4802	4201	4710	2928	2758	5907	4369	3402	3490	3908	5506	3518	3633	4657	4927	
3911	4478	4493	3490	1439	6032	4942	620	2166	2937	1590	5479	5258	5849	1869	6068	0	5740	5082	5727	3885	6193	1524	5878	5143	4017	3612	3443	1797	1462	4575	3314	864	3106	1683	3186	3340	4537	6196	3149	3411	4265	2267	1064	3655	2474	4773	1398	5648	2299	851	3620	3626	3403	3098	842	4244	6072	2425	5760	6600	2323	2029	4803	3562	4354	183	2944	5060	2662	4252	629	6264	2964	5654	2061	
1830	2440	2679	2862	4651	4190	1142	5701	4966	4142	5582	3862	3864	4117	3872	4557	5740	0	2003	469	3423	1413	5221	1660	2237	2314	2167	4369	3964	4374	1947	2747	5080	3231	4702	3580	2901	2521	1735	4336	2446	2170	3556	5101	4356	3596	980	4342	1441	4461	4976	2408	2587	3462	4072	5211	2202	4082	3333	4491	5110	3419	4023	1020	3008	2291	5690	2803	1252	3851	1560	5563	1378	3109	160	3682	
2007	674	820	1604	3718	2268	1003	4834	3642	2658	4400	1877	1864	2168	3416	2609	5082	2003	0	2410	1684	1320	4093	874	250	1074	1846	2674	3586	3622	555	3158	4265	2012	3624	2133	1745	683	1181	2740	1837	828	2855	4179	2599	2615	1604	3815	775	3176	4513	1524	1460	1941	2536	4354	846	2180	2806	2509	3199	3057	3073	2122	1592	732	4975	2433	794	2587	1451	4707	1419	2118	2083	3280	
1842	2785	3033	3085	4728	4631	1476	5739	5130	4363	5699	4283	4273	4552	3862	4993	5727	469	2410	0	3726	1878	5332	2126	2652	2578	2255	4641	3933	4416	2283	2588	5118	3424	4812	3809	3100	2876	2204	4581	2567	2468	3618	5164	4645	3719	1122	4333	1898	4627	4933	2592	2803	3712	4309	5256	2498	4526	3367	4915	5555	3408	4122	924	3255	2612	5692	2835	1630	4029	1713	5601	1839	3260	339	3668	
2434	1037	866	904	2446	2209	2281	3499	2074	1062	2877	1638	1436	2030	2643	2335	3885	3423	1684	3726	0	3003	2625	2547	1595	1173	1976	992	2842	2528	1487	3224	3022	982	2242	704	1034	1002	2838	1072	1693	1259	2014	2860	939	1563	2649	2887	2452	1678	3532	1397	1118	497	913	3068	1229	2225	2160	2065	2941	2479	1909	3086	664	1136	3743	2117	2204	1225	2137	3391	3102	1316	3450	2593	
2569	1984	2138	2820	4901	3036	1312	6013	4929	3963	5664	2841	2912	3005	4407	3424	6193	1413	1320	1878	3003	0	5340	484	1439	2231	2657	3993	4549	4739	1674	3708	5418	3236	4850	3424	2933	2002	352	4058	2794	1993	3926	5366	3912	3783	1767	4849	570	4449	5538	2576	2613	3241	3847	5523	2021	2910	3802	3429	3911	3991	4246	2150	2858	1981	6105	3332	1145	3844	2051	5882	103	3267	1563	4242	
3512	3431	3376	2520	693	4644	4229	968	656	1579	373	4114	3886	4462	1828	4637	1524	5221	4093	5332	2625	5340	0	4951	4092	3113	3077	1992	1920	1136	3666	3393	831	2103	520	1988	2415	3459	5267	1717	2777	3347	1753	555	2202	1626	4248	1550	4771	948	1705	2846	2741	2201	1740	744	3319	4699	2053	4323	5138	2165	1210	4440	2501	3373	1345	2546	4282	1505	3661	905	5426	2127	5174	1986	
2437	1548	1681	2441	4547	2606	1176	5663	4513	3532	5265	2375	2437	2561	4139	2988	5878	1660	874	2126	2547	484	4951	0	964	1870	2437	3532	4294	4417	1307	3606	5080	2856	4473	3004	2568	1552	319	3610	2522	1623	3621	5011	3445	3433	1740	4565	297	4043	5260	2263	2260	2814	3409	5177	1648	2485	3527	2975	3502	3743	3895	2197	2453	1578	5780	3091	955	3448	1883	5534	588	2922	1791	3985	
2222	669	737	1654	3755	2018	1253	4867	3612	2612	4386	1632	1628	1919	3527	2359	5143	2237	250	2652	1595	1439	4092	964	0	1179	2025	2573	3703	3689	728	3359	4312	2047	3639	2112	1806	633	1245	2665	1982	948	2946	4211	2481	2670	1852	3909	935	3161	4606	1651	1548	1908	2480	4394	958	1931	2922	2264	2949	3187	3120	2370	1604	805	5029	2580	1043	2591	1674	4744	1541	2191	2322	3399	
1341	604	789	597	2678	2819	1194	3794	2739	1842	3444	2291	2170	2669	2350	3072	4017	2314	1074	2578	1173	2231	3113	1870	1179	0	972	2064	2524	2555	563	2334	3211	1010	2620	1278	702	714	2189	2022	832	248	1781	3143	2070	1563	1481	2742	1665	2245	3440	481	391	1148	1762	3308	228	2777	1743	2873	3699	2010	2025	1914	698	383	3914	1422	1191	1630	968	3665	2314	1054	2321	2221	
499	1561	1761	1093	2486	3790	1356	3537	2898	2247	3444	3262	3135	3641	1770	4042	3612	2167	1846	2255	1976	2657	3077	2437	2025	972	0	2661	1899	2212	1299	1365	2917	1291	2557	1747	1020	1676	2737	2520	341	1121	1390	2934	2733	1468	1187	2229	2163	2401	2901	581	858	1733	2234	3046	1124	3746	1188	3836	4669	1338	1869	1380	1330	1320	3549	681	1515	1832	640	3400	2715	1044	2106	1595	
3156	2028	1855	1597	2072	2662	3232	2949	1350	601	2150	2152	1923	2483	2690	2645	3443	4369	2674	4641	992	3993	1992	3532	2573	2064	2661	0	2881	2322	2458	3703	2605	1392	1770	919	1642	1994	3818	301	2330	2201	2137	2379	212	1648	3534	2775	3444	1156	3306	2132	1874	944	498	2602	2170	2727	2392	2332	3158	2694	1767	3925	1395	2107	3277	2563	3176	1111	2977	2866	4092	1715	4383	2713	
2135	3083	3175	2135	1238	5037	3254	1907	2177	2281	2264	4467	4275	4862	200	5178	1797	3964	3586	3933	2842	4549	1920	4294	3703	2524	1899	2881	0	789	3040	1572	1329	1873	1537	2190	1966	3170	4604	2599	1772	2762	830	1492	3062	1295	3013	434	4035	1893	1013	2062	2163	2360	2395	1485	2748	5039	781	4903	5779	561	1130	3010	2300	2901	1777	1219	3404	1783	2532	1776	4610	1586	3872	309	
2574	3027	3057	2036	449	4728	3507	1327	1417	1735	1489	4161	3950	4546	695	4814	1462	4374	3622	4416	2528	4739	1136	4417	3689	2555	2212	2322	789	0	3113	2279	706	1667	761	1826	1883	3092	4735	2024	1976	2803	827	769	2522	1025	3395	483	4190	1218	1010	2164	2164	2032	1878	840	2782	4750	1049	4519	5387	1073	619	3498	2127	2895	1366	1581	3613	1324	2844	1189	4813	1504	4304	864	
1507	504	755	1146	3242	2633	810	4358	3267	2329	3991	2166	2098	2508	2874	2938	4575	1947	555	2283	1487	1674	3666	1307	728	563	1299	2458	3040	3113	0	2632	3774	1563	3178	1774	1264	603	1626	2467	1283	320	2328	3706	2425	2126	1294	3282	1105	2780	3980	980	954	1610	2229	3871	347	2566	2262	2789	3552	2506	2589	1797	1196	352	4475	1879	718	2172	980	4228	1760	1616	1986	2732	
1172	2926	3123	2322	2702	5152	2432	3479	3477	3171	3758	4618	4482	5001	1594	5395	3314	2747	3158	2588	3224	3708	3393	3606	3359	2334	1365	3703	1572	2279	2632	0	2897	2341	2928	2807	2192	3042	3872	3489	1555	2484	1733	3036	3825	2133	1954	2006	3312	3059	2472	1900	2155	2872	3218	3051	2488	5111	1417	5178	6023	1231	2306	1727	2561	2685	3320	1142	2651	2660	1738	3348	3739	1997	2620	1415	
3277	3644	3646	2663	576	5171	4203	621	1396	2081	1067	4617	4396	4989	1313	5214	864	5080	4265	5118	3022	5418	831	5080	4312	3211	2917	2605	1329	706	3774	2897	0	2267	835	2324	2520	3698	5400	2307	2676	3459	1530	276	2816	1651	4101	900	4863	1451	877	2845	2820	2541	2240	156	3436	5209	1752	4907	5754	1742	1193	4198	2719	3533	724	2284	4301	1800	3548	484	5494	2158	5009	1504	
1789	1378	1390	417	1709	3165	2164	2823	1745	960	2433	2594	2404	2990	1675	3313	3106	3231	2012	3424	982	3236	2103	2856	2047	1010	1291	1392	1873	1667	1563	2341	2267	0	1617	474	331	1432	3174	1230	951	1244	1043	2168	1492	644	2303	1962	2668	1244	2638	832	655	542	945	2347	1216	3168	1178	3047	3922	1498	1077	2623	460	1282	2986	1200	2192	627	1712	2698	3322	350	3211	1614	
2994	2972	2938	2033	347	4353	3718	1257	661	1255	889	3804	3581	4171	1412	4385	1683	4702	3624	4812	2242	4850	520	4473	3639	2620	2557	1770	1537	761	3178	2928	835	1617	0	1565	1918	3010	4791	1472	2257	2858	1248	625	1982	1108	3729	1235	4283	617	1593	2334	2242	1784	1417	843	2832	4396	1555	4077	4920	1698	692	3921	2036	2897	1525	2035	3778	1053	3142	1149	4934	1615	4654	1547	
2244	1461	1389	725	1748	2903	2471	2820	1509	564	2275	2335	2127	2723	1991	3006	3186	3580	2133	3809	704	3424	1988	3004	2112	1278	1747	919	2190	1826	1774	2807	2324	474	1565	0	736	1478	3315	781	1413	1471	1375	2173	1020	895	2690	2199	2855	1049	2833	1241	1006	219	501	2376	1440	2925	1574	2722	3597	1891	1207	3046	583	1444	3047	1665	2461	524	2111	2707	3516	810	3575	1966	
1513	1149	1212	170	1980	3117	1835	3096	2075	1269	2752	2552	2381	2948	1776	3301	3340	2901	1745	3100	1034	2933	2415	2568	1806	702	1020	1642	1966	1883	1264	2192	2520	331	1918	736	0	1222	2887	1516	696	945	1162	2443	1714	870	1979	2120	2367	1573	2812	511	328	715	1233	2612	920	3104	1211	3054	3922	1519	1330	2314	378	1014	3231	1085	1870	957	1390	2968	3016	390	2883	1681	
1994	119	159	1060	3136	2121	1400	4244	2981	1986	3753	1614	1521	1979	2986	2395	4537	2521	683	2876	1002	2002	3459	1552	633	714	1676	1994	3170	3092	603	3042	3698	1432	3010	1478	1222	0	1853	2058	1543	572	2382	3588	1927	2067	1894	3342	1450	2527	4034	1187	1014	1276	1859	3775	561	2071	2397	2221	3018	2683	2509	2391	981	364	4418	2124	1270	1960	1523	4122	2100	1612	2571	2875	
2711	1855	1975	2759	4866	2700	1440	5983	4823	3837	5579	2531	2616	2676	4451	3089	6196	1735	1181	2204	2838	352	5267	319	1245	2189	2737	3818	4604	4735	1626	3872	5400	3174	4791	3315	2887	1853	0	3906	2833	1943	3938	5330	3723	3752	1967	4879	574	4356	5575	2580	2580	3121	3712	5497	1967	2572	3840	3107	3567	4051	4214	2393	2768	1895	6099	3397	1235	3763	2166	5853	434	3242	1880	4295	
3018	2075	1932	1501	1771	2927	3211	2666	1089	326	1900	2402	2173	2746	2410	2927	3149	4336	2740	4581	1072	4058	1717	3610	2665	2022	2520	301	2599	2024	2467	3489	2307	1230	1472	781	1516	2058	3906	0	2181	2188	1876	2085	510	1394	3464	2480	3499	857	3004	2022	1783	874	285	2308	2156	2985	2145	2616	3450	2438	1477	3827	1329	2120	2985	2357	3177	851	2890	2579	4155	1527	4338	2442	
839	1435	1600	791	2213	3619	1532	3290	2570	1906	3140	3074	2930	3461	1619	3847	3411	2446	1837	2567	1693	2794	2777	2522	1982	832	341	2330	1772	1976	1283	1555	2676	951	2257	1413	696	1543	2833	2181	0	1037	1150	2669	2409	1155	1472	2055	2267	2070	2745	357	599	1411	1896	2796	1031	3586	1009	3625	4474	1227	1577	1710	1033	1212	3334	598	1653	1493	887	3154	2861	706	2398	1463	
1423	453	687	827	2924	2691	1031	4040	2955	2031	3673	2185	2085	2551	2590	2966	4265	2170	828	2468	1259	1993	3347	1623	948	248	1121	2201	2762	2803	320	2484	3459	1244	2858	1471	945	572	1943	2188	1037	0	2028	3388	2186	1809	1408	2987	1425	2466	3685	704	640	1320	1939	3554	32	2639	1981	2787	3590	2240	2271	1878	889	208	4163	1634	992	1855	969	3911	2079	1302	2192	2456	
1779	2303	2374	1329	1112	4208	2682	2148	1747	1550	2127	3637	3445	4032	632	4349	2267	3556	2855	3618	2014	3926	1753	3621	2946	1781	1390	2137	830	827	2328	1733	1530	1043	1248	1375	1162	2382	3938	1876	1150	2028	0	1547	2302	494	2576	963	3384	1329	1660	1358	1399	1535	1640	1656	2010	4211	318	4076	4953	565	579	2709	1477	2142	2185	796	2793	1027	2019	2011	3997	773	3491	591	
3322	3542	3526	2575	465	4978	4182	656	1132	1879	813	4429	4206	4795	1442	5006	1064	5101	4179	5164	2860	5366	555	5011	4211	3143	2934	2379	1492	769	3706	3036	276	2168	625	2173	2443	3588	5330	2085	2669	3388	1547	0	2591	1583	4121	1081	4805	1237	1150	2806	2755	2392	2042	223	3363	5021	1804	4697	5535	1842	1121	4251	2608	3447	901	2331	4265	1651	3553	535	5446	2100	5038	1623	
3222	1972	1780	1650	2281	2460	3215	3160	1556	790	2352	1959	1729	2281	2869	2435	3655	4356	2599	4645	939	3912	2202	3445	2481	2070	2733	212	3062	2522	2425	3825	2816	1492	1982	1020	1714	1927	3723	510	2409	2186	2302	2591	0	1809	3550	2970	3373	1367	3511	2185	1918	1000	667	2814	2155	2528	2545	2122	2945	2852	1957	3960	1431	2074	3489	2683	3143	1282	3007	3078	4013	1829	4377	2883	
1931	2005	2032	1016	1118	3770	2616	2232	1445	1068	1986	3200	2999	3592	1096	3893	2474	3596	2615	3719	1563	3783	1626	3433	2670	1563	1468	1648	1295	1025	2126	2133	1651	644	1108	895	870	2067	3752	1394	1155	1809	494	1583	1809	0	2626	1329	3222	966	1996	1232	1173	1071	1150	1745	1786	3782	751	3613	4489	1046	463	2846	1104	1883	2361	1054	2687	544	2036	2102	3863	517	3551	1082	
886	1788	2042	1965	3672	3865	618	4722	4018	3242	4612	3437	3384	3756	2910	4194	4773	980	1604	1122	2649	1767	4248	1740	1852	1481	1187	3534	3013	3395	1294	1954	4101	2303	3729	2690	1979	1894	1967	3464	1472	1408	2576	4121	3550	2626	0	3378	1445	3513	4026	1471	1683	2599	3190	4231	1436	3782	2358	4066	4795	2460	3046	518	2143	1580	4719	1831	855	2911	596	4584	1791	2150	926	2723	
2514	3265	3327	2284	903	5095	3573	1473	1895	2180	1876	4525	4322	4916	471	5205	1398	4342	3815	4333	2887	4849	1550	4565	3909	2742	2229	2775	434	483	3282	2006	900	1962	1235	2199	2120	3342	4879	2480	2055	2987	963	1081	2970	1329	3378	0	4319	1695	699	2305	2361	2391	2314	1056	2969	5109	1049	4917	5790	926	1019	3409	2414	3105	1360	1553	3706	1729	2869	1342	4915	1730	4257	664	
2145	1424	1593	2251	4340	2762	880	5454	4359	3396	5094	2478	2514	2701	3886	3136	5648	1441	775	1898	2452	570	4771	297	935	1665	2163	3444	4035	4190	1105	3312	4863	2668	4283	2855	2367	1450	574	3499	2267	1425	3384	4805	3373	3222	1445	4319	0	3878	5012	2027	2050	2674	3283	4965	1452	2650	3276	3096	3676	3482	3685	1909	2288	1412	5555	2826	664	3274	1595	5323	661	2707	1560	3727	
2881	2506	2437	1649	918	3744	3407	1844	505	647	1226	3200	2975	3562	1725	3769	2299	4461	3176	4627	1678	4449	948	4043	3161	2245	2401	1156	1893	1218	2780	3059	1451	1244	617	1049	1573	2527	4356	857	2070	2466	1329	1237	1367	966	3513	1695	3878	0	2164	2053	1899	1259	810	1458	2436	3791	1643	3461	4303	1877	787	3780	1592	2469	2138	2017	3433	617	2918	1747	4538	1368	4433	1806	
3148	3959	4015	2975	1254	5736	4253	1194	2224	2731	1935	5168	4959	5555	1132	5824	851	4976	4513	4933	3532	5538	1705	5260	4606	3440	2901	3306	1013	1010	3980	2472	877	2638	1593	2833	2812	4034	5575	3004	2745	3685	1660	1150	3511	1996	4026	699	5012	2164	0	3003	3059	3036	2879	994	3668	5757	1737	5529	6395	1569	1626	4013	3095	3802	893	2221	4394	2335	3538	1099	5602	2422	4881	1308	
1044	1081	1243	536	2342	3263	1385	3446	2558	1780	3196	2721	2581	3107	1894	3496	3620	2408	1524	2592	1397	2576	2846	2263	1651	481	581	2132	2062	2164	980	1900	2845	832	2334	1241	511	1187	2580	2022	357	704	1358	2806	2185	1232	1471	2305	2027	2053	3003	0	279	1190	1741	2953	693	3229	1282	3279	4123	1536	1688	1805	761	865	3530	940	1459	1444	880	3312	2650	719	2383	1755	
1320	921	1041	282	2290	3034	1509	3405	2400	1561	3079	2483	2334	2874	1983	3253	3626	2587	1460	2803	1118	2613	2741	2260	1548	391	858	1874	2163	2164	954	2155	2820	655	2242	1006	328	1014	2580	1783	599	640	1399	2755	1918	1173	1683	2361	2050	1899	3059	279	0	931	1507	2918	618	3008	1386	3027	3879	1669	1636	2051	488	744	3523	1132	1542	1282	1107	3275	2695	663	2575	1864	
2222	1266	1179	654	1966	2705	2338	3039	1705	722	2482	2135	1931	2525	2160	2821	3403	3462	1941	3712	497	3241	2201	2814	1908	1148	1733	944	2360	2032	1610	2872	2541	542	1784	219	715	1276	3121	874	1411	1320	1535	2392	1000	1071	2599	2391	2674	1259	3036	1190	931	0	620	2595	1288	2722	1706	2543	3420	2026	1414	2982	457	1270	3264	1736	2311	742	2035	2926	3335	891	3465	2121	
2733	1864	1743	1225	1680	2936	2955	2655	1163	163	1971	2390	2165	2754	2202	2974	3098	4072	2536	4309	913	3847	1740	3409	2480	1762	2234	498	2395	1878	2229	3218	2240	945	1417	501	1233	1859	3712	285	1896	1939	1640	2042	667	1150	3190	2314	3283	810	2879	1741	1507	620	0	2260	1908	2981	1895	2670	3525	2196	1296	3546	1065	1886	2942	2082	2931	616	2612	2557	3942	1245	4071	2218	
3414	3725	3717	2749	639	5196	4319	494	1348	2098	941	4646	4423	5013	1465	5227	842	5211	4354	5256	3068	5523	744	5177	4394	3308	3046	2602	1485	840	3871	3051	156	2347	843	2376	2612	3775	5497	2308	2796	3554	1656	223	2814	1745	4231	1056	4965	1458	994	2953	2918	2595	2260	0	3530	5238	1889	4918	5758	1890	1283	4338	2794	3621	682	2421	4412	1853	3673	359	5601	2258	5142	1655	
1435	442	670	799	2899	2681	1063	4016	2926	2000	3645	2172	2069	2539	2575	2953	4244	2202	846	2498	1229	2021	3319	1648	958	228	1124	2170	2748	2782	347	2488	3436	1216	2832	1440	920	561	1967	2156	1031	32	2010	3363	2155	1786	1436	2969	1452	2436	3668	693	618	1288	1908	3530	0	2630	1967	2771	3578	2229	2247	1903	859	197	4140	1627	1023	1826	990	3887	2107	1280	2223	2443	
4054	2189	1989	2938	4638	142	3182	5634	4071	3144	4876	593	816	260	4842	528	6072	4082	2180	4526	2225	2910	4699	2485	1931	2777	3746	2727	5039	4750	2566	5111	5209	3168	4396	2925	3104	2071	2572	2985	3586	2639	4211	5021	2528	3782	3782	5109	2650	3791	5757	3229	3008	2722	2981	5238	2630	0	4312	662	1029	4623	4132	4300	2746	2433	5919	4139	2965	3435	3546	5538	3002	3463	4189	4771	
1525	2307	2409	1380	1392	4319	2525	2373	2066	1819	2426	3751	3570	4147	613	4484	2425	3333	2806	3367	2160	3802	2053	3527	2922	1743	1188	2392	781	1049	2262	1417	1752	1178	1555	1574	1211	2397	3840	2145	1009	1981	318	1804	2545	751	2358	1049	3276	1643	1737	1282	1386	1706	1895	1889	1967	4312	0	4222	5097	320	896	2449	1566	2121	2362	532	2658	1295	1827	2236	3867	852	3259	479	
4204	2339	2101	2898	4350	526	3498	5280	3676	2828	4461	633	703	452	4703	316	5760	4491	2509	4915	2065	3429	4323	2975	2264	2873	3836	2332	4903	4519	2789	5178	4907	3047	4077	2722	3054	2221	3107	2616	3625	2787	4076	4697	2122	3613	4066	4917	3096	3461	5529	3279	3027	2543	2670	4918	2771	662	4222	0	877	4541	3909	4579	2677	2580	5598	4131	3302	3196	3744	5195	3527	3373	4583	4658	
5013	3137	2914	3764	5204	931	4202	6102	4485	3680	5249	1408	1546	1044	5580	628	6600	5110	3199	5555	2941	3911	5138	3502	2949	3699	4669	3158	5779	5387	3552	6023	5754	3922	4920	3597	3922	3018	3567	3450	4474	3590	4953	5535	2945	4489	4795	5790	3676	4303	6395	4123	3879	3420	3525	5758	3578	1029	5097	877	0	5416	4779	5313	3547	3382	6434	4993	3988	4066	4526	6023	4000	4247	5218	5534	
1589	2588	2704	1686	1478	4632	2694	2354	2264	2111	2533	4065	3886	4461	455	4802	2323	3419	3057	3408	2479	3991	2165	3743	3187	2010	1338	2694	561	1073	2506	1231	1742	1498	1698	1891	1519	2683	4051	2438	1227	2240	565	1842	2852	1046	2460	926	3482	1877	1569	1536	1669	2026	2196	1890	2229	4623	320	4541	5416	0	1099	2484	1880	2392	2284	659	2846	1587	1971	2217	4051	1169	3331	263	
2302	2453	2464	1470	656	4110	3068	1769	1172	1167	1581	3543	3333	3929	950	4201	2029	4023	3073	4122	1909	4246	1210	3895	3120	2025	1869	1767	1130	619	2589	2306	1193	1077	692	1207	1330	2509	4214	1477	1577	2271	579	1121	1957	463	3046	1019	3685	787	1626	1688	1636	1414	1296	1283	2247	4132	896	3909	4779	1099	0	3230	1533	2341	1909	1349	3146	713	2464	1639	4325	979	3971	1020	
930	2281	2534	2331	3821	4383	1129	4818	4278	3581	4810	3951	3894	4274	2938	4710	4803	1020	2122	924	3086	2150	4440	2197	2370	1914	1380	3925	3010	3498	1797	1727	4198	2623	3921	3046	2314	2391	2393	3827	1710	1878	2709	4251	3960	2846	518	3409	1909	3780	4013	1805	2051	2982	3546	4338	1903	4300	2449	4579	5313	2484	3230	0	2532	2063	4768	1920	1363	3200	953	4681	2155	2416	895	2744	
1804	936	931	242	2155	2753	1891	3264	2073	1145	2812	2186	2009	2582	2105	2928	3562	3008	1592	3255	664	2858	2501	2453	1604	698	1330	1395	2300	2127	1196	2561	2719	460	2036	583	378	981	2768	1329	1033	889	1477	2608	1431	1104	2143	2414	2288	1592	3095	761	488	457	1065	2794	859	2746	1566	2677	3547	1880	1533	2532	0	877	3440	1463	1878	996	1582	3142	2948	717	3010	2026	
1630	246	482	872	2986	2484	1149	4102	2948	1992	3688	1978	1879	2343	2723	2758	4354	2291	732	2612	1136	1981	3373	1578	805	383	1320	2107	2901	2895	352	2685	3533	1282	2897	1444	1014	364	1895	2120	1212	208	2142	3447	2074	1883	1580	3105	1412	2469	3802	865	744	1270	1886	3621	197	2433	2121	2580	3382	2392	2341	2063	877	0	4244	1804	1070	1870	1169	3975	2073	1392	2324	2599	
3866	4362	4369	3377	1299	5877	4866	441	1989	2780	1407	5327	5104	5695	1830	5907	183	5690	4975	5692	3743	6105	1345	5780	5029	3914	3549	3277	1777	1366	4475	3320	724	2986	1525	3047	3231	4418	6099	2985	3334	4163	2185	901	3489	2361	4719	1360	5555	2138	893	3530	3523	3264	2942	682	4140	5919	2362	5598	6434	2284	1909	4768	3440	4244	0	2888	4977	2522	4187	446	6178	2860	5609	2024	
993	2020	2169	1234	1906	4163	2035	2906	2482	2045	2920	3608	3449	4000	1091	4369	2944	2803	2433	2835	2117	3332	2546	3091	2580	1422	681	2563	1219	1581	1879	1142	2284	1200	2035	1665	1085	2124	3397	2357	598	1634	796	2331	2683	1054	1831	1553	2826	2017	2221	940	1132	1736	2082	2421	1627	4139	532	4131	4993	659	1349	1920	1463	1804	2888	0	2187	1547	1318	2768	3392	855	2727	914	
1482	1194	1429	1785	3800	3057	240	4905	3930	3022	4622	2669	2647	2961	3263	3402	5060	1252	794	1630	2204	1145	4282	955	1043	1191	1515	3176	3404	3613	718	2651	4301	2192	3778	2461	1870	1270	1235	3177	1653	992	2793	4265	3143	2687	855	3706	664	3433	4394	1459	1542	2311	2931	4412	1023	2965	2658	3302	3988	2846	3146	1363	1878	1070	4977	2187	0	2817	931	4771	1209	2170	1312	3097	
2323	1927	1885	1034	1224	3407	2791	2302	1119	524	1820	2843	2629	3226	1588	3490	2662	3851	2587	4029	1225	3844	1505	3448	2591	1630	1832	1111	1783	1324	2172	2660	1800	627	1053	524	957	1960	3763	851	1493	1855	1027	1651	1282	544	2911	1729	3274	617	2335	1444	1282	742	616	1853	1826	3435	1295	3196	4066	1587	713	3200	996	1870	2522	1547	2817	0	2316	2186	3932	788	3827	1603	
567	1407	1652	1389	3099	3611	739	4166	3422	2658	4022	3131	3045	3482	2408	3908	4252	1560	1451	1713	2137	2051	3661	1883	1674	968	640	2977	2532	2844	980	1738	3548	1712	3142	2111	1390	1523	2166	2890	887	969	2019	3553	3007	2036	596	2869	1595	2918	3538	880	1107	2035	2612	3673	990	3546	1827	3744	4526	1971	2464	953	1582	1169	4187	1318	931	2316	0	4029	2101	1555	1518	2230	
3760	4075	4061	3103	989	5491	4678	138	1557	2394	966	4947	4722	5309	1780	5506	629	5563	4707	5601	3391	5882	905	5534	4744	3665	3400	2866	1776	1189	4228	3348	484	2698	1149	2707	2968	4122	5853	2579	3154	3911	2011	535	3078	2102	4584	1342	5323	1747	1099	3312	3275	2926	2557	359	3887	5538	2236	5195	6023	2217	1639	4681	3142	3975	446	2768	4771	2186	4029	0	5959	2616	5493	1973	
2610	2081	2238	2906	4980	3130	1363	6092	5020	4057	5751	2941	3013	3101	4471	3518	6264	1378	1419	1839	3102	103	5426	588	1541	2314	2715	4092	4610	4813	1760	3739	5494	3322	4934	3516	3016	2100	434	4155	2861	2079	3997	5446	4013	3863	1791	4915	661	4538	5602	2650	2695	3335	3942	5601	2107	3002	3867	3527	4000	4051	4325	2155	2948	2073	6178	3392	1209	3932	2101	5959	0	3346	1531	4303	
1536	1537	1600	556	1635	3468	2103	2747	1870	1230	2480	2899	2718	3295	1393	3633	2964	3109	2118	3260	1316	3267	2127	2922	2191	1054	1044	1715	1586	1504	1616	1997	2158	350	1615	810	390	1612	3242	1527	706	1302	773	2100	1829	517	2150	1730	2707	1368	2422	719	663	891	1245	2258	1280	3463	852	3373	4247	1169	979	2416	717	1392	2860	855	2170	788	1555	2616	3346	0	3073	1309	
1743	2485	2729	2853	4592	4294	1176	5630	4938	4134	5538	3952	3946	4217	3786	4657	5654	160	2083	339	3450	1563	5174	1791	2322	2321	2106	4383	3872	4304	1986	2620	5009	3211	4654	3575	2883	2571	1880	4338	2398	2192	3491	5038	4377	3551	926	4257	1560	4433	4881	2383	2575	3465	4071	5142	2223	4189	3259	4583	5218	3331	3971	895	3010	2324	5609	2727	1312	3827	1518	5493	1531	3073	0	3594	
1852	2785	2885	1851	1293	4774	2949	2108	2150	2118	2347	4205	4018	4601	195	4927	2061	3682	3280	3668	2593	4242	1986	3985	3399	2221	1595	2713	309	864	2732	1415	1504	1614	1547	1966	1681	2875	4295	2442	1463	2456	591	1623	2883	1082	2723	664	3727	1806	1308	1755	1864	2121	2218	1655	2443	4771	479	4658	5534	263	1020	2744	2026	2599	2024	914	3097	1603	2230	1973	4303	1309	3594	0	


0	 CF142TE 	 0 	 0 	 540  	 1080  	 0  	 0 

1	 CF143HX 	 0 	 20 	 660  	 900  	 5  	 2 
2	 CF143HQ	 1 	 1 	 540  	 780  	 5  	 2 
3	 CF141US 	 1 	 4 	 540  	 780  	 7  	 3 
4	 CF145BX 	 1 	 6 	 540  	 780  	 6  	 3 
5	 CF103EN 	 1 	 6 	 600  	 840  	 7  	 3 
6	 CF142LX 	 1 	 3 	 720  	 960  	 8  	 4 
7	 CF149DH	 1 	 9 	 600  	 840  	 6  	 3 
8	 CF140NE 	 1 	 7 	 720  	 960  	 9  	 4 
9	 CF144HA	 1 	 8 	 600  	 840  	 5  	 2 
10	 CF140RZ 	 1 	 5 	 600  	 840  	 6  	 3 
11	 CF244HL 	 1 	 6 	 720  	 960  	 6  	 3 
12	 CF244LJ 	 1 	 5 	 540  	 780  	 7  	 3 
13	 CF103EU 	 1 	 4 	 600  	 840  	 10  	 5 
14	 CF146SS 	 1 	 3 	 660  	 900  	 6  	 3 
15	 CF244AX 	 0 	 7 	 720  	 960  	 9  	 4 
16	 CF149FG 	 1 	 6 	 600  	 840  	 9  	 4 
17	 CF52QX 	 1 	 9 	 540  	 780  	 5  	 2 
18	 CF142QW 1 	 10 	 720  	 960  	 7  	 3 
19	 CF52PY 	 1 	 2 	 600  	 840  	 6  	 3 
20	 CF144DH	 1 	 4 	 720  	 960  	 7  	 3 
21	 CF52HJ 	 1 	 5 	 660  	 900  	 9  	 4 
22	 CF145UX 	 1 	 1 	 660  	 900  	 10  	 5 
23	 CF52AW 	 1 	 2 	 720  	 960  	 6  	 3 
24	 CF142SF 	 1 	 5 	 720  	 960  	 8  	 4 
25	 CF141HA	 1 	 9 	 540  	 780  	 7  	 3 
26	 CF141AF 	 1 	 8 	 720  	 960  	 6  	 3 
27	 CF143QH	 1 	 9 	 600  	 840  	 6  	 3 
28	 CF146QE 	 1 	 8 	 600  	 840  	 5  	 2 
29	 CF145BP 	 1 	 6 	 720  	 960  	 6  	 3 
30	 CF142PT 	 1 	 6 	 720  	 960  	 8  	 4 
31	 CF147HF 	 1 	 3 	 600  	 840  	 9  	 4 
32	 CF149BP 	 1 	 4 	 540  	 780  	 8  	 4 
33	 CF144QE 	 1 	 9 	 540  	 780  	 6  	 3 
34	 CF145LT 	 1 	 4 	 540  	 780  	 9  	 4 
35	 CF144JQ 	 0 	 14 	 720  	 960  	 5  	 2 
36	 CF141TH 	 1 	 3 	 720  	 960  	 9  	 4 
37	 CF143HL 	 1 	 7 	 540  	 780  	 9  	 4 
38	 CF52HS 	 1 	 1 	 660  	 900  	 6  	 3 
39	 CF143RJ 	 1 	 6 	 600  	 840  	 8  	 4 
40	 CF141RP 	 1 	 2 	 540  	 780  	 10  	 5 
41	 CF141HL 	 1 	 1 	 540  	 780  	 9  	 4 
42	 CF146NX	 1 	 4 	 720  	 960  	 10  	 5 
43	 CF145AD	 1 	 7 	 540  	 780  	 6  	 3 
44	 CF143QL 	 1 	 2 	 540  	 780  	 9  	 4 
45	 CF145ET 	 1 	 1 	 600  	 840  	 9  	 4 
46	 CF142FP 	 1 	 9 	 660  	 900  	 9  	 4 
47	 CF145HP 	 1 	 1 	 540  	 780  	 8  	 4 
48	 CF52EN 	 1 	 2 	 540  	 780  	 9  	 4 
49	 CF145PT 	 1 	 2 	 600  	 840  	 10  	 5 
50	 CF149FA 	 1 	 1 	 660  	 900  	 6  	 3 
51	 CF141QG	 1 	 3 	 720  	 960  	 10  	 5 
52	 CF141RE 	 1 	 7 	 540  	 780  	 5  	 2 
53	 CF144BP 	 1 	 9 	 720  	 960  	 8  	 4 
54	 CF144BS 	 1 	 4 	 540  	 780  	 7  	 3 
55	 CF149DA	 0 	 9 	 600  	 840  	 5  	 2 
56	 CF141HJ 	 1 	 7 	 720  	 960  	 5  	 2 
57	 CF103DY 	 1 	 8 	 660  	 900  	 9  	 4 
58	 CF146NW 1 	 5 	 720  	 960  	 8  	 4 
59	 CF244DX 	 1 	 8 	 540  	 780  	 6  	 3 
60	 CF244DS 	 1 	 5 	 540  	 780  	 8  	 4 
61	 CF146JW 	 1 	 2 	 600  	 840  	 6  	 3 
62	 CF145FH 	 1 	 9 	 660  	 900  	 8  	 4 
63	 CF142HP 	 1 	 8 	 600  	 840  	 7  	 3 
64	 CF144QY	 1 	 8 	 600  	 840  	 10  	 5 
65	 CF141JW 	 0 	 25 	 720  	 960  	 7  	 3 
66	 CF149FE 	 1 	 1 	 660  	 900  	 8  	 4 
67	 CF146EQ 	 0 	 6 	 540  	 780  	 9  	 4 
68	 CF142JE 	 0 	 6 	 720  	 960  	 10  	 5 
69	 CF144HH	 1 	 7 	 540  	 780  	 8  	 4 
70	 CF141LQ 	 1 	 8 	 660  	 900  	 9  	 4 
71	 CF149DG	 1 	 5 	 660  	 900  	 9  	 4 
72	 CF52HF 	 1 	 7 	 660  	 900  	 5  	 2 
73	 CF144SA 	 1 	 4 	 540  	 780  	 8  	 4 
74	 CF52QZ 	 1 	 10 	 600  	 840  	 8  	 4 
75	 CF146LB 	 1 	 10 	 660  	 900  	 5  	 2 
