75

1200
32
10
500

0	2039	2708	2666	1691	1721	4219	1038	1340	2271	1805	2477	3288	2306	398	3162	1365	713	1899	1410	2812	1128	2075	1950	1509	1885	203	1285	2952	2687	1949	2929	1315	1885	1204	2802	2016	683	1393	3249	1929	1885	2705	1748	994	3879	1648	1590	2064	2220	1574	2623	1283	3280	912	1771	1806	2333	2051	1609	1885	3453	2178	2681	2287	2935	1387	1981	710	1177	2813	1799	2110	2130	1378	1882	
2039	0	3250	4625	832	3208	4165	1388	2697	2417	3838	3285	3579	2567	2140	2276	751	2459	1919	1583	3368	1567	4106	3988	1034	2603	2092	777	3135	2096	2288	3338	2427	2602	1642	3255	4054	1989	1906	1798	1503	2603	1206	823	1108	4123	521	2997	699	4227	1140	1889	3260	3104	1222	2656	799	1292	207	798	2603	4139	2500	3063	4292	4916	840	125	2353	1369	4808	3332	4149	897	773	3916	
2708	3250	0	4562	2419	1539	1638	2132	1503	862	3523	417	625	4917	2324	2020	3169	2148	1332	1739	120	3594	3731	3524	3606	827	2909	2756	541	1613	973	261	1402	827	3700	144	3562	2036	1492	2802	1772	827	4431	3665	2549	1185	2766	1447	2641	4018	2120	1802	2615	1114	3075	4471	3693	4341	3425	2464	827	889	4796	262	4077	4693	2515	3309	2069	3522	4535	1614	3558	2487	3224	3565	
2666	4625	4562	0	4357	3030	6198	3670	3133	4537	1044	4175	5182	3417	2776	5697	3885	2674	4338	3956	4620	3215	837	1045	3806	3929	2559	3923	5007	5183	4217	4823	3375	3929	3196	4698	1016	3110	3806	5899	4505	3929	4943	4095	3656	5683	4297	3119	4730	544	4217	5170	1960	5492	3405	2664	4154	4439	4588	4275	3929	4943	3324	4671	486	323	4052	4544	2804	3389	311	2974	1055	4794	3876	997	
1691	832	2419	4357	0	2484	3416	741	1977	1592	3455	2458	2766	2991	1640	1723	968	1891	1089	780	2537	1741	3727	3579	1433	1783	1818	592	2326	1406	1456	2513	1679	1783	1845	2426	3643	1388	1111	1580	698	1783	2020	1374	723	3324	372	2265	394	3898	315	1236	2740	2353	1206	2864	1383	2002	1008	102	1783	3308	2897	2236	3965	4620	336	893	1765	1575	4495	2612	3720	441	1024	3530	
1721	3208	1539	3030	2484	0	3170	1820	511	1728	1998	1146	2154	4014	1346	3070	2781	1008	1782	1729	1592	2830	2195	1988	3092	1063	1882	2478	2018	2549	1477	1800	808	1064	2915	1679	2025	1283	1411	3595	2165	1063	4192	3265	2158	2658	2693	221	2851	2487	2189	2633	1114	2548	2467	3408	3313	3923	3314	2466	1063	1978	3885	1676	2544	3154	2369	3210	1026	2842	2996	132	2019	2789	2820	2036	
4219	4165	1638	6198	3416	3170	0	3432	3124	1979	5160	2026	1016	6274	3862	2090	4340	3739	2454	2983	1579	4941	5365	5158	4808	2371	4421	3917	1269	2078	2281	1378	2973	2371	5052	1505	5195	3536	2858	2967	2726	2371	5362	4787	3811	631	3788	3085	3469	5654	3194	2297	4253	1064	4385	5932	4799	5415	4368	3497	2371	1522	6162	1567	5713	6322	3637	4260	3645	4829	6164	3236	5186	3274	4397	5202	
1038	1388	2132	3670	741	1820	3432	0	1309	1458	2736	2051	2613	2844	912	2137	1058	1150	985	451	2251	1510	3007	2852	1476	1355	1202	681	2209	1685	1192	2294	1051	1355	1620	2183	2915	648	642	2228	903	1355	2423	1562	418	3205	876	1610	1134	3193	547	1598	2000	2415	960	2532	1598	2244	1497	690	1355	2993	2731	2017	3260	3921	551	1392	1026	1409	3790	1944	2989	1150	1109	2810	
1340	2697	1503	3133	1977	511	3124	1309	0	1425	2091	1191	2125	3644	944	2706	2286	673	1362	1234	1588	2404	2326	2127	2617	795	1524	1971	1888	2178	1125	1754	324	796	2496	1625	2176	802	930	3156	1703	795	3694	2776	1655	2684	2182	303	2349	2593	1687	2232	1177	2358	1998	3093	2823	3442	2804	1957	795	2144	3517	1562	2657	3303	1858	2700	633	2395	3150	637	2200	2296	2327	2144	
2271	2417	862	4537	1592	1728	1979	1458	1425	0	3501	1043	1185	4302	1943	1360	2424	1898	513	1014	974	2968	3744	3548	2882	665	2471	2001	758	862	330	922	1163	665	3078	844	3598	1598	885	2021	920	665	3612	2902	1851	1763	1954	1545	1786	4003	1312	1005	2595	1011	2417	3955	2924	3565	2600	1650	665	1739	4189	648	4067	4720	1736	2485	1782	2865	4569	1846	3625	1627	2481	3558	
1805	3838	3523	1044	3455	1998	5160	2736	2091	3501	0	3141	4145	3209	1824	4691	3134	1667	3325	2976	3584	2613	272	190	3160	2886	1752	3090	3963	4171	3183	3783	2339	2886	2628	3658	248	2134	2799	4952	3525	2886	4356	3437	2791	4655	3450	2077	3841	503	3280	4172	916	4448	2655	2438	3497	3899	3836	3383	2886	3940	3093	3627	567	1224	3174	3775	1801	2755	1078	1951	374	3882	3137	78	
2477	3285	417	4175	2458	1146	2026	2051	1191	1043	3141	0	1011	4742	2082	2334	3109	1859	1416	1715	449	3441	3341	3134	3521	698	2673	2713	949	1880	1019	669	1165	699	3544	561	3170	1833	1419	3059	1875	698	4433	3612	2467	1520	2779	1080	2729	3632	2146	2044	2244	1519	2953	4247	3646	4293	3445	2488	698	979	4618	627	3690	4296	2499	3331	1799	3391	4138	1211	3160	2597	3160	3181	
3288	3579	625	5182	2766	2154	1016	2613	2125	1185	4145	1011	0	5443	2914	1935	3607	2759	1698	2184	563	4110	4349	4142	4061	1406	3491	3184	445	1667	1421	370	2002	1406	4219	500	4179	2608	1991	2802	2076	1406	4781	4087	3019	596	3132	2071	2918	4639	2494	1887	3239	800	3572	5037	4109	4749	3768	2829	1406	813	5325	609	4697	5307	2921	3654	2674	4021	5149	2222	4171	2741	3663	4186	
2306	2567	4917	3417	2991	4014	6274	2844	3644	4302	3209	4742	5443	0	2700	4709	2025	3009	3820	3292	5030	1335	3382	3399	1578	4094	2133	2413	5051	4382	4026	5107	3581	4094	1225	4988	3453	2909	3451	4360	3608	4094	2049	1744	2465	6038	2664	3895	3141	3306	3128	4225	3289	5241	1889	776	1770	1534	2394	2892	4094	5720	129	4838	3346	3738	2697	2442	3016	1448	3707	4081	3581	3321	1971	3272	
398	2140	2324	2776	1640	1346	3862	912	944	1943	1824	2082	2914	2700	0	2943	1551	360	1621	1185	2426	1484	2095	1940	1786	1508	591	1363	2593	2445	1614	2551	925	1508	1569	2422	2004	354	1092	3131	1732	1508	2947	1993	1034	3501	1686	1202	2032	2287	1456	2409	1123	2953	1160	2166	2047	2620	2189	1575	1508	3056	2573	2311	2354	3017	1384	2104	321	1502	2884	1434	2080	2061	1578	1898	
3162	2276	2020	5697	1723	3070	2090	2137	2706	1360	4691	2334	1935	4709	2943	0	2683	3026	1368	1762	2095	3459	4950	4766	3137	2012	3337	2313	1569	528	1595	1919	2401	2011	3566	1924	4822	2596	1892	892	1235	2012	3410	3029	2365	2286	2047	2874	1599	5182	1657	540	3822	1171	2911	4574	3023	3568	2482	1824	2012	2725	4617	1758	5249	5913	2039	2390	2894	3297	5769	3193	4865	1405	2738	4756	
1365	751	3169	3885	968	2781	4340	1058	2286	2424	3134	3109	3607	2025	1551	2683	0	1902	1914	1432	3289	848	3397	3292	470	2411	1383	424	3182	2370	2205	3311	2075	2411	938	3207	3359	1500	1692	2400	1621	2411	1412	504	648	4187	643	2589	1138	3502	1146	2204	2635	3284	483	1972	543	1186	706	872	2411	4042	1935	3031	3565	4180	703	661	1818	657	4076	2893	3460	1306	58	3212	
713	2459	2148	2674	1891	1008	3739	1150	673	1898	1667	1859	2759	3009	360	3026	1902	0	1664	1316	2240	1831	1931	1755	2146	1368	876	1685	2479	2509	1570	2390	767	1368	1912	2260	1815	504	1134	3307	1863	1368	3303	2351	1351	3332	1984	889	2284	2156	1666	2505	854	2893	1520	2429	2404	2981	2521	1838	1368	2817	2881	2172	2223	2888	1669	2432	135	1859	2745	1087	1873	2289	1931	1735	
1899	1919	1332	4338	1089	1782	2454	985	1362	513	3325	1416	1698	3820	1621	1368	1914	1664	0	534	1450	2489	3583	3398	2374	813	2092	1490	1268	846	398	1426	1046	813	2600	1338	3454	1267	535	1814	460	813	3107	2389	1357	2274	1444	1570	1319	3819	800	871	2454	1430	1931	3513	2411	3052	2097	1141	813	2221	3709	1148	3885	4548	1223	1981	1535	2375	4403	1911	3498	1181	1971	3389	
1410	1583	1739	3956	780	1729	2983	451	1234	1014	2976	1715	2184	3292	1185	1762	1432	1316	534	0	1859	1958	3242	3071	1879	1024	1594	1017	1771	1277	773	1879	921	1023	2069	1775	3131	846	331	1994	550	1024	2718	1926	837	2772	1068	1509	1125	3455	469	1225	2160	1964	1404	2980	1954	2602	1733	788	1024	2618	3179	1600	3522	4187	785	1619	1182	1851	4049	1860	3189	1062	1488	3045	
2812	3368	120	4620	2537	1592	1579	2251	1588	974	3584	449	563	5030	2426	2095	3289	2240	1450	1859	0	3708	3787	3580	3725	937	3013	2875	571	1704	1092	234	1502	937	3815	171	3616	2144	1610	2892	1888	937	4550	3784	2667	1096	2885	1513	2756	4077	2239	1898	2681	1138	3192	4578	3813	4461	3544	2583	937	771	4908	349	4135	4744	2635	3428	2165	3639	4586	1659	3608	2600	3343	3625	
1128	1567	3594	3215	1741	2830	4941	1510	2404	2968	2613	3441	4110	1335	1484	3459	848	1831	2489	1958	3708	0	2855	2791	599	2777	1018	1149	3716	3091	2692	3778	2295	2777	111	3660	2856	1625	2119	3242	2304	2777	1749	888	1141	4705	1469	2679	1972	2901	1829	2951	2345	3915	563	1131	946	1289	1465	1639	2777	4415	1221	3507	2960	3526	1420	1457	1804	198	3440	2916	2971	2126	809	2690	
2075	4106	3731	837	3727	2195	5365	3007	2326	3744	272	3341	4349	3382	2095	4950	3397	1931	3583	3242	3787	2855	0	208	3411	3120	2016	3360	4184	4429	3430	3992	2585	3121	2865	3868	185	2403	3059	5221	3791	3120	4602	3690	3062	4847	3720	2292	4113	304	3550	4434	1150	4680	2917	2607	3750	4137	4100	3655	3120	4108	3270	3846	353	976	3446	4040	2065	3003	825	2137	270	4154	3399	198	
1950	3988	3524	1045	3579	1988	5158	2852	2127	3548	190	3134	4142	3399	1940	4766	3292	1755	3398	3071	3580	2791	208	0	3332	2920	1909	3233	3980	4243	3236	3785	2392	2920	2808	3662	67	2236	2878	5056	3618	2920	4531	3606	2928	4639	3588	2086	3968	508	3392	4254	954	4478	2816	2627	3666	4078	3991	3509	2920	3901	3282	3641	560	1177	3306	3927	1890	2929	1023	1930	185	4001	3297	132	
1509	1034	3606	3806	1433	3092	4808	1476	2617	2882	3160	3521	4061	1578	1786	3137	470	2146	2374	1879	3725	599	3411	3332	0	2828	1464	890	3640	2838	2651	3758	2440	2827	646	3651	3398	1816	2118	2797	2091	2828	1206	290	1058	4645	1091	2913	1564	3476	1615	2667	2788	3753	627	1626	348	835	899	1339	2828	4469	1496	3478	3536	4115	1172	914	2085	417	4026	3194	3508	1744	412	3238	
1885	2603	827	3929	1783	1063	2371	1355	795	665	2886	698	1406	4094	1508	2012	2411	1368	813	1024	937	2777	3120	2920	2828	0	2087	2015	1112	1497	440	1044	602	1	2882	916	2967	1210	721	2597	1261	0	3738	2914	1772	1994	2091	881	2081	3389	1468	1602	1971	1563	2271	3645	2948	3595	2757	1805	0	1646	3972	807	3452	4096	1804	2643	1274	2714	3943	1183	2986	1967	2463	2939	
203	2092	2909	2559	1818	1882	4421	1202	1524	2471	1752	2673	3491	2133	591	3337	1383	876	2092	1594	3013	1018	2016	1909	1464	2087	0	1366	3154	2869	2150	3131	1514	2087	1081	3003	1975	886	1591	3389	2102	2087	2669	1721	1103	4081	1738	1763	2179	2137	1726	2797	1334	3480	908	1575	1780	2268	2084	1730	2087	3647	2005	2884	2203	2838	1501	2024	891	1098	2724	1953	2077	2259	1389	1830	
1285	777	2756	3923	592	2478	3917	681	1971	2001	3090	2713	3184	2413	1363	2313	424	1685	1490	1017	2875	1149	3360	3233	890	2015	1366	0	2758	1969	1788	2892	1729	2014	1254	2790	3299	1226	1293	2129	1205	2015	1742	909	334	3763	377	2274	860	3499	726	1815	2484	2863	624	2274	938	1586	843	490	2015	3633	2315	2611	3565	4204	285	748	1581	984	4088	2597	3389	991	482	3167	
2952	3135	541	5007	2326	2018	1269	2209	1888	758	3963	949	445	5051	2593	1569	3182	2479	1268	1771	571	3716	4184	3980	3640	1112	3154	2758	0	1246	1028	358	1712	1111	3826	407	4022	2269	1607	2409	1633	1112	4339	3656	2608	1006	2693	1894	2474	4464	2059	1462	3048	573	3170	4676	3677	4315	3325	2391	1112	1163	4936	342	4525	5155	2490	3212	2381	3618	4999	2107	4028	2297	3239	4011	
2687	2096	1613	5183	1406	2549	2078	1685	2178	862	4171	1880	1667	4382	2445	528	2370	2509	846	1277	1704	3091	4429	4243	2838	1497	2869	1969	1246	0	1072	1563	1873	1496	3201	1540	4299	2094	1376	1189	794	1497	3286	2771	1963	2123	1765	2350	1397	4664	1262	226	3297	1031	2531	4182	2776	3367	2301	1499	1497	2403	4283	1355	4731	5394	1685	2196	2378	2944	5249	2673	4340	1200	2427	4235	
1949	2288	973	4217	1456	1477	2281	1192	1125	330	3183	1019	1421	4026	1614	1595	2205	1570	398	773	1092	2692	3430	3236	2651	440	2150	1788	1028	1072	0	1107	845	440	2801	1002	3288	1272	580	2157	858	440	3461	2697	1601	2014	1796	1278	1711	3684	1151	1164	2282	1339	2151	3652	2724	3371	2457	1496	440	1859	3910	827	3749	4405	1543	2342	1453	2601	4255	1602	3319	1578	2261	3242	
2929	3338	261	4823	2513	1800	1378	2294	1754	922	3783	669	370	5107	2551	1919	3311	2390	1426	1879	234	3778	3992	3785	3758	1044	3131	2892	358	1563	1107	0	1635	1044	3886	130	3823	2251	1661	2742	1840	1044	4532	3800	2706	950	2870	1707	2702	4279	2225	1768	2875	913	3248	4684	3825	4470	3520	2567	1044	844	4988	280	4338	4953	2639	3405	2306	3697	4796	1874	3819	2536	3367	3826	
1315	2427	1402	3375	1679	808	2973	1051	324	1163	2339	1165	2002	3581	925	2401	2075	767	1046	921	1502	2295	2585	2392	2440	602	1514	1729	1712	1873	845	1635	0	602	2394	1505	2444	672	608	2832	1379	602	3468	2574	1430	2583	1907	588	2043	2841	1381	1917	1438	2137	1839	3085	2617	3250	2546	1667	602	2143	3456	1408	2905	3560	1587	2439	673	2261	3410	939	2477	1982	2120	2397	
1885	2602	827	3929	1783	1064	2371	1355	796	665	2886	699	1406	4094	1508	2011	2411	1368	813	1023	937	2777	3121	2920	2827	1	2087	2014	1111	1496	440	1044	602	0	2882	916	2968	1210	721	2597	1260	1	3738	2913	1772	1994	2091	882	2081	3389	1468	1601	1972	1562	2271	3645	2947	3595	2756	1805	1	1646	3972	807	3452	4097	1804	2642	1274	2714	3943	1183	2986	1967	2463	2939	
1204	1642	3700	3196	1845	2915	5052	1620	2496	3078	2628	3544	4219	1225	1569	3566	938	1912	2600	2069	3815	111	2865	2808	646	2882	1081	1254	3826	3201	2801	3886	2394	2882	0	3768	2873	1723	2228	3337	2414	2882	1752	930	1252	4814	1567	2768	2069	2899	1939	3059	2397	4026	674	1034	986	1272	1531	1743	2882	4519	1111	3615	2956	3510	1527	1530	1890	281	3429	2999	2990	2226	897	2704	
2802	3255	144	4698	2426	1679	1505	2183	1625	844	3658	561	500	4988	2422	1924	3207	2260	1338	1775	171	3660	3868	3662	3651	916	3003	2790	407	1540	1002	130	1505	916	3768	0	3701	2125	1547	2727	1763	916	4444	3699	2597	1079	2780	1581	2629	4154	2134	1738	2749	978	3134	4559	3725	4371	3434	2477	916	897	4868	197	4214	4831	2541	3319	2176	3582	4674	1756	3698	2468	3263	3701	
2016	4054	3562	1016	3643	2025	5195	2915	2176	3598	248	3170	4179	3453	2004	4822	3359	1815	3454	3131	3616	2856	185	67	3398	2967	1975	3299	4022	4299	3288	3823	2444	2968	2873	3701	0	2298	2935	5117	3678	2967	4596	3672	2993	4672	3653	2128	4032	489	3455	4311	1006	4524	2882	2681	3732	4143	4058	3574	2967	3927	3338	3683	535	1133	3371	3994	1949	2995	977	1963	128	4065	3364	181	
683	1989	2036	3110	1388	1283	3536	648	802	1598	2134	1833	2608	2909	354	2596	1500	504	1267	846	2144	1625	2403	2236	1816	1210	886	1226	2269	2094	1272	2251	672	1210	1723	2125	2298	0	738	2820	1396	1210	2912	1982	895	3200	1498	1098	1782	2610	1165	2063	1357	2609	1197	2435	2030	2643	2069	1337	1210	2812	2785	2000	2677	3342	1178	1973	378	1602	3205	1393	2364	1786	1538	2205	
1393	1906	1492	3806	1111	1411	2858	642	930	885	2799	1419	1991	3451	1092	1892	1692	1134	535	331	1610	2119	3059	2878	2118	721	1591	1293	1607	1376	580	1661	608	721	2228	1547	2935	738	0	2241	779	721	3021	2194	1060	2586	1388	1191	1453	3290	800	1376	1942	1889	1587	3074	2227	2875	2049	1116	721	2352	3334	1388	3357	4021	1089	1937	1002	2036	3877	1543	2984	1379	1745	2865	
3249	1798	2802	5899	1580	3595	2967	2228	3156	2021	4952	3059	2802	4360	3131	892	2400	3307	1814	1994	2892	3242	5221	5056	2797	2597	3389	2129	2409	1189	2157	2742	2832	2597	3337	2727	5117	2820	2241	0	1462	2597	2776	2618	2302	3177	1777	3381	1273	5418	1682	1016	4154	2060	2752	4371	2596	3038	1986	1675	2597	3572	4287	2544	5485	6148	1912	1923	3173	3056	6015	3725	5180	1144	2445	5023	
1929	1503	1772	4505	698	2165	2726	903	1703	920	3525	1875	2076	3608	1732	1235	1621	1863	460	550	1888	2304	3791	3618	2091	1261	2102	1205	1633	794	858	1840	1379	1260	2414	1763	3678	1396	779	1462	0	1261	2706	2061	1170	2627	1070	1946	868	4005	480	696	2700	1665	1742	3388	2075	2699	1692	773	1261	2656	3505	1568	4072	4737	920	1579	1729	2163	4599	2296	3734	722	1679	3594	
1885	2603	827	3929	1783	1063	2371	1355	795	665	2886	698	1406	4094	1508	2012	2411	1368	813	1024	937	2777	3120	2920	2828	0	2087	2015	1112	1497	440	1044	602	1	2882	916	2967	1210	721	2597	1261	0	3738	2914	1772	1994	2091	881	2081	3389	1468	1602	1971	1563	2271	3645	2948	3595	2757	1805	0	1646	3972	807	3452	4096	1804	2643	1274	2714	3943	1183	2986	1967	2463	2939	
2705	1206	4431	4943	2020	4192	5362	2423	3694	3612	4356	4433	4781	2049	2947	3410	1412	3303	3107	2718	4550	1749	4602	4531	1206	3738	2669	1742	4339	3286	3461	4532	3468	3738	1752	4444	4596	2912	3021	2776	2706	3738	0	958	2041	5328	1665	3997	1894	4649	2312	3073	3988	4304	1798	2483	902	537	1013	1967	3738	5319	2041	4255	4707	5259	1934	1128	3226	1602	5180	4305	4709	2088	1377	4433	
1748	823	3665	4095	1374	3265	4787	1562	2776	2902	3437	3612	4087	1744	1993	3029	504	2351	2389	1926	3784	888	3690	3606	290	2914	1721	909	3656	2771	2697	3800	2574	2913	930	3699	3672	1982	2194	2618	2061	2914	958	0	1152	4662	1007	3077	1432	3760	1601	2586	3032	3724	840	1880	60	682	658	1290	2914	4541	1677	3519	3821	4403	1166	698	2279	706	4313	3373	3781	1624	455	3514	
994	1108	2549	3656	723	2158	3811	418	1655	1851	2791	2467	3019	2465	1034	2365	648	1351	1357	837	2667	1141	3062	2928	1058	1772	1103	334	2608	1963	1601	2706	1430	1772	1252	2597	2993	895	1060	2302	1170	1772	2041	1152	0	3608	660	1958	1076	3214	709	1840	2157	2776	578	2219	1191	1832	1176	631	1772	3411	2356	2428	3281	3928	398	1082	1248	1018	3808	2275	3080	1162	697	2868	
3879	4123	1185	5683	3324	2658	631	3205	2684	1763	4655	1520	596	6038	3501	2286	4187	3332	2274	2772	1096	4705	4847	4639	4645	1994	4081	3763	1006	2123	2014	950	2583	1994	4814	1079	4672	3200	2586	3177	2627	1994	5328	4662	3608	0	3693	2600	3447	5142	3063	2349	3763	1120	4164	5631	4682	5318	4317	3392	1994	893	5921	1205	5198	5789	3496	4204	3253	4614	5631	2709	4654	3263	4244	4692	
1648	521	2766	4297	372	2693	3788	876	2182	1954	3450	2779	3132	2664	1686	2047	643	1984	1444	1068	2885	1469	3720	3588	1091	2091	1738	377	2693	1765	1796	2870	1907	2091	1567	2780	3653	1498	1388	1777	1070	2091	1665	1007	660	3693	0	2480	504	3867	646	1584	2809	2724	982	2599	1014	1630	666	304	2091	3654	2576	2592	3933	4575	325	551	1870	1287	4458	2818	3740	663	695	3527	
1590	2997	1447	3119	2265	221	3085	1610	303	1545	2077	1080	2071	3895	1202	2874	2589	889	1570	1509	1513	2679	2292	2086	2913	881	1763	2274	1894	2350	1278	1707	588	882	2768	1581	2128	1098	1191	3381	1946	881	3997	3077	1958	2600	2480	0	2631	2575	1969	2426	1169	2406	2292	3315	3124	3741	3106	2249	881	1980	3766	1555	2635	3261	2157	3002	882	2680	3105	352	2135	2568	2629	2122	
2064	699	2641	4730	394	2851	3469	1134	2349	1786	3841	2729	2918	3141	2032	1599	1138	2284	1319	1125	2756	1972	4113	3968	1564	2081	2179	860	2474	1397	1711	2702	2043	2081	2069	2629	4032	1782	1453	1273	868	2081	1894	1432	1076	3447	504	2631	0	4279	662	1191	3134	2410	1480	3102	1425	1981	905	459	2081	3524	3058	2434	4346	4998	678	803	2159	1789	4874	2981	4111	199	1186	3917	
2220	4227	4018	544	3898	2487	5654	3193	2593	4003	503	3632	4639	3306	2287	5182	3502	2156	3819	3455	4077	2901	304	508	3476	3389	2137	3499	4464	4664	3684	4279	2841	3389	2899	4154	489	2610	3290	5418	4005	3389	4649	3760	3214	5142	3867	2575	4279	0	3739	4660	1418	4951	3019	2531	3820	4167	4207	3821	3389	4409	3200	4127	68	733	3605	4155	2289	3061	597	2433	555	4331	3499	453	
1574	1140	2120	4217	315	2189	3194	547	1687	1312	3280	2146	2494	3128	1456	1657	1146	1666	800	469	2239	1829	3550	3392	1615	1468	1726	726	2059	1262	1151	2225	1381	1468	1939	2134	3455	1165	800	1682	480	1468	2312	1601	709	3063	646	1969	662	3739	0	1131	2520	2138	1270	2926	1619	2255	1307	345	1468	3008	3026	1946	3807	4468	443	1191	1535	1685	4337	2319	3525	627	1203	3353	
2623	1889	1802	5170	1236	2633	2297	1598	2232	1005	4172	2044	1887	4225	2409	540	2204	2505	871	1225	1898	2951	4434	4254	2667	1602	2797	1815	1462	226	1164	1768	1917	1601	3059	1738	4311	2063	1376	1016	696	1602	3073	2586	1840	2349	1584	2426	1191	4660	1131	0	3316	1255	2396	4056	2588	3168	2095	1333	1602	2611	4129	1548	4727	5392	1534	1993	2372	2797	5250	2760	4359	992	2260	4239	
1283	3260	2615	1960	2740	1114	4253	2000	1177	2595	916	2244	3239	3289	1123	3822	2635	854	2454	2160	2681	2345	1150	954	2788	1971	1334	2484	3048	3297	2282	2875	1438	1972	2397	2749	1006	1357	1942	4154	2700	1971	3988	3032	2157	3763	2809	1169	3134	1418	2520	3316	0	3533	2195	2584	3089	3601	3300	2683	1971	3088	3161	2713	1481	2127	2502	3219	986	2432	1975	1091	1044	3143	2654	968	
3280	3104	1114	5492	2353	2548	1064	2415	2358	1011	4448	1519	800	5241	2953	1171	3284	2893	1430	1964	1138	3915	4680	4478	3753	1563	3480	2863	573	1031	1339	913	2137	1562	4026	978	4524	2609	1889	2060	1665	1563	4304	3724	2776	1120	2724	2406	2410	4951	2138	1255	3533	0	3354	4941	3736	4351	3305	2435	1563	1613	5133	897	5014	5655	2581	3197	2782	3793	5501	2645	4537	2216	3341	4501	
912	1222	3075	3405	1206	2467	4385	960	1998	2417	2655	2953	3572	1889	1160	2911	483	1520	1931	1404	3192	563	2917	2816	627	2271	908	624	3170	2531	2151	3248	1839	2271	674	3134	2882	1197	1587	2752	1742	2271	1798	840	578	4164	982	2292	1480	3019	1270	2396	2195	3354	0	1663	896	1462	1188	1104	2271	3917	1779	2973	3083	3699	875	1140	1458	449	3594	2568	2985	1615	482	2733	
1771	2656	4471	2664	2864	3408	5932	2532	3093	3955	2438	4247	5037	776	2166	4574	1972	2429	3513	2980	4578	1131	2607	2627	1626	3645	1575	2274	4676	4182	3652	4684	3085	3645	1034	4559	2681	2435	3074	4371	3388	3645	2483	1880	2219	5631	2599	3315	3102	2531	2926	4056	2584	4941	1663	0	1926	1947	2525	2762	3645	5222	668	4428	2572	2986	2537	2539	2462	1315	2947	3460	2808	3256	1929	2500	
1806	799	3693	4154	1383	3313	4799	1598	2823	2924	3497	3646	4109	1770	2047	3023	543	2404	2411	1954	3813	946	3750	3666	348	2948	1780	938	3677	2776	2724	3825	2617	2947	986	3725	3732	2030	2227	2596	2075	2948	902	60	1191	4682	1014	3124	1425	3820	1619	2588	3089	3736	896	1926	0	648	625	1302	2948	4571	1707	3545	3881	4463	1188	674	2331	765	4372	3422	3841	1619	497	3574	
2333	1292	4341	4439	2002	3923	5415	2244	3442	3565	3899	4293	4749	1534	2620	3568	1186	2981	3052	2602	4461	1289	4137	4078	835	3595	2268	1586	4315	3367	3371	4470	3250	3595	1272	4371	4143	2643	2875	3038	2699	3595	537	682	1832	5318	1630	3741	1981	4167	2255	3168	3601	4351	1462	1947	648	0	1086	1928	3595	5219	1516	4190	4222	4758	1831	1179	2920	1172	4684	4027	4259	2180	1136	3975	
2051	207	3425	4588	1008	3314	4368	1497	2804	2600	3836	3445	3768	2394	2189	2482	706	2521	2097	1733	3544	1465	4100	3991	899	2757	2084	843	3325	2301	2457	3520	2546	2756	1531	3434	4058	2069	2049	1986	1692	2757	1013	658	1176	4317	666	3106	905	4207	1307	2095	3300	3305	1188	2525	625	1086	0	961	2757	4314	2332	3244	4271	4885	965	115	2422	1268	4782	3435	4157	1103	712	3914	
1609	798	2464	4275	102	2466	3497	690	1957	1650	3383	2488	2829	2892	1575	1824	872	1838	1141	788	2583	1639	3655	3509	1339	1805	1730	490	2391	1499	1496	2567	1667	1805	1743	2477	3574	1337	1116	1675	773	1805	1967	1290	631	3392	304	2249	459	3821	345	1333	2683	2435	1104	2762	1302	1928	961	0	1805	3353	2797	2289	3888	4541	237	846	1715	1473	4417	2594	3653	532	928	3458	
1885	2603	827	3929	1783	1063	2371	1355	795	665	2886	698	1406	4094	1508	2012	2411	1368	813	1024	937	2777	3120	2920	2828	0	2087	2015	1112	1497	440	1044	602	1	2882	916	2967	1210	721	2597	1261	0	3738	2914	1772	1994	2091	881	2081	3389	1468	1602	1971	1563	2271	3645	2948	3595	2757	1805	0	1646	3972	807	3452	4096	1804	2643	1274	2714	3943	1183	2986	1967	2463	2939	
3453	4139	889	4943	3308	1978	1522	2993	2144	1739	3940	979	813	5720	3056	2725	4042	2817	2221	2618	771	4415	4108	3901	4469	1646	3647	3633	1163	2403	1859	844	2143	1646	4519	897	3927	2812	2352	3572	2656	1646	5319	4541	3411	893	3654	1980	3524	4409	3008	2611	3088	1613	3917	5222	4571	5219	4314	3353	1646	0	5596	1094	4461	5021	3399	4198	2766	4359	4863	1999	3895	3365	4095	3968	
2178	2500	4796	3324	2897	3885	6162	2731	3517	4189	3093	4618	5325	129	2573	4617	1935	2881	3709	3179	4908	1221	3270	3282	1496	3972	2005	2315	4936	4283	3910	4988	3456	3972	1111	4868	3338	2785	3334	4287	3505	3972	2041	1677	2356	5921	2576	3766	3058	3200	3026	4129	3161	5133	1779	668	1707	1516	2332	2797	3972	5596	0	4719	3241	3646	2598	2375	2888	1343	3610	3952	3465	3236	1881	3157	
2681	3063	262	4671	2236	1676	1567	2017	1562	648	3627	627	609	4838	2311	1758	3031	2172	1148	1600	349	3507	3846	3641	3478	807	2884	2611	342	1355	827	280	1408	807	3615	197	3683	2000	1388	2544	1568	807	4255	3519	2428	1205	2592	1555	2434	4127	1946	1548	2713	897	2973	4428	3545	4190	3244	2289	807	1094	4719	0	4188	4816	2358	3128	2081	3422	4659	1765	3687	2272	3087	3674	
2287	4292	4077	486	3965	2544	5713	3260	2657	4067	567	3690	4697	3346	2354	5249	3565	2223	3885	3522	4135	2960	353	560	3536	3452	2203	3565	4525	4731	3749	4338	2905	3452	2956	4214	535	2677	3357	5485	4072	3452	4707	3821	3281	5198	3933	2635	4346	68	3807	4727	1481	5014	3083	2572	3881	4222	4271	3888	3452	4461	3241	4188	0	665	3672	4219	2356	3121	530	2488	591	4399	3562	514	
2935	4916	4693	323	4620	3154	6322	3921	3303	4720	1224	4296	5307	3738	3017	5913	4180	2888	4548	4187	4744	3526	976	1177	4115	4096	2838	4204	5155	5394	4405	4953	3560	4097	3510	4831	1133	3342	4021	6148	4737	4096	5259	4403	3928	5789	4575	3261	4998	733	4468	5392	2127	5655	3699	2986	4463	4758	4885	4541	4096	5021	3646	4816	665	0	4322	4838	3020	3698	159	3086	1136	5055	4173	1163	
1387	840	2515	4052	336	2369	3637	551	1858	1736	3174	2499	2921	2697	1384	2039	703	1669	1223	785	2635	1420	3446	3306	1172	1804	1501	285	2490	1685	1543	2639	1587	1804	1527	2541	3371	1178	1089	1912	920	1804	1934	1166	398	3496	325	2157	678	3605	443	1534	2502	2581	875	2537	1188	1831	965	237	1804	3399	2598	2358	3672	4322	0	854	1552	1263	4200	2493	3454	769	760	3250	
1981	125	3309	4544	893	3210	4260	1392	2700	2485	3775	3331	3654	2442	2104	2390	661	2432	1981	1619	3428	1457	4040	3927	914	2643	2024	748	3212	2196	2342	3405	2439	2642	1530	3319	3994	1973	1937	1923	1579	2643	1128	698	1082	4204	551	3002	803	4155	1191	1993	3219	3197	1140	2539	674	1179	115	846	2643	4198	2375	3128	4219	4838	854	0	2330	1259	4733	3332	4091	1002	676	3853	
710	2353	2069	2804	1765	1026	3645	1026	633	1782	1801	1799	2674	3016	321	2894	1818	135	1535	1182	2165	1804	2065	1890	2085	1274	891	1581	2381	2378	1453	2306	673	1274	1890	2176	1949	378	1002	3173	1729	1274	3226	2279	1248	3253	1870	882	2159	2289	1535	2372	986	2782	1458	2462	2331	2920	2422	1715	1274	2766	2888	2081	2356	3020	1552	2330	0	1817	2878	1118	2008	2160	1850	1868	
1177	1369	3522	3389	1575	2842	4829	1409	2395	2865	2755	3391	4021	1448	1502	3297	657	1859	2375	1851	3639	198	3003	2929	417	2714	1098	984	3618	2944	2601	3697	2261	2714	281	3582	2995	1602	2036	3056	2163	2714	1602	706	1018	4614	1287	2680	1789	3061	1685	2797	2432	3793	449	1315	765	1172	1268	1473	2714	4359	1343	3422	3121	3698	1263	1259	1817	0	3609	2935	3108	1948	616	2832	
2813	4808	4535	311	4495	2996	6164	3790	3150	4569	1078	4138	5149	3707	2884	5769	4076	2745	4403	4049	4586	3440	825	1023	4026	3943	2724	4088	4999	5249	4255	4796	3410	3943	3429	4674	977	3205	3877	6015	4599	3943	5180	4313	3808	5631	4458	3105	4874	597	4337	5250	1975	5501	3594	2947	4372	4684	4782	4417	3943	4863	3610	4659	530	159	4200	4733	2878	3609	0	2928	978	4928	4071	1015	
1799	3332	1614	2974	2612	132	3236	1944	637	1846	1951	1211	2222	4081	1434	3193	2893	1087	1911	1860	1659	2916	2137	1930	3194	1183	1953	2597	2107	2673	1602	1874	939	1183	2999	1756	1963	1393	1543	3725	2296	1183	4305	3373	2275	2709	2818	352	2981	2433	2319	2760	1091	2645	2568	3460	3422	4027	3435	2594	1183	1999	3952	1765	2488	3086	2493	3332	1118	2935	2928	0	1950	2920	2931	1984	
2110	4149	3558	1055	3720	2019	5186	2989	2200	3625	374	3160	4171	3581	2080	4865	3460	1873	3498	3189	3608	2971	270	185	3508	2986	2077	3389	4028	4340	3319	3819	2477	2986	2990	3698	128	2364	2984	5180	3734	2986	4709	3781	3080	4654	3740	2135	4111	555	3525	4359	1044	4537	2985	2808	3841	4259	4157	3653	2986	3895	3465	3687	591	1136	3454	4091	2008	3108	978	1950	0	4139	3466	308	
2130	897	2487	4794	441	2789	3274	1150	2296	1627	3882	2597	2741	3321	2061	1405	1306	2289	1181	1062	2600	2126	4154	4001	1744	1967	2259	991	2297	1200	1578	2536	1982	1967	2226	2468	4065	1786	1379	1144	722	1967	2088	1624	1162	3263	663	2568	199	4331	627	992	3143	2216	1615	3256	1619	2180	1103	532	1967	3365	3236	2272	4399	5055	769	1002	2160	1948	4928	2920	4139	0	1357	3957	
1378	773	3224	3876	1024	2820	4397	1109	2327	2481	3137	3160	3663	1971	1578	2738	58	1931	1971	1488	3343	809	3399	3297	412	2463	1389	482	3239	2427	2261	3367	2120	2463	897	3263	3364	1538	1745	2445	1679	2463	1377	455	697	4244	695	2629	1186	3499	1203	2260	2654	3341	482	1929	497	1136	712	928	2463	4095	1881	3087	3562	4173	760	676	1850	616	4071	2931	3466	1357	0	3216	
1882	3916	3565	997	3530	2036	5202	2810	2144	3558	78	3181	4186	3272	1898	4756	3212	1735	3389	3045	3625	2690	198	132	3238	2939	1830	3167	4011	4235	3242	3826	2397	2939	2704	3701	181	2205	2865	5023	3594	2939	4433	3514	2868	4692	3527	2122	3917	453	3353	4239	968	4501	2733	2500	3574	3975	3914	3458	2939	3968	3157	3674	514	1163	3250	3853	1868	2832	1015	1984	308	3957	3216	0	


0	 CF141EQ 	 0 	 0 	 540  	 1080  	 0  	 0 

1	 CF142DD	 1 	 8 	 720  	 960  	 5  	 2 
2	 CF145LT 	 1 	 9 	 600  	 840  	 6  	 3 
3	 CF244AZ 	 0 	 5 	 720  	 960  	 9  	 4 
4	 CF141BD 	 1 	 7 	 540  	 780  	 10  	 5 
5	 CF143RG 	 1 	 8 	 720  	 960  	 10  	 5 
6	 CF149FB 	 1 	 2 	 600  	 840  	 8  	 4 
7	 CF141SU 	 1 	 3 	 660  	 900  	 6  	 3 
8	 CF144BT 	 1 	 6 	 660  	 900  	 9  	 4 
9	 CF145EB 	 1 	 2 	 660  	 900  	 6  	 3 
10	 CF244QB	 1 	 8 	 720  	 960  	 5  	 2 
11	 CF145PZ 	 1 	 9 	 660  	 900  	 10  	 5 
12	 CF145AD	 1 	 7 	 600  	 840  	 10  	 5 
13	 CF52HP 	 1 	 5 	 600  	 840  	 8  	 4 
14	 CF144AD	 0 	 21 	 540  	 780  	 8  	 4 
15	 CF146SH 	 1 	 6 	 600  	 840  	 10  	 5 
16	 CF141NH	 1 	 2 	 600  	 840  	 9  	 4 
17	 CF144DB 	 1 	 9 	 540  	 780  	 9  	 4 
18	 CF144SS 	 1 	 7 	 600  	 840  	 7  	 3 
19	 CF141UU	 1 	 10 	 660  	 900  	 9  	 4 
20	 CF145LS 	 0 	 21 	 540  	 780  	 9  	 4 
21	 CF142PB 	 1 	 8 	 600  	 840  	 9  	 4 
22	 CF244PA 	 1 	 2 	 720  	 960  	 5  	 2 
23	 CF244QT 	 1 	 1 	 540  	 780  	 5  	 2 
24	 CF142LH 	 1 	 2 	 660  	 900  	 6  	 3 
25	 CF148AT 	 1 	 2 	 600  	 840  	 6  	 3 
26	 CF143HW 1 	 2 	 660  	 900  	 8  	 4 
27	 CF141DB 	 1 	 5 	 720  	 960  	 6  	 3 
28	 CF145BN	 1 	 1 	 540  	 780  	 7  	 3 
29	 CF146RL 	 1 	 6 	 540  	 780  	 9  	 4 
30	 CF145EQ 	 1 	 3 	 600  	 840  	 5  	 2 
31	 CF145AA 	 1 	 7 	 540  	 780  	 7  	 3 
32	 CF144LA 	 1 	 9 	 540  	 780  	 6  	 3 
33	 CF148FA 	 1 	 7 	 540  	 780  	 9  	 4 
34	 CF142QP	 1 	 2 	 720  	 960  	 7  	 3 
35	 CF145AZ 	 1 	 9 	 540  	 780  	 5  	 2 
36	 CF244RA 	 1 	 1 	 720  	 960  	 9  	 4 
37	 CF144QY	 1 	 5 	 660  	 900  	 10  	 5 
38	 CF144SD 	 1 	 3 	 720  	 960  	 5  	 2 
39	 CF147HQ	 1 	 4 	 600  	 840  	 7  	 3 
40	 CF146HA	 1 	 5 	 540  	 780  	 6  	 3 
41	 CF148GS 	 1 	 6 	 660  	 900  	 9  	 4 
42	 CF52DH 	 1 	 8 	 540  	 780  	 7  	 3 
43	 CF142FE 	 1 	 5 	 660  	 900  	 6  	 3 
44	 CF141PY 	 1 	 10 	 660  	 900  	 10  	 5 
45	 CF149DJ 	 1 	 5 	 660  	 900  	 8  	 4 
46	 CF142AX 	 1 	 6 	 540  	 780  	 6  	 3 
47	 CF144EH 	 1 	 4 	 660  	 900  	 9  	 4 
48	 CF147AG	 1 	 8 	 660  	 900  	 5  	 2 
49	 CF244EP 	 1 	 8 	 720  	 960  	 10  	 5 
50	 CF146BS 	 1 	 10 	 540  	 780  	 10  	 5 
51	 CF146JY 	 1 	 8 	 540  	 780  	 10  	 5 
52	 CF144XZ 	 1 	 8 	 720  	 960  	 8  	 4 
53	 CF149BD 	 1 	 10 	 600  	 840  	 6  	 3 
54	 CF142NT 	 0 	 9 	 600  	 840  	 8  	 4 
55	 CF52AT 	 1 	 4 	 720  	 960  	 10  	 5 
56	 CF142FN 	 1 	 7 	 600  	 840  	 7  	 3 
57	 CF52RZ 	 1 	 5 	 660  	 900  	 7  	 3 
58	 CF142BX 	 1 	 6 	 720  	 960  	 6  	 3 
59	 CF141AZ 	 1 	 10 	 720  	 960  	 7  	 3 
60	 CF143WE	 1 	 5 	 660  	 900  	 8  	 4 
61	 CF140RZ 	 1 	 1 	 660  	 900  	 10  	 5 
62	 CF52LN 	 1 	 6 	 600  	 840  	 5  	 2 
63	 CF145DG	 1 	 8 	 600  	 840  	 7  	 3 
64	 CF244DX 	 1 	 8 	 600  	 840  	 9  	 4 
65	 CF244AL 	 1 	 5 	 720  	 960  	 8  	 4 
66	 CF141AQ	 1 	 10 	 720  	 960  	 7  	 3 
67	 CF142DB 	 1 	 3 	 720  	 960  	 9  	 4 
68	 CF144BE 	 1 	 6 	 660  	 900  	 8  	 4 
69	 CF142NX	 1 	 3 	 660  	 900  	 5  	 2 
70	 CF244DF 	 1 	 2 	 600  	 840  	 6  	 3 
71	 CF235QB	 1 	 6 	 540  	 780  	 8  	 4 
72	 CF244PH 	 1 	 5 	 720  	 960  	 9  	 4 
73	 CF146EN 	 1 	 2 	 720  	 960  	 6  	 3 
74	 CF141PG 	 1 	 8 	 600  	 840  	 9  	 4 
75	 CF244QJ 	 0 	 24 	 720  	 960  	 6  	 3 
