75

1200
32
10
500

0	1255	4041	2045	2143	1952	950	3464	1006	2378	1187	1541	1072	1765	950	914	2630	811	4648	1629	2027	1498	2398	821	1513	1582	1770	4218	3822	2414	760	2072	970	1195	1619	2550	709	666	269	4095	2915	1557	1112	1268	1718	2463	1763	3876	2357	1987	3401	3886	961	3496	3938	3815	1717	1765	2969	2194	3108	5032	2807	486	2779	4162	1429	3818	1850	2410	1278	4816	2560	2391	1123	1157	
1255	0	3405	793	899	1951	835	2331	1041	1182	282	2415	190	2346	1291	755	1548	537	4221	680	3161	404	2740	528	975	719	2992	3707	2627	1407	1538	1208	2201	2166	2757	1315	1964	1882	1219	3625	1661	910	254	2241	528	3146	2100	2860	1112	1376	2232	3247	1445	2266	3347	2649	1584	2346	4144	939	3158	4513	3762	1734	3994	3674	741	2591	2488	1974	353	4356	1363	2997	2017	1275	
4041	3405	0	3106	3002	2301	3109	2073	4410	2665	3687	3736	3435	3176	3155	4114	2156	3402	1037	2725	4718	3005	2699	3819	2577	2696	4968	496	2499	2116	4703	2199	4486	3858	4491	2833	4524	4644	4211	577	3280	4261	3289	3883	3557	3521	2785	1483	2961	4651	2289	159	3231	2764	173	2285	2375	3176	5564	3203	2016	1147	4514	4285	5667	542	4112	2791	3290	1641	3743	1083	3722	3306	3698	2920	
2045	793	3106	0	131	2254	1437	1646	1702	499	955	3060	973	2879	1897	1456	994	1276	4036	765	3886	641	3128	1301	1245	871	3758	3487	1871	992	2290	1046	2976	2858	3489	541	2753	2675	2009	3439	891	1270	954	2930	524	3672	2552	2267	326	1573	1510	2956	2063	1484	3087	1920	1889	2879	4879	191	3349	4251	4394	2519	4752	3472	1169	1810	3034	1987	927	4142	795	3496	2694	1797	
2143	899	3002	131	0	2244	1493	1515	1829	371	1076	3109	1073	2905	1945	1580	874	1361	3943	776	3953	699	3125	1416	1252	882	3841	3390	1747	892	2411	989	3063	2919	3559	419	2850	2780	2117	3347	827	1400	1040	2990	655	3693	2565	2138	214	1695	1380	2853	2113	1369	2987	1791	1884	2905	4948	217	3312	4147	4436	2613	4829	3378	1300	1694	3062	1933	1053	4044	828	3512	2752	1831	
1952	1951	2301	2254	2244	0	1219	2688	2656	2163	2177	1466	1855	957	1001	2396	1987	1614	2734	1495	2468	1710	890	2095	1026	1393	2673	2361	3197	1715	2699	1354	2204	1558	2204	2432	2289	2456	2183	2219	2999	2830	1715	1584	2394	1589	526	2729	2377	3313	2759	2163	1014	3102	2162	3080	374	957	3387	2440	1226	3154	2510	2072	3432	2294	2655	3347	1103	771	2280	2913	3048	1377	1398	819	
950	835	3109	1437	1493	1219	0	2599	1445	1619	1002	1625	688	1511	467	1178	1760	397	3776	791	2467	797	1931	876	564	712	2404	3316	3008	1517	1599	1146	1673	1427	2080	1844	1557	1599	1102	3204	2320	1638	581	1497	1352	2312	1277	2952	1693	2126	2568	2953	630	2742	3014	2971	891	1511	3464	1622	2444	4134	2965	1302	3367	3266	1465	3050	1655	1500	1112	3934	2149	2163	1259	450	
3464	2331	2073	1646	1515	2688	2599	0	3332	1164	2559	3993	2468	3601	2936	3067	840	2654	3110	1837	4960	1986	3517	2859	2096	1896	4982	2558	526	1091	3869	1490	4272	3920	4609	1141	4138	4129	3505	2590	1354	2907	2379	3978	2169	4275	3178	729	1352	3147	226	1969	3090	691	2142	394	2457	3601	5943	1627	3304	3150	5185	3885	5905	2584	2815	760	3758	1997	2554	3146	1929	4060	3738	2734	
1006	1041	4410	1702	1829	2656	1445	3332	0	2168	779	2542	976	2706	1724	295	2579	1063	5170	1701	2986	1442	3275	597	1866	1717	2648	4679	3570	2448	686	2231	1878	2201	2586	2240	1532	1318	765	4584	2423	672	1121	2274	1207	3444	2614	3893	2022	1012	3209	4251	1808	3164	4340	3621	2335	2706	3880	1777	3876	5494	3810	1405	3642	4639	627	3487	2810	2888	778	5317	1916	3353	2120	1847	
2378	1182	2665	499	371	2163	1619	1164	2168	0	1398	3186	1335	2918	2038	1906	514	1572	3628	833	4081	882	3053	1710	1253	926	4015	3070	1449	595	2719	821	3258	3034	3699	269	3076	3033	2385	3037	840	1768	1267	3101	1021	3684	2545	1768	300	2064	1050	2519	2204	1128	2661	1467	1827	2918	5078	545	3144	3811	4485	2830	4986	3063	1663	1445	3078	1737	1391	3721	1078	3491	2860	1886	
1187	282	3687	955	1076	2177	1002	2559	779	1398	0	2496	322	2488	1427	508	1799	633	4500	962	3171	684	2932	373	1235	999	2954	3988	2823	1675	1336	1489	2155	2217	2763	1495	1883	1764	1092	3905	1765	654	465	2293	536	3281	2279	3114	1281	1136	2445	3529	1566	2438	3629	2860	1817	2488	4138	1064	3395	4794	3837	1673	3963	3954	480	2763	2622	2245	113	4636	1374	3146	2083	1451	
1541	2415	3736	3060	3109	1466	1625	3993	2542	3186	2496	0	2236	578	1164	2404	3196	1883	4008	2361	1004	2419	1250	2208	1946	2262	1253	3728	4465	2922	2204	2518	1075	366	761	3432	1358	1628	1802	3570	3936	3023	2173	312	2943	959	953	4148	3300	3487	4017	3607	997	4273	3587	4385	1562	578	1956	3246	2127	4473	1347	1281	1969	3650	2871	4560	521	2228	2607	4201	3765	950	424	1301	
1072	190	3435	973	1073	1855	688	2468	976	1335	322	2236	0	2189	1130	681	1665	353	4219	728	2972	491	2614	405	929	741	2802	3716	2784	1500	1406	1256	2012	1981	2567	1485	1780	1708	1051	3627	1849	975	152	2056	710	2987	1964	2968	1288	1458	2380	3277	1277	2435	3369	2797	1495	2189	3954	1125	3074	4528	3583	1548	3804	3679	801	2759	2328	1949	428	4360	1551	2845	1835	1136	
1765	2346	3176	2879	2905	957	1511	3601	2706	2918	2488	578	2189	0	1061	2514	2846	1855	3430	2130	1542	2254	707	2266	1668	2025	1831	3153	4095	2568	2502	2174	1571	825	1338	3179	1789	2031	2034	2994	3717	3084	2092	812	2862	801	432	3683	3077	3568	3650	3051	927	3951	3024	3994	1146	0	2433	3070	1565	3895	1589	1648	2497	3075	2918	4220	161	1727	2601	3623	3636	660	745	1090	
950	1291	3155	1897	1945	1001	467	2936	1724	2038	1427	1164	1130	1061	0	1497	2109	794	3708	1206	2048	1256	1555	1225	840	1112	2049	3295	3377	1846	1699	1448	1390	999	1678	2276	1372	1494	1184	3165	2772	2034	1039	1065	1814	1857	891	3208	2138	2521	2931	3004	168	3145	3039	3320	787	1061	3044	2083	2180	4105	2500	1130	2975	3235	1865	3444	1198	1514	1540	3879	2616	1719	822	238	
914	755	4114	1456	1580	2396	1178	3067	295	1906	508	2404	681	2514	1497	0	2300	787	4880	1407	2939	1151	3051	308	1575	1421	2649	4386	3327	2161	845	1937	1857	2081	2532	1997	1538	1367	726	4292	2227	643	825	2155	990	3274	2388	3613	1781	1084	2953	3956	1597	2934	4045	3367	2064	2514	3867	1550	3620	5200	3707	1369	3655	4346	526	3259	2628	2599	532	5025	1765	3169	1979	1597	
2630	1548	2156	994	874	1987	1760	840	2579	514	1799	3196	1665	2846	2109	2300	0	1824	3133	1001	4146	1175	2861	2065	1269	1057	4149	2573	1271	277	3071	679	3433	3101	3786	686	3299	3296	2683	2549	1204	2245	1562	3161	1499	3566	2438	1314	806	2567	823	2013	2266	1115	2159	1214	1704	2846	5136	1059	2820	3302	4434	3046	5083	2570	2125	1374	3006	1415	1814	3220	1569	3359	2920	1915	
811	537	3402	1276	1361	1614	397	2654	1063	1572	633	1883	353	1855	794	787	1824	0	4120	826	2628	690	2318	482	826	791	2482	3642	3012	1619	1315	1304	1702	1629	2226	1756	1505	1474	869	3538	2165	1249	323	1704	1063	2648	1658	3091	1574	1738	2590	3244	934	2695	3319	3004	1278	1855	3615	1443	2840	4459	3230	1260	3477	3597	1078	3015	1989	1835	746	4271	1900	2513	1481	838	
4648	4221	1037	4036	3943	2734	3776	3110	5170	3628	4500	4008	4219	3430	3708	4880	3133	4120	0	3552	4915	3838	2806	4574	3305	3502	5260	563	3531	3051	5365	3053	4914	4212	4765	3819	5022	5188	4854	600	4292	5113	4067	4218	4448	3544	3117	2504	3927	5535	3325	1149	3743	3801	984	3316	2931	3430	5640	4152	1949	501	4493	4806	5811	565	4953	3825	3505	2285	4571	199	4701	3356	4078	3491	
1629	680	2725	765	776	1495	791	1837	1701	833	962	2361	728	2130	1206	1407	1001	826	3552	0	3248	286	2364	1131	479	106	3195	3032	2223	795	2108	531	2453	2202	2867	1071	2302	2295	1692	2954	1589	1562	597	2269	950	2917	1790	2269	949	1998	1788	2567	1373	1951	2668	2197	1126	2130	4245	955	2630	3834	3674	2050	4157	3001	1402	2259	2288	1340	1023	3682	1555	2736	2027	1066	
2027	3161	4718	3886	3953	2468	2467	4960	2986	4081	3171	1004	2972	1542	2048	2939	4146	2628	4915	3248	0	3255	2109	2828	2879	3158	558	4678	5417	3877	2453	3473	1118	1049	409	4310	1483	1749	2228	4515	4776	3582	2946	986	3675	1468	1950	5145	4157	3994	4970	4593	1885	5193	4565	5349	2558	1542	997	4062	2980	5394	1028	1582	965	4598	3455	5492	1432	3232	3274	5112	4522	1602	1228	2231	
1498	404	3005	641	699	1710	797	1986	1442	882	684	2419	491	2254	1256	1151	1175	690	3838	286	3255	0	2554	895	687	351	3152	3317	2325	1012	1897	806	2384	2221	2861	1073	2195	2155	1520	3240	1524	1275	393	2292	690	3051	1948	2477	904	1714	1909	2847	1422	2006	2951	2325	1337	2254	4250	827	2878	4118	3755	1949	4135	3287	1116	2325	2406	1619	739	3968	1384	2883	2055	1165	
2398	2740	2699	3128	3125	890	1931	3517	3275	3053	2932	1250	2614	707	1555	3051	2861	2318	2806	2364	2109	2554	0	2774	1885	2259	2479	2594	4036	2594	3152	2243	2277	1531	1982	3323	2491	2725	2662	2427	3889	3567	2491	1513	3221	831	663	3458	3265	4055	3608	2593	1470	3973	2534	3903	1241	707	2877	3316	882	3288	1823	2337	3015	2510	3394	4205	729	1523	3041	3003	3918	611	1449	1481	
821	528	3819	1301	1416	2095	876	2859	597	1710	373	2208	405	2266	1225	308	2065	482	4574	1131	2828	895	2774	0	1269	1135	2591	4083	3153	1905	1011	1655	1791	1907	2419	1835	1511	1392	720	3987	2134	822	536	1983	909	3043	2112	3372	1626	1302	2760	3660	1340	2784	3746	3177	1759	2266	3785	1425	3320	4898	3536	1306	3600	4042	663	3110	2388	2291	457	4720	1743	2925	1787	1307	
1513	975	2577	1245	1252	1026	564	2096	1866	1253	1235	1946	929	1668	840	1575	1269	826	3305	479	2879	687	1885	1269	0	374	2887	2818	2539	1006	2128	610	2197	1832	2517	1511	2111	2162	1648	2719	2051	1883	777	1893	1375	2446	1314	2400	1412	2351	2092	2420	997	2327	2493	2480	653	1668	3871	1434	2197	3635	3232	1856	3814	2775	1712	2617	1827	1024	1324	3452	2032	2262	1652	650	
1582	719	2696	871	882	1393	712	1896	1717	926	999	2262	741	2025	1112	1421	1057	791	3502	106	3158	351	2259	1135	374	0	3115	2989	2296	832	2093	523	2381	2110	2780	1170	2243	2248	1660	2906	1693	1618	599	2176	1034	2811	1684	2300	1053	2064	1858	2538	1278	2037	2633	2263	1023	2025	4154	1061	2538	3796	3571	1989	4071	2955	1454	2341	2183	1269	1069	3637	1659	2630	1934	965	
1770	2992	4968	3758	3841	2673	2404	4982	2648	4015	2954	1253	2802	1831	2049	2649	4149	2482	5260	3195	558	3152	2479	2591	2887	3115	0	4978	5409	3892	2051	3496	799	1122	497	4224	1117	1345	1922	4821	4646	3282	2805	1089	3481	1944	2186	5243	4052	3659	4967	4834	1904	5142	4824	5363	2686	1831	1235	3923	3361	5726	1584	1287	1010	4901	3174	5453	1758	3405	3048	5454	4327	2045	1297	2265	
4218	3707	496	3487	3390	2361	3316	2558	4679	3070	3988	3728	3716	3153	3295	4386	2573	3642	563	3032	4678	3317	2594	4083	2818	2989	4978	0	2993	2498	4914	2522	4564	3893	4488	3257	4641	4787	4409	172	3729	4589	3566	3908	3910	3387	2798	1978	3370	5001	2771	590	3348	3247	422	2780	2509	3153	5469	3598	1810	818	4367	4414	5605	89	4433	3283	3248	1816	4054	656	4141	3182	3746	3068	
3822	2627	2499	1871	1747	3197	3008	526	3570	1449	2823	4465	2784	4095	3377	3327	1271	3012	3531	2223	5417	2325	4036	3153	2539	2296	5409	2993	0	1543	4156	1948	4675	4371	5055	1331	4514	4480	3835	3042	1315	3072	2715	4432	2369	4785	3677	1038	1548	3238	448	2412	3535	471	2588	218	2950	4095	6407	1800	3828	3519	5683	4265	6352	3028	3005	303	4254	2520	2798	3548	1938	4572	4191	3186	
2414	1407	2116	992	892	1715	1517	1091	2448	595	1675	2922	1500	2568	1846	2161	277	1619	3051	795	3877	1012	2594	1905	1006	832	3892	2498	1543	0	2898	405	3187	2833	3521	833	3068	3080	2486	2456	1392	2180	1383	2893	1452	3290	2161	1474	891	2543	1095	1964	2001	1389	2096	1474	1427	2568	4865	1102	2590	3259	4156	2814	4817	2486	2045	1652	2728	1179	1706	3152	1671	3085	2652	1647	
760	1538	4703	2290	2411	2699	1599	3869	686	2719	1336	2204	1406	2502	1699	845	3071	1315	5365	2108	2453	1897	3152	1011	2128	2093	2051	4914	4156	2898	0	2613	1339	1840	2075	2830	971	709	516	4800	3071	1357	1516	1903	1835	3155	2522	4371	2616	1647	3769	4545	1720	3773	4612	4186	2440	2502	3285	2393	3867	5732	3362	936	3018	4863	1308	4099	2573	3098	1375	5527	2591	3105	1811	1889	
2072	1208	2199	1046	989	1354	1146	1490	2231	821	1489	2518	1256	2174	1448	1937	679	1304	3053	531	3473	806	2243	1655	610	523	3496	2522	1948	405	2613	0	2804	2431	3119	1090	2703	2733	2170	2454	1662	2068	1119	2489	1398	2910	1774	1807	1071	2482	1500	2042	1600	1777	2148	1877	1041	2174	4460	1205	2334	3317	3760	2448	4415	2496	1915	2050	2334	944	1544	3176	1816	2708	2249	1244	
970	2201	4486	2976	3063	2204	1673	4272	1878	3258	2155	1075	2012	1571	1390	1857	3433	1702	4914	2453	1118	2384	2277	1791	2197	2381	799	4564	4675	3187	1339	2804	0	747	737	3456	369	646	1133	4420	3859	2495	2023	774	2683	2008	1801	4591	3276	2890	4239	4341	1275	4386	4357	4643	2123	1571	2010	3136	3126	5351	2039	489	1809	4496	2382	4702	1569	2863	2248	5099	3528	2023	845	1624	
1195	2166	3858	2858	2919	1558	1427	3920	2201	3034	2217	366	1981	825	999	2081	3101	1629	4212	2202	1049	2221	1531	1907	1832	2110	1122	3893	4371	2833	1840	2431	747	0	691	3267	1000	1266	1451	3742	3745	2711	1936	76	2691	1325	1097	4138	3119	3165	3924	3720	837	4144	3718	4307	1566	825	2045	3039	2386	4662	1630	915	1985	3820	2564	4443	824	2282	2326	4401	3528	1305	182	1186	
1619	2757	4491	3489	3559	2204	2080	4609	2586	3699	2763	761	2567	1338	1678	2532	3786	2226	4765	2867	409	2861	1982	2419	2517	2780	497	4488	5055	3521	2075	3119	737	691	0	3923	1105	1381	1825	4330	4380	3175	2545	641	3269	1481	1705	4827	3765	3592	4609	4358	1520	4817	4344	4995	2248	1338	1390	3663	2864	5232	1313	1182	1297	4411	3047	5119	1261	2950	2865	4959	4116	1564	873	1875	
2550	1315	2833	541	419	2432	1844	1141	2240	269	1495	3432	1485	3179	2276	1997	686	1756	3819	1071	4310	1073	3323	1835	1511	1170	4224	3257	1331	833	2830	1090	3456	3267	3923	0	3255	3193	2533	3234	572	1771	1440	3336	1045	3948	2810	1811	219	2010	984	2693	2444	951	2842	1386	2095	3179	5307	487	3406	3977	4739	3014	5204	3255	1689	1276	3338	1996	1468	3902	889	3757	3095	2135	
709	1964	4524	2753	2850	2289	1557	4138	1532	3076	1883	1358	1780	1789	1372	1538	3299	1505	5022	2302	1483	2195	2491	1511	2111	2243	1117	4641	4514	3068	971	2703	369	1000	1105	3255	0	283	813	4504	3623	2167	1815	1046	2418	2313	1950	4508	3064	2544	4087	4374	1295	4198	4404	4498	2149	1789	2348	2902	3307	5442	2404	255	2118	4577	2064	4519	1814	2885	1967	5202	3254	2305	1044	1610	
666	1882	4644	2675	2780	2456	1599	4129	1318	3033	1764	1628	1708	2031	1494	1367	3296	1474	5188	2295	1749	2155	2725	1392	2162	2248	1345	4787	4480	3080	709	2733	646	1266	1381	3193	283	0	672	4655	3525	1975	1765	1316	2299	2586	2157	4540	2994	2323	4063	4492	1444	4143	4532	4478	2280	2031	2580	2811	3521	5595	2685	392	2326	4726	1887	4466	2068	3003	1837	5363	3118	2569	1290	1725	
269	1219	4211	2009	2117	2183	1102	3505	765	2385	1092	1802	1051	2034	1184	726	2683	869	4854	1692	2228	1520	2662	720	1648	1660	1922	4409	3835	2486	516	2170	1133	1451	1825	2533	813	672	0	4292	2854	1363	1127	1522	1628	2730	2021	3959	2330	1766	3426	4054	1212	3484	4115	3843	1926	2034	3143	2142	3357	5226	3048	648	2929	4356	1252	3809	2119	2594	1167	5017	2452	2660	1387	1373	
4095	3625	577	3439	3347	2219	3204	2590	4584	3037	3905	3570	3627	2994	3165	4292	2549	3538	600	2954	4515	3240	2427	3987	2719	2906	4821	172	3042	2456	4800	2454	4420	3742	4330	3234	4504	4655	4292	0	3722	4515	3476	3755	3848	3217	2645	2044	3337	4935	2797	632	3214	3274	455	2831	2381	2994	5301	3558	1638	939	4196	4279	5439	84	4356	3326	3086	1706	3974	733	4113	3013	3596	2942	
2915	1661	3280	891	827	2999	2320	1354	2423	840	1765	3936	1849	3717	2772	2227	1204	2165	4292	1589	4776	1524	3889	2134	2051	1693	4646	3729	1315	1392	3071	1662	3859	3745	4380	572	3623	3525	2854	3722	0	1841	1842	3816	1239	4497	3361	2082	640	1941	1140	3150	2940	847	3309	1452	2655	3717	5770	724	3975	4410	5260	3396	5641	3735	1811	1136	3875	2564	1705	4361	624	4310	3579	2653	
1557	910	4261	1270	1400	2830	1638	2907	672	1768	654	3023	975	3084	2034	643	2245	1249	5113	1562	3582	1275	3567	822	1883	1618	3282	4589	3072	2180	1357	2068	2495	2711	3175	1771	2167	1975	1363	4515	1841	0	1120	2786	748	3864	2908	3536	1557	489	2755	4105	2157	2636	4216	3152	2471	3084	4506	1285	4049	5386	4340	2009	4285	4560	175	2952	3209	2882	559	5241	1284	3744	2600	2086	
1112	254	3289	954	1040	1715	581	2379	1121	1267	465	2173	152	2092	1039	825	1562	323	4067	597	2946	393	2491	536	777	599	2805	3566	2715	1383	1516	1119	2023	1936	2545	1440	1815	1765	1127	3476	1842	1120	0	2010	776	2892	1847	2855	1254	1599	2301	3130	1195	2384	3220	2717	1352	2092	3935	1121	2930	4378	3519	1574	3799	3528	946	2706	2234	1796	565	4208	1595	2743	1782	1021	
1268	2241	3883	2930	2990	1584	1497	3978	2274	3101	2293	312	2056	812	1065	2155	3161	1704	4218	2269	986	2292	1513	1983	1893	2176	1089	3908	4432	2893	1903	2489	774	76	641	3336	1046	1316	1522	3755	3816	2786	2010	0	2766	1270	1110	4186	3189	3239	3985	3746	900	4209	3740	4366	1609	812	1980	3111	2377	4672	1554	974	1929	3834	2640	4507	796	2318	2402	4408	3602	1260	242	1246	
1718	528	3557	524	655	2394	1352	2169	1207	1021	536	2943	710	2862	1814	990	1499	1063	4448	950	3675	690	3221	909	1375	1034	3481	3910	2369	1452	1835	1398	2683	2691	3269	1045	2418	2299	1628	3848	1239	748	776	2766	0	3663	2595	2788	827	1094	2026	3403	1970	1957	3523	2432	2021	2862	4652	571	3568	4693	4290	2204	4488	3888	646	2280	3007	2286	467	4565	848	3509	2544	1780	
2463	3146	3521	3672	3693	1589	2312	4275	3444	3684	3281	959	2987	801	1857	3274	3566	2648	3544	2917	1468	3051	831	3043	2446	2811	1944	3387	4785	3290	3155	2910	2008	1325	1481	3948	2313	2586	2730	3217	4497	3864	2892	1270	3663	0	1140	4267	3858	4343	4348	3419	1715	4680	3354	4666	1868	801	2096	3863	1598	4038	994	2239	2282	3301	3701	4933	659	2309	3394	3743	4435	222	1347	1890	
1763	2100	2785	2552	2565	526	1277	3178	2614	2545	2279	953	1964	432	891	2388	2438	1658	3117	1790	1950	1948	663	2112	1314	1684	2186	2798	3677	2161	2522	1774	1801	1097	1705	2810	1950	2157	2021	2645	3361	2908	1847	1110	2595	1140	0	3251	2724	3396	3234	2654	815	3549	2639	3571	734	432	2861	2743	1365	3565	2008	1764	2911	2724	2736	3810	584	1297	2389	3305	3329	949	960	828	
3876	2860	1483	2267	2138	2729	2952	729	3893	1768	3114	4148	2968	3683	3208	3613	1314	3091	2504	2269	5145	2477	3458	3372	2400	2300	5243	1978	1038	1474	4371	1807	4591	4138	4827	1811	4508	4540	3959	2044	2082	3536	2855	4186	2788	4267	3251	0	2006	3816	951	1413	3343	1382	1589	820	2587	3683	6099	2282	3068	2481	5227	4253	6107	2021	3426	1338	3832	1966	3127	2513	2643	4045	3957	2982	
2357	1112	2961	326	214	2377	1693	1352	2022	300	1281	3300	1288	3077	2138	1781	806	1574	3927	949	4157	904	3265	1626	1412	1053	4052	3370	1548	891	2616	1071	3276	3119	3765	219	3064	2994	2330	3337	640	1557	1254	3189	827	3858	2724	2006	0	1810	1200	2816	2306	1158	2959	1605	2027	3077	5153	277	3404	4108	4621	2827	5038	3363	1471	1484	3235	2006	1251	4020	780	3673	2950	2013	
1987	1376	4651	1573	1695	3313	2126	3147	1012	2064	1136	3487	1458	3568	2521	1084	2567	1738	5535	1998	3994	1714	4055	1302	2351	2064	3659	5001	3238	2543	1647	2482	2890	3165	3592	2010	2544	2323	1766	4935	1941	489	1599	3239	1094	4343	3396	3816	1810	0	2971	4497	2641	2779	4617	3345	2952	3568	4892	1534	4529	5786	4790	2413	4649	4976	662	3077	3690	3333	1034	5656	1325	4227	3063	2574	
3401	2232	2289	1510	1380	2759	2568	226	3209	1050	2445	4017	2380	3650	2931	2953	823	2590	3325	1788	4970	1909	3608	2760	2092	1858	4967	2771	448	1095	3769	1500	4239	3924	4609	984	4087	4063	3426	2797	1140	2755	2301	3985	2026	4348	3234	951	1200	2971	0	2181	3089	477	2353	417	2505	3650	5959	1470	3443	3373	5239	3836	5905	2794	2671	605	3810	2102	2431	3365	1728	4136	3743	2739	
3886	3247	159	2956	2853	2163	2953	1969	4251	2519	3529	3607	3277	3051	3004	3956	2013	3244	1149	2567	4593	2847	2593	3660	2420	2538	4834	590	2412	1964	4545	2042	4341	3720	4358	2693	4374	4492	4054	632	3150	4105	3130	3746	3403	3419	2654	1413	2816	4497	2181	0	3083	2657	177	2200	2226	3051	5449	3055	1943	1295	4413	4135	5545	617	3955	2698	3168	1490	3585	1212	3581	3203	3558	2769	
961	1445	3231	2063	2113	1014	630	3090	1808	2204	1566	997	1277	927	168	1597	2266	934	3743	1373	1885	1422	1470	1340	997	1278	1904	3348	3535	2001	1720	1600	1275	837	1520	2444	1295	1444	1212	3214	2940	2157	1195	900	1970	1715	815	3343	2306	2641	3089	3083	0	3309	3110	3475	857	927	2880	2249	2147	4152	2335	1066	2817	3285	1991	3607	1056	1596	1679	3919	2778	1587	658	361	
3496	2266	2764	1484	1369	3102	2742	691	3164	1128	2438	4273	2435	3951	3145	2934	1115	2695	3801	1951	5193	2006	3973	2784	2327	2037	5142	3247	471	1389	3773	1777	4386	4144	4817	951	4198	4143	3484	3274	847	2636	2384	4209	1957	4680	3549	1382	1158	2779	477	2657	3309	0	2830	634	2815	3951	6189	1387	3869	3839	5537	3955	6108	3271	2581	326	4112	2496	2402	3838	1471	4474	3967	2975	
3938	3347	173	3087	2987	2162	3014	2142	4340	2661	3629	3587	3369	3024	3039	4045	2159	3319	984	2668	4565	2951	2534	3746	2493	2633	4824	422	2588	2096	4612	2148	4357	3718	4344	2842	4404	4532	4115	455	3309	4216	3220	3740	3523	3354	2639	1589	2959	4617	2353	177	3110	2830	0	2377	2255	3024	5403	3193	1843	1170	4346	4168	5511	441	4063	2874	3135	1530	3690	1061	3728	3140	3560	2806	
3815	2649	2285	1920	1791	3080	2971	394	3621	1467	2860	4385	2797	3994	3320	3367	1214	3004	3316	2197	5349	2325	3903	3177	2480	2263	5363	2780	218	1474	4186	1877	4643	4307	4995	1386	4498	4478	3843	2831	1452	3152	2717	4366	2432	4666	3571	820	1605	3345	417	2200	3475	634	2377	0	2851	3994	6334	1869	3661	3301	5579	4247	6292	2815	3074	520	4152	2381	2844	3331	2066	4451	4126	3121	
1717	1584	2375	1889	1884	374	891	2457	2335	1827	1817	1562	1495	1146	787	2064	1704	1278	2931	1126	2558	1337	1241	1759	653	1023	2686	2509	2950	1427	2440	1041	2123	1566	2248	2095	2149	2280	1926	2381	2655	2471	1352	1609	2021	1868	734	2587	2027	2952	2505	2226	857	2815	2255	2851	0	1146	3517	2076	1578	3320	2734	1913	3520	2450	2296	3077	1305	740	1917	3100	2681	1669	1390	561	
1765	2346	3176	2879	2905	957	1511	3601	2706	2918	2488	578	2189	0	1061	2514	2846	1855	3430	2130	1542	2254	707	2266	1668	2025	1831	3153	4095	2568	2502	2174	1571	825	1338	3179	1789	2031	2034	2994	3717	3084	2092	812	2862	801	432	3683	3077	3568	3650	3051	927	3951	3024	3994	1146	0	2433	3070	1565	3895	1589	1648	2497	3075	2918	4220	161	1727	2601	3623	3636	660	745	1090	
2969	4144	5564	4879	4948	3387	3464	5943	3880	5078	4138	1956	3954	2433	3044	3867	5136	3615	5640	4245	997	4250	2877	3785	3871	4154	1235	5469	6407	4865	3285	4460	2010	2045	1390	5307	2348	2580	3143	5301	5770	4506	3935	1980	4652	2096	2861	6099	5153	4892	5959	5449	2880	6189	5403	6334	3517	2433	0	5054	3693	6134	1200	2498	399	5384	4391	6486	2297	4158	4237	5839	5500	2290	2222	3222	
2194	939	3203	191	217	2440	1622	1627	1777	545	1064	3246	1125	3070	2083	1550	1059	1443	4152	955	4062	827	3316	1425	1434	1061	3923	3598	1800	1102	2393	1205	3136	3039	3663	487	2902	2811	2142	3558	724	1285	1121	3111	571	3863	2743	2282	277	1534	1470	3055	2249	1387	3193	1869	2076	3070	5054	0	3523	4349	4582	2673	4920	3587	1207	1711	3225	2149	1019	4251	616	3687	2876	1986	
3108	3158	2016	3349	3312	1226	2444	3304	3876	3144	3395	2127	3074	1565	2180	3620	2820	2840	1949	2630	2980	2878	882	3320	2197	2538	3361	1810	3828	2590	3867	2334	3126	2386	2864	3406	3307	3521	3357	1638	3975	4049	2930	2377	3568	1598	1365	3068	3404	4529	3443	1943	2147	3869	1843	3661	1578	1565	3693	3523	0	2441	2563	3129	3863	1722	3875	4047	1608	1412	3495	2148	4139	1408	2284	2030	
5032	4513	1147	4251	4147	3154	4134	3150	5494	3811	4794	4473	4528	3895	4105	5200	3302	4459	501	3834	5394	4118	3288	4898	3635	3796	5726	818	3519	3259	5732	3317	5351	4662	5232	3977	5442	5595	5226	939	4410	5386	4378	4672	4693	4038	3565	2481	4108	5786	3373	1295	4152	3839	1170	3301	3320	3895	6134	4349	2441	0	4991	5218	6298	871	5232	3820	3977	2634	4857	305	4866	3847	4522	3881	
2807	3762	4514	4394	4436	2510	2965	5185	3810	4485	3837	1347	3583	1589	2500	3707	4434	3230	4493	3674	1028	3755	1823	3536	3232	3571	1584	4367	5683	4156	3362	3760	2039	1630	1313	4739	2404	2685	3048	4196	5260	4340	3519	1554	4290	994	2008	5227	4621	4790	5239	4413	2335	5537	4346	5579	2734	1589	1200	4582	2563	4991	0	2437	1482	4281	4194	5808	1429	3262	3948	4692	5111	1212	1754	2608	
486	1734	4285	2519	2613	2072	1302	3885	1405	2830	1673	1281	1548	1648	1130	1369	3046	1260	4806	2050	1582	1949	2337	1306	1856	1989	1287	4414	4265	2814	936	2448	489	915	1182	3014	255	392	648	4279	3396	2009	1574	974	2204	2239	1764	4253	2827	2413	3836	4135	1066	3955	4168	4247	1913	1648	2498	2673	3129	5218	2437	0	2297	4351	1893	4274	1693	2645	1763	4983	3046	2207	915	1367	
2779	3994	5667	4752	4829	3432	3367	5905	3642	4986	3963	1969	3804	2497	2975	3655	5083	3477	5811	4157	965	4135	3015	3600	3814	4071	1010	5605	6352	4817	3018	4415	1809	1985	1297	5204	2118	2326	2929	5439	5641	4285	3799	1929	4488	2282	2911	6107	5038	4649	5905	5545	2817	6108	5511	6292	3520	2497	399	4920	3863	6298	1482	2297	0	5523	4181	6413	2377	4196	4057	6009	5335	2456	2167	3171	
4162	3674	542	3472	3378	2294	3266	2584	4639	3063	3954	3650	3679	3075	3235	4346	2570	3597	565	3001	4598	3287	2510	4042	2775	2955	4901	89	3028	2486	4863	2496	4496	3820	4411	3255	4577	4726	4356	84	3735	4560	3528	3834	3888	3301	2724	2021	3363	4976	2794	617	3285	3271	441	2815	2450	3075	5384	3587	1722	871	4281	4351	5523	0	4402	3315	3168	1767	4022	682	4137	3097	3674	3010	
1429	741	4112	1169	1300	2655	1465	2815	627	1663	480	2871	801	2918	1865	526	2125	1078	4953	1402	3455	1116	3394	663	1712	1454	3174	4433	3005	2045	1308	1915	2382	2564	3047	1689	2064	1887	1252	4356	1811	175	946	2640	646	3701	2736	3426	1471	662	2671	3955	1991	2581	4063	3074	2296	2918	4391	1207	3875	5232	4194	1893	4181	4402	0	2900	3045	2714	388	5084	1289	3578	2449	1913	
3818	2591	2791	1810	1694	3347	3050	760	3487	1445	2763	4560	2759	4220	3444	3259	1374	3015	3825	2259	5492	2325	4205	3110	2617	2341	5453	3283	303	1652	4099	2050	4702	4443	5119	1276	4519	4466	3809	3326	1136	2952	2706	4507	2280	4933	3810	1338	1484	3077	605	2698	3607	326	2874	520	3077	4220	6486	1711	4047	3820	5808	4274	6413	3315	2900	0	4380	2705	2727	3845	1757	4724	4264	3267	
1850	2488	3290	3034	3062	1103	1655	3758	2810	3078	2622	521	2328	161	1198	2628	3006	1989	3505	2288	1432	2406	729	2388	1827	2183	1758	3248	4254	2728	2573	2334	1569	824	1261	3338	1814	2068	2119	3086	3875	3209	2234	796	3007	659	584	3832	3235	3690	3810	3168	1056	4112	3135	4152	1305	161	2297	3225	1608	3977	1429	1693	2377	3168	3045	4380	0	1872	2735	3700	3787	543	779	1241	
2410	1974	1641	1987	1933	771	1500	1997	2888	1737	2245	2228	1949	1727	1514	2599	1415	1835	2285	1340	3232	1619	1523	2291	1024	1269	3405	1816	2520	1179	3098	944	2863	2282	2950	1996	2885	3003	2594	1706	2564	2882	1796	2318	2286	2309	1297	1966	2006	3333	2102	1490	1596	2496	1530	2381	740	1727	4158	2149	1412	2634	3262	2645	4196	1767	2714	2705	1872	0	2326	2438	2760	2089	2111	1279	
1278	353	3743	927	1053	2280	1112	2554	778	1391	113	2607	428	2601	1540	532	1814	746	4571	1023	3274	739	3041	457	1324	1069	3048	4054	2798	1706	1375	1544	2248	2326	2865	1468	1967	1837	1167	3974	1705	559	565	2402	467	3394	2389	3127	1251	1034	2431	3585	1679	2402	3690	2844	1917	2601	4237	1019	3495	4857	3948	1763	4057	4022	388	2727	2735	2326	0	4704	1287	3259	2193	1562	
4816	4356	1083	4142	4044	2913	3934	3146	5317	3721	4636	4201	4360	3623	3879	5025	3220	4271	199	3682	5112	3968	3003	4720	3452	3637	5454	656	3548	3152	5527	3176	5099	4401	4959	3902	5202	5363	5017	733	4361	5241	4208	4408	4565	3743	3305	2513	4020	5656	3365	1212	3919	3838	1061	3331	3100	3623	5839	4251	2148	305	4692	4983	6009	682	5084	3845	3700	2438	4704	0	4789	3555	4265	3660	
2560	1363	3722	795	828	3048	2149	1929	1916	1078	1374	3765	1551	3636	2616	1765	1569	1900	4701	1555	4522	1384	3918	1743	2032	1659	4327	4141	1938	1671	2591	1816	3528	3528	4116	889	3254	3118	2452	4113	624	1284	1595	3602	848	4435	3329	2643	780	1325	1728	3581	2778	1471	3728	2066	2681	3636	5500	616	4139	4866	5111	3046	5335	4137	1289	1757	3787	2760	1287	4789	0	4267	3376	2547	
2391	2997	3306	3496	3512	1377	2163	4060	3353	3491	3146	950	2845	660	1719	3169	3359	2513	3356	2736	1602	2883	611	2925	2262	2630	2045	3182	4572	3085	3105	2708	2023	1305	1564	3757	2305	2569	2660	3013	4310	3744	2743	1260	3509	222	949	4045	3673	4227	4136	3203	1587	4474	3140	4451	1669	660	2290	3687	1408	3847	1212	2207	2456	3097	3578	4724	543	2089	3259	3555	4267	0	1297	1730	
1123	2017	3698	2694	2752	1398	1259	3738	2120	2860	2083	424	1835	745	822	1979	2920	1481	4078	2027	1228	2055	1449	1787	1652	1934	1297	3746	4191	2652	1811	2249	845	182	873	3095	1044	1290	1387	3596	3579	2600	1782	242	2544	1347	960	3957	2950	3063	3743	3558	658	3967	3560	4126	1390	745	2222	2876	2284	4522	1754	915	2167	3674	2449	4264	779	2111	2193	4265	3376	1297	0	1005	
1157	1275	2920	1797	1831	819	450	2734	1847	1886	1451	1301	1136	1090	238	1597	1915	838	3491	1066	2231	1165	1481	1307	650	965	2265	3068	3186	1647	1889	1244	1624	1186	1875	2135	1610	1725	1373	2942	2653	2086	1021	1246	1780	1890	828	2982	2013	2574	2739	2769	361	2975	2806	3121	561	1090	3222	1986	2030	3881	2608	1367	3171	3010	1913	3267	1241	1279	1562	3660	2547	1730	1005	0	


0	 CF146HT 	 0 	 0 	 540  	 1080  	 0  	 0 

1	 CF142AG	 1 	 9 	 720  	 960  	 8  	 4 
2	 CF103HA	 1 	 7 	 600  	 840  	 10  	 5 
3	 CF142FA 	 0 	 21 	 600  	 840  	 5  	 2 
4	 CF142FH 	 1 	 9 	 540  	 780  	 10  	 5 
5	 CF144NW 1 	 6 	 660  	 900  	 7  	 3 
6	 CF146BN	 1 	 3 	 540  	 780  	 9  	 4 
7	 CF52ET 	 1 	 8 	 540  	 780  	 8  	 4 
8	 CF147EJ 	 0 	 14 	 540  	 780  	 5  	 2 
9	 CF142LN 	 0 	 21 	 660  	 900  	 9  	 4 
10	 CF142TL 	 1 	 7 	 720  	 960  	 9  	 4 
11	 CF145QZ	 1 	 7 	 720  	 960  	 8  	 4 
12	 CF147XD 	 1 	 5 	 600  	 840  	 7  	 3 
13	 CF148HF 	 1 	 2 	 540  	 780  	 10  	 5 
14	 CF146AF 	 1 	 8 	 540  	 780  	 9  	 4 
15	 CF147BW	 0 	 13 	 540  	 780  	 5  	 2 
16	 CF142QS 	 1 	 6 	 540  	 780  	 7  	 3 
17	 CF141BA 	 0 	 8 	 720  	 960  	 7  	 3 
18	 CF244DE 	 1 	 6 	 720  	 960  	 8  	 4 
19	 CF141DS 	 1 	 1 	 540  	 780  	 8  	 4 
20	 CF149AW	 1 	 5 	 660  	 900  	 5  	 2 
21	 CF142DX 	 1 	 2 	 660  	 900  	 9  	 4 
22	 CF144HF 	 1 	 3 	 660  	 900  	 8  	 4 
23	 CF147BA 	 1 	 5 	 540  	 780  	 9  	 4 
24	 CF141QB	 1 	 4 	 540  	 780  	 10  	 5 
25	 CF141EN 	 1 	 6 	 540  	 780  	 10  	 5 
26	 CF149AG	 1 	 6 	 660  	 900  	 5  	 2 
27	 CF244JF 	 1 	 7 	 540  	 780  	 8  	 4 
28	 CF52HQ 	 1 	 10 	 720  	 960  	 10  	 5 
29	 CF142PQ	 1 	 5 	 540  	 780  	 9  	 4 
30	 CF147TN 	 1 	 8 	 660  	 900  	 6  	 3 
31	 CF141JQ 	 0 	 7 	 660  	 900  	 8  	 4 
32	 CF146QE 	 1 	 1 	 720  	 960  	 8  	 4 
33	 CF146PF 	 1 	 6 	 720  	 960  	 5  	 2 
34	 CF145JX 	 1 	 8 	 600  	 840  	 7  	 3 
35	 CF142JP 	 1 	 7 	 720  	 960  	 7  	 3 
36	 CF146SX 	 0 	 8 	 720  	 960  	 9  	 4 
37	 CF146TW	 1 	 1 	 540  	 780  	 10  	 5 
38	 CF146HR 	 1 	 8 	 540  	 780  	 5  	 2 
39	 CF244JW 	 1 	 9 	 720  	 960  	 5  	 2 
40	 CF52QQ 	 1 	 3 	 720  	 960  	 10  	 5 
41	 CF147JS 	 1 	 2 	 660  	 900  	 5  	 2 
42	 CF141BY 	 1 	 10 	 720  	 960  	 5  	 2 
43	 CF145EL 	 1 	 1 	 540  	 780  	 9  	 4 
44	 CF142BU 	 1 	 6 	 540  	 780  	 9  	 4 
45	 CF145PQ	 1 	 9 	 540  	 780  	 9  	 4 
46	 CF144PD 	 1 	 3 	 540  	 780  	 10  	 5 
47	 CF52AA 	 1 	 2 	 720  	 960  	 8  	 4 
48	 CF142HA	 1 	 8 	 660  	 900  	 9  	 4 
49	 CF147JJ 	 1 	 9 	 600  	 840  	 9  	 4 
50	 CF52LL 	 1 	 1 	 720  	 960  	 5  	 2 
51	 CF143UA	 1 	 1 	 600  	 840  	 8  	 4 
52	 CF146AR 	 1 	 10 	 540  	 780  	 8  	 4 
53	 CF52NJ 	 1 	 2 	 660  	 900  	 9  	 4 
54	 CF244LU 	 1 	 9 	 600  	 840  	 8  	 4 
55	 CF52BH 	 1 	 2 	 660  	 900  	 9  	 4 
56	 CF144QS 	 1 	 4 	 600  	 840  	 10  	 5 
57	 CF145XW	 1 	 7 	 660  	 900  	 5  	 2 
58	 CF149HH	 1 	 4 	 540  	 780  	 10  	 5 
59	 CF142FU 	 1 	 9 	 540  	 780  	 5  	 2 
60	 CF143RE 	 1 	 10 	 540  	 780  	 7  	 3 
61	 CF244AQ	 0 	 13 	 540  	 780  	 6  	 3 
62	 CF140XA 	 1 	 2 	 540  	 780  	 8  	 4 
63	 CF146JZ 	 1 	 7 	 720  	 960  	 8  	 4 
64	 CF149JE 	 1 	 3 	 540  	 780  	 5  	 2 
65	 CF244JB 	 1 	 3 	 720  	 960  	 5  	 2 
66	 CF147BF 	 1 	 6 	 720  	 960  	 5  	 2 
67	 CF52JT 	 1 	 9 	 660  	 900  	 9  	 4 
68	 CF145DU	 1 	 8 	 540  	 780  	 6  	 3 
69	 CF143BA 	 0 	 8 	 720  	 960  	 7  	 3 
70	 CF142TQ 	 1 	 10 	 600  	 840  	 6  	 3 
71	 CF244BT 	 1 	 10 	 540  	 780  	 6  	 3 
72	 CF52RL 	 1 	 3 	 720  	 960  	 10  	 5 
73	 CF145QE 	 1 	 6 	 660  	 900  	 7  	 3 
74	 CF146PD 	 1 	 4 	 540  	 780  	 10  	 5 
75	 CF141TZ 	 0 	 11 	 660  	 900  	 7  	 3 
