25

1200
32
10
500

0	742	3108	4119	4260	4667	2503	4423	4011	917	5863	310	6395	3827	5806	3943	5743	4264	4459	3652	5206	3612	4010	3521	5283	4324	
742	0	2407	3468	3537	3966	2186	3687	3279	286	5140	1050	5694	3119	5081	3203	5004	3669	3807	2924	4509	3257	3279	2813	4588	3634	
3108	2407	0	1168	1190	2737	1999	1480	1800	2191	3482	3392	4228	721	2725	1160	2772	1571	1481	1654	2101	2307	1800	417	2181	1230	
4119	3468	1168	0	1037	3311	2340	1504	2438	3221	3663	4379	4474	779	2095	1588	2410	563	340	2454	1252	2052	2438	918	1298	517	
4260	3537	1190	1037	0	2317	3040	467	1511	3345	2636	4552	3443	504	1547	684	1602	1593	1087	1629	1084	3008	1511	778	1178	577	
4667	3966	2737	3311	2317	0	4661	1894	937	3933	1296	4972	1728	2563	2854	1733	2299	3874	3403	1152	3098	5032	937	2586	3185	2893	
2503	2186	1999	2340	3040	4661	0	3425	3742	1908	5481	2652	6220	2540	4414	3158	4628	2194	2632	3520	3592	1110	3742	2318	3637	2771	
4423	3687	1480	1504	467	1894	3425	0	1174	3522	2172	4724	2977	902	1458	519	1324	2058	1532	1377	1285	3460	1174	1110	1380	1028	
4011	3279	1800	2438	1511	937	3742	1174	0	3198	1874	4320	2520	1668	2470	854	2080	2996	2572	370	2458	4095	1	1660	2553	2069	
917	286	2191	3221	3345	3933	1908	3522	3198	0	5070	1207	5655	2910	4891	3053	4845	3402	3560	2854	4290	2972	3198	2603	4368	3410	
5863	5140	3482	3663	2636	1296	5481	2172	1874	5070	0	6172	819	3055	2392	2325	1736	4200	3632	2218	2987	5626	1875	3200	3050	3160	
310	1050	3392	4379	4552	4972	2652	4724	4320	1207	6172	0	6700	4113	6099	4247	6045	4501	4719	3961	5486	3760	4320	3807	5561	4601	
6395	5694	4228	4474	3443	1728	6220	2977	2520	5655	819	6700	0	3846	3156	3086	2502	5015	4450	2823	3796	6417	2520	3972	3856	3975	
3827	3119	721	779	504	2563	2540	902	1668	2910	3055	4113	3846	0	2008	830	2105	1330	981	1675	1396	2572	1668	306	1480	573	
5806	5081	2725	2095	1547	2854	4414	1458	2470	4891	2392	6099	3156	2008	0	1977	657	2450	1867	2759	895	4102	2471	2308	898	1644	
3943	3203	1160	1588	684	1733	3158	519	854	3053	2325	4247	3086	830	1977	0	1804	2148	1720	946	1725	3352	854	891	1821	1220	
5743	5004	2772	2410	1602	2299	4628	1324	2080	4845	1736	6045	2502	2105	657	1804	0	2853	2253	2413	1386	4462	2080	2373	1424	1905	
4264	3669	1571	563	1593	3874	2194	2058	2996	3402	4200	4501	5015	1330	2450	2148	2853	0	600	2996	1558	1660	2996	1419	1573	1040	
4459	3807	1481	340	1087	3403	2632	1532	2572	3560	3632	4719	4450	981	1867	1720	2253	600	0	2632	987	2236	2572	1185	1017	510	
3652	2924	1654	2454	1629	1152	3520	1377	370	2854	2218	3961	2823	1675	2759	946	2413	2996	2632	0	2651	3960	369	1600	2747	2148	
5206	4509	2101	1252	1084	3098	3592	1285	2458	4290	2987	5486	3796	1396	895	1725	1386	1558	987	2651	0	3215	2459	1699	96	888	
3612	3257	2307	2052	3008	5032	1110	3460	4095	2972	5626	3760	6417	2572	4102	3352	4462	1660	2236	3960	3215	0	4095	2463	3232	2564	
4010	3279	1800	2438	1511	937	3742	1174	1	3198	1875	4320	2520	1668	2471	854	2080	2996	2572	369	2459	4095	0	1660	2553	2069	
3521	2813	417	918	778	2586	2318	1110	1660	2603	3200	3807	3972	306	2308	891	2373	1419	1185	1600	1699	2463	1660	0	1782	850	
5283	4588	2181	1298	1178	3185	3637	1380	2553	4368	3050	5561	3856	1480	898	1821	1424	1573	1017	2747	96	3232	2553	1782	0	960	
4324	3634	1230	517	577	2893	2771	1028	2069	3410	3160	4601	3975	573	1644	1220	1905	1040	510	2148	888	2564	2069	850	960	0	


0	 CF244AP 	 0 	 0 	 540  	 1080  	 0  	 0 

1	 CF244ES 	 1 	 6 	 720  	 960  	 5  	 2 
2	 CF141HF 	 0 	 21 	 540  	 780  	 10  	 5 
3	 CF141PB 	 1 	 5 	 600  	 840  	 7  	 3 
4	 CF146BN	1 	 7 	 660  	 900  	 9  	 4 
5	 CF145LS 	 1 	 4 	 660  	 900  	 6  	 3 
6	 CF52AR 	 1 	 1 	 600  	 840  	 5  	 2 
7	 CF146AE 	 1 	 4 	 540  	 780  	 10  	 5 
8	 CF148NQ	1 	 6 	 720  	 960  	 9  	 4 
9	 CF244JH 	 1 	 2 	 720  	 960  	 7  	 3 
10	 CF149DX 	 1 	 1 	 660  	 900  	 10  	 5 
11	 CF244DS 	 1 	 2 	 540  	 780  	 8  	 4 
12	 CF149JJ 	 1 	 1 	 540  	 780  	 10  	 5 
13	 CF141QA	0 	 16 	 660  	 900  	 7  	 3 
14	 CF147TP 	 0 	 19 	 600  	 840  	 9  	 4 
15	 CF144SA 	 1 	 4 	 720  	 960  	 8  	 4 
16	 CF146TT 	 1 	 2 	 540  	 780  	 6  	 3 
17	 CF142FD 	 1 	 9 	 600  	 840  	 7  	 3 
18	 CF142BA 	 1 	 9 	 660  	 900  	 8  	 4 
19	 CF144HD	1 	 3 	 660  	 900  	 5  	 2 
20	 CF147AL 	 1 	 4 	 600  	 840  	 6  	 3 
21	 CF52HQ 	 1 	 2 	 720  	 960  	 10  	 5 
22	 CF148EB 	 1 	 3 	 720  	 960  	 5  	 2 
23	 CF141QP	1 	 8 	 660  	 900  	 6  	 3 
24	 CF147AQ	1 	 7 	 600  	 840  	 7  	 3 
25	 CF142AA 	 1 	 6 	 720  	 960  	 7  	 3 
