25

1200
32
10
500

0	5675	3550	2417	2857	1257	2397	3025	5723	2417	3362	2903	4306	4843	2068	3510	3823	1412	3652	1906	3889	3364	3789	1858	1712	536	
5675	0	2156	3258	3052	4497	3374	3904	715	3257	3822	4738	2691	2706	3868	4420	3495	4637	4647	3833	1918	2320	2167	3890	4500	5555	
3550	2156	0	1157	966	2346	1444	2085	2364	1157	2151	2882	1702	2144	1984	2789	2079	2678	3050	1812	919	216	600	1736	2370	3489	
2417	3258	1157	0	882	1283	526	1967	3340	1	2198	2553	2419	2951	978	2741	2391	1559	2996	686	1542	957	1539	743	1559	2332	
2857	3052	966	882	0	1601	1400	1221	3321	883	1385	1959	1582	2126	1851	1983	1516	2335	2246	1506	1789	908	954	1009	1451	2918	
1257	4497	2346	1283	1601	0	1463	1923	4618	1283	2255	2071	3071	3614	1404	2550	2666	1254	2747	1038	2823	2177	2539	614	719	1389	
2397	3374	1444	526	1400	1463	0	2484	3344	526	2723	3032	2896	3416	540	3256	2914	1269	3508	491	1507	1227	1935	1086	1919	2197	
3025	3904	2085	1967	1221	1923	2484	0	4312	1967	338	835	1533	1988	2819	776	823	3063	1034	2408	2976	2089	1769	1615	1313	3288	
5723	715	2364	3340	3321	4618	3344	4312	0	3339	4276	5144	3252	3339	3784	4898	4006	4562	5138	3828	1838	2480	2543	4036	4729	5539	
2417	3257	1157	1	883	1283	526	1967	3339	0	2199	2554	2420	2951	977	2742	2391	1558	2996	686	1542	957	1539	743	1559	2332	
3362	3822	2151	2198	1385	2255	2723	338	4276	2199	0	972	1308	1716	3091	640	514	3374	899	2688	3064	2188	1751	1917	1650	3624	
2903	4738	2882	2553	1959	2071	3032	835	5144	2554	972	0	2278	2660	3260	676	1452	3317	756	2837	3746	2861	2602	2005	1352	3280	
4306	2691	1702	2419	1582	3071	2896	1533	3252	2420	1308	2278	0	547	3395	1805	857	3917	2002	3079	2541	1860	1104	2542	2665	4446	
4843	2706	2144	2951	2126	3614	3416	1988	3339	2951	1716	2660	547	0	3924	2101	1210	4460	2253	3617	2915	2323	1548	3089	3184	4991	
2068	3868	1984	978	1851	1404	540	2819	3784	977	3091	3260	3395	3924	0	3573	3338	778	3813	423	1966	1767	2466	1255	2013	1780	
3510	4420	2789	2741	1983	2550	3256	776	4898	2742	640	676	1805	2101	3573	0	949	3755	264	3156	3699	2819	2386	2341	1860	3847	
3823	3495	2079	2391	1516	2666	2914	823	4006	2391	514	1452	857	1210	3338	949	0	3710	1156	2959	2994	2165	1575	2253	2115	4051	
1412	4637	2678	1559	2335	1254	1269	3063	4562	1558	3374	3317	3917	4460	778	3755	3710	0	3968	874	2742	2465	3098	1461	1971	1035	
3652	4647	3050	2996	2246	2747	3508	1034	5138	2996	899	756	2002	2253	3813	264	1156	3968	0	3394	3961	3082	2638	2572	2043	4012	
1906	3833	1812	686	1506	1038	491	2408	3828	686	2688	2837	3079	3617	423	3156	2959	874	3394	0	1991	1601	2225	832	1602	1724	
3889	1918	919	1542	1789	2823	1507	2976	1838	1542	3064	3746	2541	2915	1966	3699	2994	2742	3961	1991	0	888	1455	2273	3040	3703	
3364	2320	216	957	908	2177	1227	2089	2480	957	2188	2861	1860	2323	1767	2819	2165	2465	3082	1601	888	0	777	1574	2252	3288	
3789	2167	600	1539	954	2539	1935	1769	2543	1539	1751	2602	1104	1548	2466	2386	1575	3098	2638	2225	1455	777	0	1932	2388	3806	
1858	3890	1736	743	1009	614	1086	1615	4036	743	1917	2005	2542	3089	1255	2341	2253	1461	2572	832	2273	1574	1932	0	837	1913	
1712	4500	2370	1559	1451	719	1919	1313	4729	1559	1650	1352	2665	3184	2013	1860	2115	1971	2043	1602	3040	2252	2388	837	0	1995	
536	5555	3489	2332	2918	1389	2197	3288	5539	2332	3624	3280	4446	4991	1780	3847	4051	1035	4012	1724	3703	3288	3806	1913	1995	0	


0	 CF149EZ 	 0 	 0 	 540  	 1080  	 0  	 0 

1	 CF103EZ 	 0 	 10 	 600  	 840  	 7  	 3 
2	 CF144BD 	 1 	 7 	 600  	 840  	 6  	 3 
3	 CF148NT 	 1 	 5 	 600  	 840  	 6  	 3 
4	 CF144SB 	 1 	 1 	 660  	 900  	 5  	 2 
5	 CF145JW 	 1 	 1 	 540  	 780  	 5  	 2 
6	 CF145PT 	 1 	 9 	 720  	 960  	 5  	 2 
7	 CF146EN 	 1 	 3 	 540  	 780  	 9  	 4 
8	 CF244ER 	 1 	 7 	 720  	 960  	 7  	 3 
9	 CF148JD 	 1 	 3 	 720  	 960  	 9  	 4 
10	 CF147AF 	 1 	 5 	 720  	 960  	 5  	 2 
11	 CF147HR 	 1 	 3 	 540  	 780  	 9  	 4 
12	 CF141LS 	 1 	 5 	 720  	 960  	 6  	 3 
13	 CF142HX 	 1 	 10 	 540  	 780  	 6  	 3 
14	 CF140NJ 	 1 	 9 	 720  	 960  	 9  	 4 
15	 CF147DU	1 	 2 	 660  	 900  	 8  	 4 
16	 CF142AQ	1 	 10 	 720  	 960  	 5  	 2 
17	 CF145AX 	 1 	 9 	 540  	 780  	 10  	 5 
18	 CF147EB 	 1 	 7 	 540  	 780  	 8  	 4 
19	 CF145EZ 	 1 	 8 	 720  	 960  	 10  	 5 
20	 CF144EP 	 0 	 15 	 600  	 840  	 9  	 4 
21	 CF144JN 	 1 	 7 	 660  	 900  	 8  	 4 
22	 CF141RU 	 1 	 7 	 660  	 900  	 6  	 3 
23	 CF145EJ 	 1 	 2 	 540  	 780  	 8  	 4 
24	 CF146RJ 	 1 	 8 	 540  	 780  	 5  	 2 
25	 CF149FH 	 1 	 4 	 600  	 840  	 8  	 4 
