25

1200
32
10
500

0	2402	2170	2894	4902	3062	1938	345	2410	3352	5812	799	2705	1716	4595	2525	5079	985	4180	1525	1668	2768	1650	5512	3168	2091	
2402	0	935	1523	2557	2180	693	2732	1119	2447	3474	1993	2304	688	2790	550	2681	1748	2326	1912	867	366	752	3574	1019	365	
2170	935	0	2410	3265	3015	1308	2514	288	3301	4166	2089	3034	848	2457	552	3250	1253	3253	1137	595	1150	907	3356	1935	671	
2894	1523	2410	0	2501	710	1210	3127	2631	938	3294	2153	1060	1735	4115	2068	2926	2729	1313	3138	2081	1540	1730	4763	973	1741	
4902	2557	3265	2501	0	3026	2976	5212	3268	3056	918	4338	3517	3230	3186	2714	600	4303	1621	4388	3417	2206	3284	3350	1769	2915	
3062	2180	3015	710	3026	0	1731	3233	3257	306	3731	2268	545	2256	4824	2730	3509	3116	1567	3600	2606	2237	2233	5470	1670	2346	
1938	693	1308	1210	2976	1731	0	2239	1572	2027	3879	1385	1728	531	3466	1162	3202	1551	2342	1928	881	991	520	4265	1230	668	
345	2732	2514	3127	5212	3233	2239	0	2752	3512	6118	979	2834	2049	4933	2868	5403	1314	4429	1819	2012	3097	1982	5852	3465	2428	
2410	1119	288	2631	3268	3257	1572	2752	0	3537	4154	2369	3300	1132	2193	629	3200	1461	3394	1232	882	1264	1193	3102	2074	915	
3352	2447	3301	938	3056	306	2027	3512	3537	0	3705	2554	729	2555	5038	2996	3569	3422	1512	3906	2905	2478	2534	5653	1851	2631	
5812	3474	4166	3294	918	3731	3879	6118	4154	3705	0	5228	4253	4147	3766	3618	1048	5220	2195	5296	4334	3123	4200	3722	2659	3832	
799	1993	2089	2153	4338	2268	1385	979	2369	2554	5228	0	1907	1377	4535	2277	4586	1263	3460	1878	1499	2340	1302	5411	2571	1765	
2705	2304	3034	1060	3517	545	1728	2834	3300	729	4253	1907	0	2213	5054	2842	3972	2913	2107	3451	2549	2441	2173	5758	2019	2390	
1716	688	848	1735	3230	2256	531	2049	1132	2555	4147	1377	2213	0	3196	902	3369	1108	2803	1412	350	1054	75	4050	1582	391	
4595	2790	2457	4115	3186	4824	3466	4933	2193	5038	3766	4535	5054	3196	0	2318	2742	3624	4235	3241	3037	2613	3269	935	3201	2846	
2525	550	552	2068	2714	2730	1162	2868	629	2996	3618	2277	2842	902	2318	0	2716	1699	2766	1679	857	636	977	3153	1447	530	
5079	2681	3250	2926	600	3509	3202	5403	3200	3569	1048	4586	3972	3369	2742	2716	0	4386	2191	4387	3501	2315	3431	2804	2078	3016	
985	1748	1253	2729	4303	3116	1551	1314	1461	3422	5220	1263	2913	1108	3624	1699	4386	0	3889	615	888	2098	1074	4548	2690	1388	
4180	2326	3253	1313	1621	1567	2342	4429	3394	1512	2195	3460	2107	2803	4235	2766	2191	3889	0	4196	3110	2130	2823	4657	1321	2658	
1525	1912	1137	3138	4388	3600	1928	1819	1232	3906	5296	1878	3451	1412	3241	1679	4387	615	4196	0	1086	2214	1409	4175	2922	1554	
1668	867	595	2081	3417	2606	881	2012	882	2905	4334	1499	2549	350	3037	857	3501	888	3110	1086	0	1211	377	3922	1850	503	
2768	366	1150	1540	2206	2237	991	3097	1264	2478	3123	2340	2441	1054	2613	636	2315	2098	2130	2214	1211	0	1118	3342	813	711	
1650	752	907	1730	3284	2233	520	1982	1193	2534	4200	1302	2173	75	3269	977	3431	1074	2823	1409	377	1118	0	4124	1620	466	
5512	3574	3356	4763	3350	5470	4265	5852	3102	5653	3722	5411	5758	4050	935	3153	2804	4548	4657	4175	3922	3342	4124	0	3804	3682	
3168	1019	1935	973	1769	1670	1230	3465	2074	1851	2659	2571	2019	1582	3201	1447	2078	2690	1321	2922	1850	813	1620	3804	0	1368	
2091	365	671	1741	2915	2346	668	2428	915	2631	3832	1765	2390	391	2846	530	3016	1388	2658	1554	503	711	466	3682	1368	0	


0	 CF149BG 	 0 	 0 	 540  	 1080  	 0  	 0 

1	 CF144PW	 1 	 3 	 540  	 780  	 6  	 3 
2	 CF144LX 	 1 	 4 	 720  	 960  	 8  	 4 
3	 CF147AG	1 	 9 	 600  	 840  	 5  	 2 
4	 CF52EU 	 1 	 10 	 660  	 900  	 10  	 5 
5	 CF147TH 	 1 	 9 	 600  	 840  	 9  	 4 
6	 CF146AP 	 1 	 8 	 660  	 900  	 6  	 3 
7	 CF149EH 	 1 	 1 	 600  	 840  	 9  	 4 
8	 CF144EH 	 1 	 9 	 660  	 900  	 6  	 3 
9	 CF147ET 	 1 	 7 	 720  	 960  	 8  	 4 
10	 CF52JQ 	 1 	 8 	 660  	 900  	 9  	 4 
11	 CF145HQ	 1 	 6 	 540  	 780  	 7  	 3 
12	 CF147TQ 	 1 	 8 	 600  	 840  	 10  	 5 
13	 CF145FR 	 1 	 5 	 540  	 780  	 6  	 3 
14	 CF244PG 	 1 	 7 	 600  	 840  	 5  	 2 
15	 CF144JX 	 1 	 9 	 600  	 840  	 8  	 4 
16	 CF52YH 	 1 	 5 	 660  	 900  	 7  	 3 
17	 CF145QP	1 	 1 	 540  	 780  	 8  	 4 
18	 CF142HF 	 1 	 7 	 720  	 960  	 6  	 3 
19	 CF140NR	1 	 2 	 660  	 900  	 9  	 4 
20	 CF148NJ 	 1 	 6 	 720  	 960  	 5  	 2 
21	 CF141US 	 1 	 3 	 540  	 780  	 8  	 4 
22	 CF145EU 	 1 	 3 	 660  	 900  	 10  	 5 
23	 CF244AT 	 1 	 9 	 540  	 780  	 9  	 4 
24	 CF141PR 	 1 	 2 	 600  	 840  	 7  	 3 
25	 CF144NP	1 	 3 	 660  	 900  	 9  	 4 
