25

1200
32
10
500

0	5741	2182	2309	2172	1667	2123	2245	3427	4873	1721	4811	4290	3126	3128	3047	3202	3329	2592	5099	1982	2289	3698	1863	2538	3439	
5741	0	4250	5026	4372	5770	3650	4331	2439	2436	4925	1019	2310	2642	3202	3168	3340	3220	4146	642	4789	5544	3131	5505	3225	2697	
2182	4250	0	3411	137	1530	1688	146	1828	2797	2828	3537	2303	1764	1118	2766	3113	3171	424	3652	2959	3702	1573	1255	1372	2880	
2309	5026	3411	0	3494	3778	1973	3545	3434	5221	632	4007	4558	3026	3748	1861	1715	1850	3798	4438	452	519	4372	3842	2651	2328	
2172	4372	137	3494	0	1419	1807	73	1956	2867	2902	3669	2393	1900	1219	2895	3239	3299	421	3777	3042	3771	1637	1134	1508	3015	
1667	5770	1530	3778	1419	0	2712	1472	3336	4227	3147	5014	3798	3210	2637	3848	4127	4222	1746	5163	3372	3873	3000	347	2707	4094	
2123	3650	1688	1973	1807	2712	0	1834	1549	3292	1546	2694	2634	1160	1778	1141	1451	1529	1993	3009	1554	2396	2399	2602	683	1402	
2245	4331	146	3545	73	1472	1834	0	1923	2801	2957	3640	2333	1881	1165	2911	3258	3316	349	3740	3093	3828	1570	1179	1509	3020	
3427	2439	1828	3434	1956	3336	1549	1923	0	1792	3081	1722	1129	408	919	1871	2238	2212	1797	1827	3054	3899	1258	3081	918	1669	
4873	2436	2797	5221	2867	4227	3292	2801	1792	0	4838	2457	664	2198	1744	3618	3965	3916	2488	2170	4830	5676	1232	3897	2615	3327	
1721	4925	2828	632	2902	3147	1546	2957	3081	4838	0	3912	4179	2681	3271	1801	1785	1926	3227	4309	266	885	3902	3210	2226	2273	
4811	1019	3537	4007	3669	5014	2694	3640	1722	2457	3912	0	2065	1807	2608	2148	2329	2213	3517	476	3772	4525	2730	4781	2356	1679	
4290	2310	2303	4558	2393	3798	2634	2333	1129	664	4179	2065	0	1535	1194	2972	3326	3284	2057	1888	4168	5014	860	3484	1960	2705	
3126	2642	1764	3026	1900	3210	1160	1881	408	2198	2681	1807	1535	0	1090	1501	1875	1864	1829	2007	2648	3492	1562	2987	589	1362	
3128	3202	1118	3748	1219	2637	1778	1165	919	1744	3271	2608	1194	1090	0	2522	2900	2909	945	2638	3318	4147	632	2340	1128	2445	
3047	3168	2766	1861	2895	3848	1141	2911	1871	3618	1801	2148	2972	1501	2522	0	378	406	3009	2577	1634	2379	3055	3742	1463	475	
3202	3340	3113	1715	3239	4127	1451	3258	2238	3965	1785	2329	3326	1875	2900	378	0	141	3370	2782	1577	2232	3432	4042	1834	685	
3329	3220	3171	1850	3299	4222	1529	3316	2212	3916	1926	2213	3284	1864	2909	406	141	0	3414	2670	1718	2366	3425	4128	1867	602	
2592	4146	424	3798	421	1746	1993	349	1797	2488	3227	3517	2057	1829	945	3009	3370	3414	0	3577	3347	4106	1257	1427	1558	3064	
5099	642	3652	4438	3777	5163	3009	3740	1827	2170	4309	476	1888	2007	2638	2577	2782	2670	3577	0	4183	4955	2648	4907	2587	2117	
1982	4789	2959	452	3042	3372	1554	3093	3054	4830	266	3772	4168	2648	3318	1634	1577	1718	3347	4183	0	846	3945	3418	2236	2110	
2289	5544	3702	519	3771	3873	2396	3828	3899	5676	885	4525	5014	3492	4147	2379	2232	2366	4106	4955	846	0	4777	3981	3079	2847	
3698	3131	1573	4372	1637	3000	2399	1570	1258	1232	3902	2730	860	1562	632	3055	3432	3425	1257	2648	3945	4777	0	2674	1732	2913	
1863	5505	1255	3842	1134	347	2602	1179	3081	3897	3210	4781	3484	2987	2340	3742	4042	4128	1427	4907	3418	3981	2674	0	2516	3954	
2538	3225	1372	2651	1508	2707	683	1509	918	2615	2226	2356	1960	589	1128	1463	1834	1867	1558	2587	2236	3079	1732	2516	0	1514	
3439	2697	2880	2328	3015	4094	1402	3020	1669	3327	2273	1679	2705	1362	2445	475	685	602	3064	2117	2110	2847	2913	3954	1514	0	


0	 CF51DG 	 0 	 0 	 540  	 1080  	 0  	 0 

1	 CF149HR 	 1 	 10 	 600  	 840  	 5  	 2 
2	 CF142LH 	 1 	 10 	 720  	 960  	 7  	 3 
3	 CF244PA 	 1 	 6 	 720  	 960  	 6  	 3 
4	 CF142LY 	 1 	 8 	 720  	 960  	 5  	 2 
5	 CF52LJ 	 1 	 2 	 720  	 960  	 8  	 4 
6	 CF141HX 	 1 	 1 	 540  	 780  	 10  	 5 
7	 CF142LU 	 1 	 8 	 540  	 780  	 9  	 4 
8	 CF146DB 	 0 	 17 	 600  	 840  	 10  	 5 
9	 CF147HQ	1 	 10 	 540  	 780  	 8  	 4 
10	 CF244LT 	 0 	 2 	 540  	 780  	 10  	 5 
11	 CF145BW	 1 	 6 	 720  	 960  	 6  	 3 
12	 CF146HW	1 	 9 	 720  	 960  	 9  	 4 
13	 CF141UF 	 1 	 7 	 600  	 840  	 9  	 4 
14	 CF141BY 	 0 	 3 	 660  	 900  	 7  	 3 
15	 CF144AW	1 	 4 	 720  	 960  	 7  	 3 
16	 CF143RL 	 1 	 8 	 720  	 960  	 8  	 4 
17	 CF143QJ 	 1 	 5 	 720  	 960  	 9  	 4 
18	 CF142FR 	 1 	 7 	 600  	 840  	 6  	 3 
19	 CF145JY 	 1 	 5 	 720  	 960  	 9  	 4 
20	 CF244JZ 	 1 	 3 	 660  	 900  	 8  	 4 
21	 CF244BY 	 1 	 5 	 660  	 900  	 9  	 4 
22	 CF147AU	1 	 2 	 600  	 840  	 8  	 4 
23	 CF52NN 	 1 	 7 	 540  	 780  	 6  	 3 
24	 CF141SA 	 1 	 5 	 600  	 840  	 10  	 5 
25	 CF144BS 	 1 	 3 	 600  	 840  	 7  	 3 
