25

1200
32
10
500

0	2646	553	2358	2059	2836	1139	1629	2254	1059	1880	2026	2658	1622	981	3285	3811	2059	1400	1527	1011	4084	1520	1930	1054	1090	
2646	0	2306	2063	1464	1830	2365	3930	1864	1744	1125	1830	2561	1095	3623	886	5110	1464	2576	1213	2442	1513	2269	1011	1624	2350	
553	2306	0	1805	1527	2290	627	2183	1702	585	1754	2108	2117	1408	1444	2851	3531	1527	925	1110	1339	3670	1755	1773	897	575	
2358	2063	1805	0	645	641	1293	3988	208	1448	2450	3161	510	2062	3153	1968	3121	644	1209	1408	2941	2739	3159	2378	2034	1329	
2059	1464	1527	645	0	810	1214	3659	437	1023	1816	2544	1154	1440	2964	1562	3652	1	1294	813	2457	2388	2606	1740	1501	1226	
2836	1830	2290	641	810	0	1861	4453	623	1826	2502	3262	920	2169	3698	1487	3635	810	1827	1597	3266	2187	3391	2410	2302	1889	
1139	2365	627	1293	1214	1861	0	2744	1240	726	2105	2598	1529	1707	1861	2724	3025	1214	319	1179	1955	3558	2335	2092	1328	52	
1629	3930	2183	3988	3659	4453	2744	0	3881	2638	2894	2568	4273	2836	1112	4704	4923	3660	2964	3016	1508	5440	1883	2990	2354	2698	
2254	1864	1702	208	437	623	1240	3881	0	1298	2247	2963	718	1863	3087	1816	3293	437	1209	1214	2784	2606	2982	2173	1860	1270	
1059	1744	585	1448	1023	1826	726	2638	1298	0	1379	1914	1859	981	2012	2266	3741	1024	1024	534	1494	3085	1756	1366	654	691	
1880	1125	1754	2450	1816	2502	2105	2894	2247	1379	0	771	2949	412	2789	1999	5115	1817	2402	1071	1385	2617	1146	115	863	2068	
2026	1830	2108	3161	2544	3262	2598	2568	2963	1914	771	0	3647	1104	2765	2716	5617	2545	2914	1753	1174	3250	687	877	1271	2553	
2658	2561	2117	510	1154	920	1529	4273	718	1859	2949	3647	0	2556	3355	2384	2714	1154	1343	1895	3344	3107	3604	2881	2480	1575	
1622	1095	1408	2062	1440	2169	1707	2836	1863	981	412	1104	2556	0	2577	1895	4707	1441	1998	665	1360	2604	1284	385	567	1672	
981	3623	1444	3153	2964	3698	1861	1112	3087	2012	2789	2765	3355	2577	0	4262	3813	2964	2012	2503	1599	5064	2132	2854	2013	1825	
3285	886	2851	1968	1562	1487	2724	4704	1816	2266	1999	2716	2384	1895	4262	0	5084	1563	2850	1759	3253	834	3133	1884	2351	2725	
3811	5110	3531	3121	3652	3635	3025	4923	3293	3741	5115	5617	2714	4707	3813	5084	0	3651	2717	4099	4811	5821	5277	5090	4351	3068	
2059	1464	1527	644	1	810	1214	3660	437	1024	1817	2545	1154	1441	2964	1563	3651	0	1294	813	2458	2388	2607	1740	1501	1226	
1400	2576	925	1209	1294	1827	319	2964	1209	1024	2402	2914	1343	1998	2012	2850	2717	1294	0	1430	2263	3679	2652	2383	1643	368	
1527	1213	1110	1408	813	1597	1179	3016	1214	534	1071	1753	1895	665	2503	1759	4099	813	1430	0	1691	2567	1797	1019	716	1157	
1011	2442	1339	2941	2457	3266	1955	1508	2784	1494	1385	1174	3344	1360	1599	3253	4811	2458	2263	1691	0	3956	541	1483	975	1903	
4084	1513	3670	2739	2388	2187	3558	5440	2606	3085	2617	3250	3107	2604	5064	834	5821	2388	3679	2567	3956	0	3762	2506	3108	3559	
1520	2269	1755	3159	2606	3391	2335	1883	2982	1756	1146	687	3604	1284	2132	3133	5277	2607	2652	1797	541	3762	0	1259	1126	2284	
1930	1011	1773	2378	1740	2410	2092	2990	2173	1366	115	877	2881	385	2854	1884	5090	1740	2383	1019	1483	2506	1259	0	894	2057	
1054	1624	897	2034	1501	2302	1328	2354	1860	654	863	1271	2480	567	2013	2351	4351	1501	1643	716	975	3108	1126	894	0	1284	
1090	2350	575	1329	1226	1889	52	2698	1270	691	2068	2553	1575	1672	1825	2725	3068	1226	368	1157	1903	3559	2284	2057	1284	0	


0	 CF141DH	0 	 0 	 540  	 1080  	 0  	 0 

1	 CF145HS 	 1 	 7 	 540  	 780  	 6  	 3 
2	 CF141QF 	 1 	 9 	 600  	 840  	 5  	 2 
3	 CF144HX 	 1 	 3 	 600  	 840  	 6  	 3 
4	 CF148NN	1 	 6 	 540  	 780  	 10  	 5 
5	 CF145QG	1 	 2 	 720  	 960  	 5  	 2 
6	 CF141UB 	 0 	 21 	 540  	 780  	 6  	 3 
7	 CF52PF 	 1 	 10 	 540  	 780  	 5  	 2 
8	 CF144HZ 	 1 	 5 	 660  	 900  	 5  	 2 
9	 CF141UU	 1 	 7 	 540  	 780  	 7  	 3 
10	 CF146SA 	 1 	 1 	 540  	 780  	 5  	 2 
11	 CF147TL 	 0 	 4 	 600  	 840  	 7  	 3 
12	 CF235QA	 1 	 1 	 600  	 840  	 10  	 5 
13	 CF146JS 	 1 	 8 	 600  	 840  	 9  	 4 
14	 CF142LY 	 1 	 6 	 720  	 960  	 10  	 5 
15	 CF149BN	1 	 7 	 720  	 960  	 9  	 4 
16	 CF244BD 	 0 	 12 	 600  	 840  	 8  	 4 
17	 CF148AT 	 1 	 3 	 600  	 840  	 10  	 5 
18	 CF144AG	1 	 3 	 540  	 780  	 7  	 3 
19	 CF144SS 	 1 	 10 	 720  	 960  	 8  	 4 
20	 CF147BL 	 1 	 9 	 660  	 900  	 6  	 3 
21	 CF149HB 	 1 	 5 	 720  	 960  	 10  	 5 
22	 CF147TH 	 0 	 24 	 720  	 960  	 10  	 5 
23	 CF146LJ 	 1 	 5 	 720  	 960  	 9  	 4 
24	 CF146EQ 	 1 	 2 	 660  	 900  	 7  	 3 
25	 CF141TW	1 	 5 	 720  	 960  	 7  	 3 
