25

1200
32
10
500

0	3799	3583	2758	1618	1736	971	3011	3546	2147	1137	2793	2700	1733	1893	3256	2037	2916	4032	674	1578	1115	2564	1343	2957	2840	
3799	0	246	4747	3265	3724	4743	803	4078	2799	3876	1087	4177	4322	3195	581	3041	2421	439	4230	3218	2722	5273	3448	5044	3492	
3583	246	0	4642	3019	3477	4533	574	4047	2554	3634	845	4087	4173	2949	340	2796	2382	509	4000	2972	2497	5136	3290	4939	3429	
2758	4747	4642	0	4237	4461	2650	4223	1521	4583	3893	4209	639	1037	4482	4437	4569	2481	5148	3320	4182	3215	902	1668	297	1446	
1618	3265	3019	4237	0	469	2416	2498	4684	659	789	2187	4033	3265	280	2688	457	3532	3327	1492	66	1164	4164	2611	4471	3911	
1736	3724	3477	4461	469	0	2386	2963	5024	1010	658	2650	4313	3455	563	3148	758	3951	3770	1420	527	1554	4297	2888	4677	4259	
971	4743	4533	2650	2416	2386	0	3964	3796	3018	1728	3757	2819	1661	2695	4211	2867	3565	4992	967	2393	2085	2148	1789	2762	3206	
3011	803	574	4223	2498	2963	3964	0	3786	2090	3080	319	3702	3679	2455	248	2319	2137	1035	3427	2447	1923	4658	2787	4519	3109	
3546	4078	4047	1521	4684	5024	3796	3786	0	4834	4586	3888	1022	2177	4874	3943	4899	1666	4514	4206	4620	3528	2423	2205	1696	778	
2147	2799	2554	4583	659	1010	3018	2090	4834	0	1447	1771	4299	3671	448	2242	255	3504	2799	2127	656	1372	4617	2919	4838	4056	
1137	3876	3634	3893	789	658	1728	3080	4586	1447	0	2789	3803	2869	1041	3295	1237	3686	3993	763	795	1334	3671	2397	4093	3841	
2793	1087	845	4209	2187	2650	3757	319	3888	1771	2789	0	3720	3596	2137	506	1999	2272	1244	3172	2137	1687	4586	2701	4502	3180	
2700	4177	4087	639	4033	4313	2819	3702	1022	4299	3803	3720	0	1170	4257	3904	4317	1857	4588	3328	3973	2932	1477	1426	912	807	
1733	4322	4173	1037	3265	3455	1661	3679	2177	3671	2869	3596	1170	0	3523	3915	3627	2415	4680	2283	3214	2333	997	895	1225	1704	
1893	3195	2949	4482	280	563	2695	2455	4874	448	1041	2137	4257	3523	0	2626	203	3657	3221	1765	315	1347	4432	2842	4722	4098	
3256	581	340	4437	2688	3148	4211	248	3943	2242	3295	506	3904	3915	2626	0	2479	2282	787	3663	2639	2163	4890	3025	4733	3287	
2037	3041	2796	4569	457	758	2867	2319	4899	255	1237	1999	4317	3627	203	2479	0	3629	3051	1949	474	1388	4553	2915	4815	4122	
2916	2421	2382	2481	3532	3951	3565	2137	1666	3504	3686	2272	1857	2415	3657	2282	3629	0	2854	3573	3466	2401	3189	1794	2766	1095	
4032	439	509	5148	3327	3770	4992	1035	4514	2799	3993	1244	4588	4680	3221	787	3051	2854	0	4412	3286	2930	5644	3795	5445	3917	
674	4230	4000	3320	1492	1420	967	3427	4206	2127	763	3172	3328	2283	1765	3663	1949	3573	4412	0	1479	1513	2991	2010	3490	3510	
1578	3218	2972	4182	66	527	2393	2447	4620	656	795	2137	3973	3214	315	2639	474	3466	3286	1479	0	1099	4118	2553	4418	3847	
1115	2722	2497	3215	1164	1554	2085	1923	3528	1372	1334	1687	2932	2333	1347	2163	1388	2401	2930	1513	1099	0	3307	1548	3474	2752	
2564	5273	5136	902	4164	4297	2148	4658	2423	4617	3671	4586	1477	997	4432	4890	4553	3189	5644	2991	4118	3307	0	1887	805	2253	
1343	3448	3290	1668	2611	2888	1789	2787	2205	2919	2397	2701	1426	895	2842	3025	2915	1794	3795	2010	2553	1548	1887	0	1933	1501	
2957	5044	4939	297	4471	4677	2762	4519	1696	4838	4093	4502	912	1225	4722	4733	4815	2766	5445	3490	4418	3474	805	1933	0	1713	
2840	3492	3429	1446	3911	4259	3206	3109	778	4056	3841	3180	807	1704	4098	3287	4122	1095	3917	3510	3847	2752	2253	1501	1713	0	


0	 CF141PJ 	 0 	 0 	 540  	 1080  	 0  	 0 

1	 CF244DJ 	 1 	 10 	 600  	 840  	 5  	 2 
2	 CF244DP 	 1 	 7 	 540  	 780  	 8  	 4 
3	 CF146PG 	 0 	 7 	 660  	 900  	 9  	 4 
4	 CF52AW 	 1 	 3 	 540  	 780  	 8  	 4 
5	 CF52HN 	 1 	 8 	 600  	 840  	 7  	 3 
6	 CF142TG 	 1 	 2 	 540  	 780  	 5  	 2 
7	 CF244LY 	 1 	 10 	 600  	 840  	 8  	 4 
8	 CF145ND	1 	 9 	 720  	 960  	 6  	 3 
9	 CF52AG 	 1 	 6 	 540  	 780  	 5  	 2 
10	 CF52QA 	 1 	 2 	 540  	 780  	 9  	 4 
11	 CF103DZ 	 1 	 2 	 660  	 900  	 8  	 4 
12	 CF145ZL 	 1 	 6 	 600  	 840  	 10  	 5 
13	 CF146YF 	 0 	 16 	 660  	 900  	 8  	 4 
14	 CF52BT 	 1 	 2 	 720  	 960  	 8  	 4 
15	 CF244JP 	 1 	 1 	 540  	 780  	 9  	 4 
16	 CF52AP 	 1 	 1 	 720  	 960  	 5  	 2 
17	 CF143QH	1 	 4 	 600  	 840  	 10  	 5 
18	 CF244AP 	 1 	 8 	 720  	 960  	 8  	 4 
19	 CF142FX 	 1 	 6 	 660  	 900  	 5  	 2 
20	 CF52DP 	 1 	 9 	 720  	 960  	 5  	 2 
21	 CF142SQ 	 1 	 5 	 600  	 840  	 6  	 3 
22	 CF146SE 	 1 	 3 	 540  	 780  	 8  	 4 
23	 CF141TY 	 1 	 10 	 660  	 900  	 8  	 4 
24	 CF146QA	1 	 2 	 540  	 780  	 5  	 2 
25	 CF145LH 	 1 	 10 	 540  	 780  	 6  	 3 
