25

1200
32
10
500

0	2960	2136	2618	685	542	2516	644	1282	1569	984	195	1197	1138	2748	1438	1928	1684	1887	3601	1677	2668	1335	1798	2549	2837	
2960	0	4214	5577	3630	2424	2633	2875	3039	2466	3033	2768	3150	3609	2646	1952	4020	3537	4693	6048	3347	344	2975	4752	524	521	
2136	4214	0	2835	1843	2437	4624	2776	3401	3681	3096	2185	3293	1010	4846	2269	3827	3725	1387	1854	3764	3870	1247	2421	4007	4332	
2618	5577	2835	0	1970	3152	4453	2812	3032	3676	2834	2812	2864	2409	4693	3917	2614	2904	1448	2719	3089	5286	3237	828	5149	5420	
685	3630	1843	1970	0	1225	3051	1135	1667	2122	1367	869	1531	878	3291	1964	1984	1906	1244	3045	1974	3329	1489	1174	3231	3521	
542	2424	2437	3152	1225	0	2202	674	1243	1279	1014	358	1228	1506	2416	1097	2102	1749	2397	4039	1674	2139	1397	2328	2008	2296	
2516	2633	4624	4453	3051	2202	0	1921	1449	948	1711	2441	1614	3648	244	2925	2020	1591	4284	6090	1385	2615	3580	3703	2141	2145	
644	2875	2776	2812	1135	674	1921	0	643	987	361	655	581	1772	2159	1770	1429	1096	2377	4169	1054	2632	1934	1992	2399	2642	
1282	3039	3401	3032	1667	1243	1449	643	0	673	306	1295	167	2392	1693	2303	991	540	2867	4705	431	2854	2572	2261	2526	2709	
1569	2466	3681	3676	2122	1279	948	987	673	0	845	1496	831	2701	1180	2143	1578	1088	3363	5151	887	2324	2674	2884	1942	2089	
984	3033	3096	2834	1367	1014	1711	361	306	845	0	1014	220	2087	1954	2102	1104	738	2580	4410	696	2819	2292	2039	2534	2747	
195	2768	2185	2812	869	358	2441	655	1295	1496	1014	0	1233	1211	2667	1266	2024	1740	2044	3718	1709	2474	1279	1993	2362	2652	
1197	3150	3293	2864	1531	1228	1614	581	167	831	220	1233	0	2284	1857	2311	917	521	2717	4561	480	2953	2511	2094	2642	2836	
1138	3609	1010	2409	878	1506	3648	1772	2392	2701	2087	1211	2284	0	3876	1699	2849	2720	1141	2543	2755	3275	836	1765	3308	3626	
2748	2646	4846	4693	3291	2416	244	2159	1693	1180	1954	2667	1857	3876	0	3092	2235	1820	4526	6328	1617	2660	3783	3946	2175	2142	
1438	1952	2269	3917	1964	1097	2925	1770	2303	2143	2102	1266	2311	1699	3092	0	3198	2828	2827	4096	2731	1610	1025	3138	1748	2072	
1928	4020	3827	2614	1984	2102	2020	1429	991	1578	1104	2024	917	2849	2235	3198	0	490	2942	4795	700	3844	3258	2012	3502	3665	
1684	3537	3725	2904	1906	1749	1591	1096	540	1088	738	1740	521	2720	1820	2828	490	0	3005	4867	216	3369	3013	2212	3017	3176	
1887	4693	1387	1448	1244	2397	4284	2377	2867	3363	2580	2044	2717	1141	4526	2827	2942	3005	0	1863	3116	4368	1959	1131	4349	4656	
3601	6048	1854	2719	3045	4039	6090	4169	4705	5151	4410	3718	4561	2543	6328	4096	4795	4867	1863	0	4974	5705	3073	2861	5807	6130	
1677	3347	3764	3089	1974	1674	1385	1054	431	887	696	1709	480	2755	1617	2731	700	216	3116	4974	0	3190	2988	2376	2826	2976	
2668	344	3870	5286	3329	2139	2615	2632	2854	2324	2819	2474	2953	3275	2660	1610	3844	3369	4368	5705	3190	0	2632	4465	491	679	
1335	2975	1247	3237	1489	1397	3580	1934	2572	2674	2292	1279	2511	836	3783	1025	3258	3013	1959	3073	2988	2632	0	2554	2760	3085	
1798	4752	2421	828	1174	2328	3703	1992	2261	2884	2039	1993	2094	1765	3946	3138	2012	2212	1131	2861	2376	4465	2554	0	4321	4592	
2549	524	4007	5149	3231	2008	2141	2399	2526	1942	2534	2362	2642	3308	2175	1748	3502	3017	4349	5807	2826	491	2760	4321	0	325	
2837	521	4332	5420	3521	2296	2145	2642	2709	2089	2747	2652	2836	3626	2142	2072	3665	3176	4656	6130	2976	679	3085	4592	325	0	


0	 CF144RA 	 0 	 0 	 540  	 1080  	 0  	 0 

1	 CF244BU 	 1 	 1 	 720  	 960  	 10  	 5 
2	 CF145NB	1 	 4 	 660  	 900  	 6  	 3 
3	 CF146UF 	 1 	 10 	 720  	 960  	 7  	 3 
4	 CF146AB 	 1 	 7 	 720  	 960  	 10  	 5 
5	 CF144AR 	 1 	 9 	 600  	 840  	 8  	 4 
6	 CF52AB 	 1 	 2 	 660  	 900  	 9  	 4 
7	 CF141HP 	 1 	 3 	 660  	 900  	 9  	 4 
8	 CF142PU 	 1 	 4 	 660  	 900  	 9  	 4 
9	 CF142QY	1 	 10 	 660  	 900  	 7  	 3 
10	 CF141JZ 	 1 	 8 	 660  	 900  	 6  	 3 
11	 CF144QA	1 	 7 	 720  	 960  	 7  	 3 
12	 CF141JP 	 1 	 8 	 720  	 960  	 6  	 3 
13	 CF148NN	1 	 9 	 600  	 840  	 7  	 3 
14	 CF52AH 	 1 	 7 	 600  	 840  	 9  	 4 
15	 CF143RB 	 1 	 7 	 540  	 780  	 8  	 4 
16	 CF142EZ 	 1 	 2 	 720  	 960  	 10  	 5 
17	 CF142LQ 	 0 	 20 	 600  	 840  	 9  	 4 
18	 CF146QS 	 1 	 10 	 660  	 900  	 8  	 4 
19	 CF149JB 	 1 	 9 	 600  	 840  	 7  	 3 
20	 CF142HS 	 1 	 9 	 660  	 900  	 8  	 4 
21	 CF244LX 	 1 	 8 	 600  	 840  	 6  	 3 
22	 CF144HP 	 1 	 2 	 600  	 840  	 10  	 5 
23	 CF146HT 	 1 	 7 	 540  	 780  	 10  	 5 
24	 CF244HQ	1 	 6 	 660  	 900  	 7  	 3 
25	 CF103EE 	 1 	 3 	 540  	 780  	 5  	 2 
