25

1200
32
10
500

0	1205	3830	1496	2083	2264	1147	4023	261	3613	862	1019	1273	168	1158	2215	1177	1570	3972	2486	3511	1308	2384	2171	703	1567	
1205	0	2665	1840	957	3257	1378	3609	1449	3349	455	1976	2478	1054	743	3392	2200	1725	3605	1285	2343	2043	3585	1032	1168	2106	
3830	2665	0	3677	1748	5458	3391	3276	4087	3468	3106	4633	5074	3696	3191	6043	4572	3423	3385	1425	322	4181	6139	2084	3503	4028	
1496	1840	3677	0	2141	1797	466	2718	1635	2230	1875	2431	2019	1559	2324	3074	1160	266	2636	2706	3402	600	2789	2804	839	351	
2083	957	1748	2141	0	3835	1764	3044	2341	2923	1411	2929	3327	1953	1613	4298	2873	1927	3077	570	1431	2552	4401	986	1789	2478	
2264	3257	5458	1797	3835	0	2079	4110	2169	3538	3063	2598	1545	2423	3418	2169	1090	2062	3986	4372	5173	1285	1459	4288	2100	1451	
1147	1378	3391	466	1764	2079	0	2901	1335	2470	1416	2143	1944	1175	1868	3009	1218	433	2840	2315	3100	794	2858	2357	445	742	
4023	3609	3276	2718	3044	4110	2901	0	4231	582	3941	5037	4736	4013	4342	5783	3853	2528	159	3429	3211	3275	5403	4029	3329	2916	
261	1449	4087	1635	2341	2169	1335	4231	0	3803	1075	809	1041	395	1309	1957	1107	1742	4174	2733	3767	1354	2160	2387	902	1654	
3613	3349	3468	2230	2923	3538	2470	582	3803	0	3635	4612	4232	3622	4059	5267	3336	2068	448	3378	3351	2760	4853	3903	2910	2394	
862	455	3106	1875	1411	3063	1416	3941	1075	3635	0	1528	2116	695	454	2979	1978	1822	3924	1705	2784	1939	3234	1313	1080	2081	
1019	1976	4633	2431	2929	2598	2143	5037	809	4612	1528	0	1107	1065	1524	1567	1685	2549	4982	3223	4311	2080	2086	2725	1708	2413	
1273	2478	5074	2019	3327	1545	1944	4736	1041	4232	2116	1107	0	1429	2319	1066	913	2230	4649	3755	4758	1476	1119	3428	1638	1846	
168	1054	3696	1559	1953	2423	1175	4013	395	3622	695	1065	1429	0	995	2347	1334	1606	3968	2338	3375	1426	2544	2006	733	1661	
1158	743	3191	2324	1613	3418	1868	4342	1309	4059	454	1524	2319	995	0	3067	2328	2276	4332	1766	2873	2354	3432	1203	1516	2519	
2215	3392	6043	3074	4298	2169	3009	5783	1957	5267	2979	1567	1066	2347	3067	0	1932	3292	5692	4676	5723	2509	871	4252	2686	2873	
1177	2200	4572	1160	2873	1090	1218	3853	1107	3336	1978	1685	913	1334	2328	1932	0	1401	3760	3379	4270	578	1648	3228	1086	942	
1570	1725	3423	266	1927	2062	433	2528	1742	2068	1822	2549	2230	1606	2276	3292	1401	0	2456	2496	3152	857	3041	2645	873	611	
3972	3605	3385	2636	3077	3986	2840	159	4174	448	3924	4982	4649	3968	4332	5692	3760	2456	0	3482	3309	3183	5294	4063	3274	2820	
2486	1285	1425	2706	570	4372	2315	3429	2733	3378	1705	3223	3755	2338	1766	4676	3379	2496	3482	0	1107	3095	4852	738	2295	3039	
3511	2343	322	3402	1431	5173	3100	3211	3767	3351	2784	4311	4758	3375	2873	5723	4270	3152	3309	1107	0	3892	5827	1783	3197	3753	
1308	2043	4181	600	2552	1285	794	3275	1354	2760	1939	2080	1476	1426	2354	2509	578	857	3183	3095	3892	0	2190	3065	878	370	
2384	3585	6139	2789	4401	1459	2858	5403	2160	4853	3234	2086	1119	2544	3432	871	1648	3041	5294	4852	5827	2190	0	4546	2645	2515	
2171	1032	2084	2804	986	4288	2357	4029	2387	3903	1313	2725	3428	2006	1203	4252	3228	2645	4063	738	1783	3065	4546	0	2196	3098	
703	1168	3503	839	1789	2100	445	3329	902	2910	1080	1708	1638	733	1516	2686	1086	873	3274	2295	3197	878	2645	2196	0	1003	
1567	2106	4028	351	2478	1451	742	2916	1654	2394	2081	2413	1846	1661	2519	2873	942	611	2820	3039	3753	370	2515	3098	1003	0	


0	 CF146HB 	 0 	 0 	 540  	 1080  	 0  	 0 

1	 CF141XQ	1 	 9 	 660  	 900  	 7  	 3 
2	 CF52JH 	 1 	 1 	 600  	 840  	 9  	 4 
3	 CF144JR 	 1 	 9 	 720  	 960  	 7  	 3 
4	 CF142NY	0 	 7 	 600  	 840  	 6  	 3 
5	 CF145HU	1 	 9 	 660  	 900  	 9  	 4 
6	 CF144QE 	 1 	 2 	 600  	 840  	 10  	 5 
7	 CF244LX 	 1 	 2 	 720  	 960  	 6  	 3 
8	 CF146JQ 	 1 	 3 	 660  	 900  	 8  	 4 
9	 CF244RB 	 1 	 2 	 600  	 840  	 9  	 4 
10	 CF147AS 	 1 	 6 	 720  	 960  	 7  	 3 
11	 CF146TT 	 1 	 5 	 600  	 840  	 8  	 4 
12	 CF145HL 	 1 	 5 	 720  	 960  	 7  	 3 
13	 CF146DZ 	 1 	 7 	 660  	 900  	 5  	 2 
14	 CF147BR 	 1 	 7 	 600  	 840  	 10  	 5 
15	 CF149UA	1 	 9 	 540  	 780  	 8  	 4 
16	 CF145XZ 	 1 	 9 	 540  	 780  	 9  	 4 
17	 CF144JX 	 1 	 6 	 720  	 960  	 10  	 5 
18	 CF244PB 	 1 	 2 	 720  	 960  	 10  	 5 
19	 CF142JH 	 1 	 6 	 720  	 960  	 5  	 2 
20	 CF52HW 	 1 	 6 	 600  	 840  	 6  	 3 
21	 CF148NA	1 	 5 	 660  	 900  	 7  	 3 
22	 CF149HZ 	 1 	 9 	 660  	 900  	 6  	 3 
23	 CF142FT 	 1 	 7 	 720  	 960  	 6  	 3 
24	 CF146AB 	 1 	 3 	 600  	 840  	 6  	 3 
25	 CF144HD	1 	 4 	 720  	 960  	 8  	 4 
