25

1200
32
10
500

0	3422	1657	708	1945	2447	1345	1697	4005	2762	1869	3812	4854	1175	801	1205	1970	1962	3891	1179	1072	3531	639	1162	1595	1179	
3422	0	4114	2715	1855	2746	2232	2788	671	2388	3292	414	5658	2663	2681	2771	2225	2925	482	2735	2735	3436	3968	3542	2050	3952	
1657	4114	0	1954	2265	1874	1957	3285	4778	2372	1008	4422	3320	2700	1751	2773	3415	1386	4507	1412	1450	2590	1982	632	2083	497	
708	2715	1954	0	1351	2113	751	1385	3299	2320	1777	3107	4856	781	291	885	1461	1722	3185	872	753	3245	1282	1337	996	1567	
1945	1855	2265	1351	0	1154	607	2328	2523	1112	1459	2158	4207	1835	1150	1974	2045	1124	2243	940	980	2209	2578	1719	356	2149	
2447	2746	1874	2113	1154	0	1463	3355	3405	510	867	2940	3056	2794	1830	2926	3156	535	3021	1284	1402	1135	3059	1614	1324	2027	
1345	2232	1957	751	607	1463	0	1892	2873	1595	1395	2586	4397	1337	546	1471	1739	1193	2670	548	515	2593	1974	1344	252	1729	
1697	2788	3285	1385	2328	3355	1892	0	3159	3434	3151	3198	6226	604	1659	512	581	3047	3255	2226	2114	4481	1833	2695	2051	2843	
4005	671	4778	3299	2523	3405	2873	3159	0	3025	3963	539	6268	3140	3294	3232	2578	3596	489	3389	3383	4035	4518	4198	2704	4601	
2762	2388	2372	2320	1112	510	1595	3434	3025	0	1363	2533	3289	2917	2059	3054	3153	998	2611	1584	1690	1136	3393	2061	1393	2489	
1869	3292	1008	1777	1459	867	1395	3151	3963	1363	0	3556	3078	2550	1494	2661	3105	395	3641	929	1038	1731	2415	821	1406	1190	
3812	414	4422	3107	2158	2940	2586	3198	539	2533	3556	0	5748	3077	3057	3185	2632	3177	85	3069	3079	3513	4368	3870	2388	4289	
4854	5658	3320	4856	4207	3056	4397	6226	6268	3289	3078	5748	0	5627	4572	5740	6136	3204	5819	4000	4113	2237	5285	3694	4324	3805	
1175	2663	2700	781	1835	2794	1337	604	3140	2917	2550	3077	5627	0	1057	139	801	2460	3145	1629	1514	3927	1469	2100	1524	2273	
801	2681	1751	291	1150	1830	546	1659	3294	2059	1494	3057	4572	1057	0	1168	1680	1432	3138	582	463	2959	1429	1121	797	1410	
1205	2771	2773	885	1974	2926	1471	512	3232	3054	2661	3185	5740	139	1168	0	814	2583	3251	1746	1629	4060	1437	2183	1662	2334	
1970	2225	3415	1461	2045	3156	1739	581	2578	3153	3105	2632	6136	801	1680	814	0	2932	2686	2182	2086	4251	2251	2793	1834	3021	
1962	2925	1386	1722	1124	535	1193	3047	3596	998	395	3177	3204	2460	1432	2583	2932	0	3261	852	974	1569	2557	1080	1142	1497	
3891	482	4507	3185	2243	3021	2670	3255	489	2611	3641	85	5819	3145	3138	3251	2686	3261	0	3154	3163	3583	4445	3954	2472	4374	
1179	2735	1412	872	940	1284	548	2226	3389	1584	929	3069	4000	1629	582	1746	2182	852	3154	0	121	2400	1809	810	686	1220	
1072	2735	1450	753	980	1402	515	2114	3383	1690	1038	3079	4113	1514	463	1629	2086	974	3163	121	0	2520	1707	831	692	1218	
3531	3436	2590	3245	2209	1135	2593	4481	4035	1136	1731	3513	2237	3927	2959	4060	4251	1569	3583	2400	2520	0	4118	2553	2435	2897	
639	3968	1982	1282	2578	3059	1974	1833	4518	3393	2415	4368	5285	1469	1429	1437	2251	2557	4445	1809	1707	4118	0	1633	2226	1487	
1162	3542	632	1337	1719	1614	1344	2695	4198	2061	821	3870	3694	2100	1121	2183	2793	1080	3954	810	831	2553	1633	0	1494	444	
1595	2050	2083	996	356	1324	252	2051	2704	1393	1406	2388	4324	1524	797	1662	1834	1142	2472	686	692	2435	2226	1494	0	1903	
1179	3952	497	1567	2149	2027	1729	2843	4601	2489	1190	4289	3805	2273	1410	2334	3021	1497	4374	1220	1218	2897	1487	444	1903	0	


0	 CF142FY 	 0 	 0 	 540  	 1080  	 0  	 0 

1	 CF244JF 	 1 	 2 	 660  	 900  	 5  	 2 
2	 CF147AZ 	 1 	 10 	 600  	 840  	 7  	 3 
3	 CF142HJ 	 0 	 5 	 720  	 960  	 9  	 4 
4	 CF141EG 	 1 	 9 	 600  	 840  	 7  	 3 
5	 CF144NS 	 1 	 7 	 720  	 960  	 5  	 2 
6	 CF141EP 	 1 	 9 	 720  	 960  	 7  	 3 
7	 CF52JF 	 1 	 9 	 600  	 840  	 8  	 4 
8	 CF244AR 	 1 	 4 	 720  	 960  	 6  	 3 
9	 CF144JT 	 1 	 6 	 600  	 840  	 8  	 4 
10	 CF146BJ 	 1 	 8 	 660  	 900  	 5  	 2 
11	 CF244ND	1 	 1 	 720  	 960  	 8  	 4 
12	 CF149HN	1 	 1 	 720  	 960  	 9  	 4 
13	 CF52DN 	 1 	 5 	 540  	 780  	 10  	 5 
14	 CF142NY	1 	 8 	 600  	 840  	 10  	 5 
15	 CF52LL 	 1 	 9 	 540  	 780  	 5  	 2 
16	 CF52AG 	 1 	 7 	 660  	 900  	 8  	 4 
17	 CF141TD 	 1 	 7 	 600  	 840  	 10  	 5 
18	 CF244NB	1 	 9 	 600  	 840  	 6  	 3 
19	 CF142NW	1 	 7 	 660  	 900  	 10  	 5 
20	 CF141NP	0 	 19 	 600  	 840  	 10  	 5 
21	 CF145GH	1 	 4 	 660  	 900  	 8  	 4 
22	 CF52SN 	 1 	 5 	 540  	 780  	 6  	 3 
23	 CF142AE 	 1 	 5 	 720  	 960  	 8  	 4 
24	 CF141JR 	 1 	 9 	 660  	 900  	 9  	 4 
25	 CF142AY 	 1 	 9 	 720  	 960  	 7  	 3 
