25

1200
32
10
500

0	1214	1851	1196	1012	2904	4020	2269	1707	1384	1509	1986	3006	3158	1563	2412	3709	1991	1278	1573	3476	492	1909	674	2098	899	
1214	0	2866	2400	1900	1981	4692	3469	2454	2569	900	2364	3974	2111	2720	1397	4415	1326	1977	2458	2441	724	2228	1609	3306	894	
1851	2866	0	1477	971	3840	2382	1205	2903	845	3356	1488	1155	4245	631	3574	2055	3842	2691	506	4502	2218	1571	1263	1225	2062	
1196	2400	1477	0	1329	4040	3857	1227	1444	638	2485	2462	2495	4329	876	3585	3530	2901	1325	1562	4640	1687	2458	1228	1021	1990	
1012	1900	971	1329	0	2990	3008	1840	2481	998	2457	1149	2080	3360	1016	2659	2697	2951	2141	578	3638	1286	1131	342	1748	1096	
2904	1981	3840	4040	2990	0	4739	4827	4415	3952	2740	2573	4674	480	4003	607	4560	2982	3936	3335	666	2479	2430	2887	4723	2050	
4020	4692	2382	3857	3008	4739	0	3206	5282	3221	5411	2366	1566	5217	2991	4776	327	5905	5046	2464	5356	4233	2515	3347	3344	3799	
2269	3469	1205	1227	1840	4827	3206	0	2520	908	3684	2672	1657	5186	824	4468	2894	4117	2515	1638	5472	2748	2737	1969	215	2852	
1707	2454	2903	1444	2481	4415	5282	2520	0	2079	2000	3604	3937	4565	2320	3848	4956	2209	479	2890	4895	1983	3554	2221	2306	2572	
1384	2569	845	638	998	3952	3221	908	2079	0	2852	2015	1870	4296	243	3571	2894	3308	1918	1018	4588	1852	2043	1071	774	1950	
1509	900	3356	2485	2457	2740	5411	3684	2000	2852	0	3157	4508	2759	3053	2133	5116	495	1578	3035	3082	1181	3034	2122	3492	1672	
1986	2364	1488	2462	1149	2573	2366	2672	3604	2015	3157	0	2111	3028	1927	2478	2118	3639	3229	1038	3234	2028	153	1384	2652	1489	
3006	3974	1155	2495	2080	4674	1566	1657	3937	1870	4508	2111	0	5117	1627	4510	1271	4995	3786	1517	5338	3357	2248	2398	1814	3126	
3158	2111	4245	4329	3360	480	5217	5186	4565	4296	2759	3028	5117	0	4366	746	5036	2925	4088	3743	330	2701	2882	3225	5070	2357	
1563	2720	631	876	1016	4003	2991	824	2320	243	3053	1927	1627	4366	0	3652	2664	3517	2160	897	4649	2013	1972	1161	744	2045	
2412	1397	3574	3585	2659	607	4776	4468	3848	3571	2133	2478	4510	746	3652	0	4563	2381	3369	3080	1066	1957	2326	2500	4344	1623	
3709	4415	2055	3530	2697	4560	327	2894	4956	2894	5116	2118	1271	5036	2664	4563	0	5611	4722	2147	5190	3936	2270	3038	3028	3521	
1991	1326	3842	2901	2951	2982	5905	4117	2209	3308	495	3639	4995	2925	3517	2381	5611	0	1849	3529	3234	1676	3513	2615	3918	2151	
1278	1977	2691	1325	2141	3936	5046	2515	479	1918	1578	3229	3786	4088	2160	3369	4722	1849	0	2604	4418	1513	3166	1851	2301	2115	
1573	2458	506	1562	578	3335	2464	1638	2890	1018	3035	1038	1517	3743	897	3080	2147	3529	2604	0	3998	1863	1099	915	1614	1613	
3476	2441	4502	4640	3638	666	5356	5472	4895	4588	3082	3234	5338	330	4649	1066	5190	3234	4418	3998	0	3024	3092	3518	5361	2659	
492	724	2218	1687	1286	2479	4233	2748	1983	1852	1181	2028	3357	2701	2013	1957	3936	1676	1513	1863	3024	0	1921	959	2583	636	
1909	2228	1571	2458	1131	2430	2515	2737	3554	2043	3034	153	2248	2882	1972	2326	2270	3513	3166	1099	3092	1921	0	1335	2706	1363	
674	1609	1263	1228	342	2887	3347	1969	2221	1071	2122	1384	2398	3225	1161	2500	3038	2615	1851	915	3518	959	1335	0	1845	884	
2098	3306	1225	1021	1748	4723	3344	215	2306	774	3492	2652	1814	5070	744	4344	3028	3918	2301	1614	5361	2583	2706	1845	0	2723	
899	894	2062	1990	1096	2050	3799	2852	2572	1950	1672	1489	3126	2357	2045	1623	3521	2151	2115	1613	2659	636	1363	884	2723	0	


0	 CF141NY	0 	 0 	 540  	 1080  	 0  	 0 

1	 CF142SD 	 1 	 3 	 540  	 780  	 7  	 3 
2	 CF146HD	1 	 10 	 660  	 900  	 5  	 2 
3	 CF142TF 	 1 	 1 	 660  	 900  	 10  	 5 
4	 CF141SZ 	 1 	 3 	 660  	 900  	 9  	 4 
5	 CF244QQ	1 	 6 	 660  	 900  	 9  	 4 
6	 CF149BT 	 1 	 3 	 540  	 780  	 10  	 5 
7	 CF147HG	1 	 4 	 660  	 900  	 7  	 3 
8	 CF52RJ 	 1 	 5 	 600  	 840  	 9  	 4 
9	 CF147AG	1 	 10 	 720  	 960  	 8  	 4 
10	 CF52DZ 	 1 	 5 	 540  	 780  	 9  	 4 
11	 CF144LB 	 0 	 5 	 540  	 780  	 5  	 2 
12	 CF146QH	1 	 1 	 540  	 780  	 9  	 4 
13	 CF244EJ 	 1 	 1 	 600  	 840  	 10  	 5 
14	 CF146ES 	 1 	 5 	 600  	 840  	 5  	 2 
15	 CF244LD 	 1 	 10 	 600  	 840  	 5  	 2 
16	 CF149BG 	 0 	 8 	 720  	 960  	 7  	 3 
17	 CF52AQ 	 1 	 2 	 600  	 840  	 5  	 2 
18	 CF52TE 	 1 	 1 	 600  	 840  	 8  	 4 
19	 CF146AS 	 1 	 8 	 660  	 900  	 6  	 3 
20	 CF244BT 	 1 	 7 	 720  	 960  	 7  	 3 
21	 CF142PZ 	 1 	 5 	 720  	 960  	 9  	 4 
22	 CF144LA 	 1 	 7 	 540  	 780  	 7  	 3 
23	 CF141QA	0 	 15 	 540  	 780  	 7  	 3 
24	 CF147EX 	 1 	 9 	 600  	 840  	 10  	 5 
25	 CF141HY 	 1 	 3 	 540  	 780  	 5  	 2 
