25

1200
32
10
500

0	2712	2577	2748	3139	2635	3803	2443	1290	248	1133	2904	2227	4350	1691	1254	1074	1278	1185	306	645	2623	4085	2423	2855	893	
2712	0	1985	4852	944	4623	2507	2350	1438	2951	3759	5116	808	2255	1878	1850	1719	3876	2234	2580	3348	4433	2005	4585	4891	2968	
2577	1985	0	3474	1459	3198	1236	455	2022	2711	3674	3788	1245	2057	886	1347	1685	3828	1425	2675	2997	2922	1838	3294	3460	3324	
2748	4852	3474	0	4791	290	4463	3041	3737	2561	2811	327	4093	5508	3025	3009	3242	2911	2620	3052	2327	621	5306	328	160	3454	
3139	944	1459	4791	0	4532	1612	1904	2018	3351	4259	5087	914	1356	1794	1999	2065	4394	2314	3090	3724	4288	1093	4568	4800	3600	
2635	4623	3198	290	4532	0	4175	2761	3555	2466	2814	617	3855	5226	2779	2792	3047	2926	2401	2941	2271	336	5026	362	269	3387	
3803	2507	1236	4463	1612	4175	0	1521	3088	3945	4909	4788	2049	1198	2114	2557	2852	5062	2662	3882	4232	3863	1119	4336	4418	4514	
2443	2350	455	3041	1904	2761	1521	0	2130	2541	3489	3358	1565	2470	842	1309	1702	3645	1258	2589	2781	2478	2265	2874	3020	3256	
1290	1438	2022	3737	2018	3555	3088	2130	0	1536	2322	3957	1135	3338	1308	925	539	2441	1255	1142	1935	3440	3068	3436	3809	1583	
248	2951	2711	2561	3351	2466	3945	2541	1536	0	964	2701	2444	4538	1833	1422	1289	1117	1293	510	399	2479	4276	2234	2675	957	
1133	3759	3674	2811	4259	2814	4909	3489	2322	964	0	2841	3345	5483	2797	2379	2200	157	2252	1183	734	2935	5218	2497	2955	967	
2904	5116	3788	327	5087	617	4788	3358	3957	2701	2841	0	4369	5827	3310	3267	3477	2927	2882	3204	2430	946	5622	531	418	3554	
2227	808	1245	4093	914	3855	2049	1565	1135	2444	3345	4369	0	2204	1083	1146	1156	3480	1504	2177	2822	3649	1934	3840	4124	2703	
4350	2255	2057	5508	1356	5226	1198	2470	3338	4538	5483	5827	2204	0	2778	3122	3292	5626	3350	4348	4882	4932	270	5344	5481	4903	
1691	1878	886	3025	1794	2779	2114	842	1308	1833	2797	3310	1083	2778	0	475	860	2949	574	1794	2137	2567	2529	2785	3048	2450	
1254	1850	1347	3009	1999	2792	2557	1309	925	1422	2379	3267	1146	3122	475	0	412	2528	391	1329	1761	2629	2862	2736	3057	1979	
1074	1719	1685	3242	2065	3047	2852	1702	539	1289	2200	3477	1156	3292	860	412	0	2339	716	1059	1670	2917	3025	2950	3306	1664	
1278	3876	3828	2911	4394	2926	5062	3645	2441	1117	157	2927	3480	5626	2949	2528	2339	0	2407	1309	889	3058	5361	2602	3058	1023	
1185	2234	1425	2620	2314	2401	2662	1258	1255	1293	2252	2882	1504	3350	574	391	716	2407	0	1346	1572	2240	3099	2351	2667	2017	
306	2580	2675	3052	3090	2941	3882	2589	1142	510	1183	3204	2177	4348	1794	1329	1059	1309	1346	0	871	2928	4080	2727	3160	670	
645	3348	2997	2327	3724	2271	4232	2781	1935	399	734	2430	2822	4882	2137	1761	1670	889	1572	871	0	2335	4623	2000	2455	1127	
2623	4433	2922	621	4288	336	3863	2478	3440	2479	2935	946	3649	4932	2567	2629	2917	3058	2240	2928	2335	0	4739	645	555	3424	
4085	2005	1838	5306	1093	5026	1119	2265	3068	4276	5218	5622	1934	270	2529	2862	3025	5361	3099	4080	4623	4739	0	5132	5284	4634	
2423	4585	3294	328	4568	362	4336	2874	3436	2234	2497	531	3840	5344	2785	2736	2950	2602	2351	2727	2000	645	5132	0	459	3126	
2855	4891	3460	160	4800	269	4418	3020	3809	2675	2955	418	4124	5481	3048	3057	3306	3058	2667	3160	2455	555	5284	459	0	3579	
893	2968	3324	3454	3600	3387	4514	3256	1583	957	967	3554	2703	4903	2450	1979	1664	1023	2017	670	1127	3424	4634	3126	3579	0	


0	 CF142PY 	 0 	 0 	 540  	 1080  	 0  	 0 

1	 CF146UE 	 1 	 7 	 720  	 960  	 7  	 3 
2	 CF145DU	1 	 1 	 540  	 780  	 8  	 4 
3	 CF244EP 	 1 	 3 	 600  	 840  	 7  	 3 
4	 CF146QR	0 	 10 	 660  	 900  	 8  	 4 
5	 CF244NP	1 	 4 	 720  	 960  	 5  	 2 
6	 CF145AP 	 1 	 9 	 660  	 900  	 6  	 3 
7	 CF144HZ 	 1 	 5 	 600  	 840  	 5  	 2 
8	 CF141AG	1 	 10 	 600  	 840  	 8  	 4 
9	 CF142RS 	 1 	 3 	 720  	 960  	 6  	 3 
10	 CF52ES 	 1 	 10 	 600  	 840  	 5  	 2 
11	 CF244AS 	 1 	 9 	 540  	 780  	 7  	 3 
12	 CF146NN	1 	 2 	 540  	 780  	 6  	 3 
13	 CF149EP 	 1 	 6 	 600  	 840  	 6  	 3 
14	 CF144NS 	 1 	 8 	 600  	 840  	 10  	 5 
15	 CF141TX 	 0 	 6 	 720  	 960  	 9  	 4 
16	 CF141QF 	 1 	 5 	 660  	 900  	 5  	 2 
17	 CF52DE 	 1 	 4 	 600  	 840  	 7  	 3 
18	 CF141UA	1 	 6 	 600  	 840  	 5  	 2 
19	 CF142NS 	 1 	 8 	 720  	 960  	 5  	 2 
20	 CF142RB 	 1 	 9 	 540  	 780  	 8  	 4 
21	 CF244QS 	 1 	 1 	 600  	 840  	 7  	 3 
22	 CF149HR 	 1 	 7 	 540  	 780  	 10  	 5 
23	 CF244JH 	 1 	 5 	 600  	 840  	 8  	 4 
24	 CF244EE 	 1 	 9 	 600  	 840  	 10  	 5 
25	 CF142JL 	 1 	 5 	 600  	 840  	 8  	 4 
