25

1200
32
10
500

0	380	1974	1414	1784	1037	1992	283	2969	2281	3295	1698	3482	421	2849	2902	831	1158	4750	3351	4205	2463	3781	2703	4218	2676	
380	0	1595	1064	1404	1408	1644	359	2610	1970	2932	1331	3144	724	2653	2798	749	901	4370	2981	3835	2324	3406	2355	3848	2529	
1974	1595	0	720	229	2999	591	1844	1151	1375	1418	636	1799	2241	2224	3058	1716	1233	2781	1420	2272	2537	1917	1020	2280	2660	
1414	1064	720	0	652	2448	580	1224	1557	1807	1888	940	2081	1603	1886	3241	1005	513	3442	1961	2807	2716	2636	1291	2823	2880	
1784	1404	229	652	0	2800	718	1674	1379	1247	1646	437	2022	2074	2337	2873	1602	1155	2966	1643	2492	2349	2043	1234	2500	2481	
1037	1408	2999	2448	2800	0	3024	1243	4004	3080	4332	2656	4504	944	3699	3158	1698	2142	5763	4387	5241	2846	4747	3734	5254	3059	
1992	1644	591	580	718	3024	0	1791	988	1955	1327	1149	1504	2158	1634	3580	1493	966	2964	1425	2254	3054	2301	712	2274	3193	
283	359	1844	1224	1674	1243	1791	0	2777	2327	3111	1658	3262	400	2569	3106	547	905	4625	3182	4030	2647	3706	2497	4046	2856	
2969	2610	1151	1557	1379	4004	988	2777	0	2327	347	1767	675	3145	1866	4105	2468	1943	2095	508	1276	3601	1771	332	1298	3695	
2281	1970	1375	1807	1247	3080	1955	2327	2327	0	2467	868	3000	2684	3584	1793	2518	2225	3120	2351	3068	1316	1915	2316	3058	1380	
3295	2932	1418	1888	1646	4332	1327	3111	347	2467	0	2003	617	3484	2117	4259	2813	2287	1774	235	930	3768	1605	674	952	3846	
1698	1331	636	940	437	2656	1149	1658	1767	868	2003	0	2427	2049	2747	2436	1728	1375	3139	1964	2792	1912	2093	1656	2794	2046	
3482	3144	1799	2081	2022	4504	1504	3262	675	3000	617	2427	0	3602	1724	4780	2877	2375	2154	837	1127	4275	2202	805	1166	4370	
421	724	2241	1603	2074	944	2158	400	3145	2684	3484	2049	3602	0	2762	3301	756	1227	5021	3564	4407	2874	4105	2855	4425	3088	
2849	2653	2224	1886	2337	3699	1634	2569	1866	3584	2117	2747	1724	2762	0	5126	2033	1761	3854	2340	2851	4600	3625	1597	2889	4760	
2902	2798	3058	3241	2873	3158	3580	3106	4105	1793	4259	2436	4780	3301	5126	0	3538	3482	4732	4143	4834	527	3502	4060	4820	414	
831	749	1716	1005	1602	1698	1493	547	2468	2518	2813	1728	2877	756	2033	3538	0	527	4437	2918	3743	3052	3632	2161	3763	3252	
1158	901	1233	513	1155	2142	966	905	1943	2225	2287	1375	2375	1227	1761	3482	527	0	3915	2391	3217	2970	3146	1640	3237	3154	
4750	4370	2781	3442	2966	5763	2964	4625	2095	3120	1774	3139	2154	5021	3854	4732	4437	3915	0	1588	1064	4354	1231	2425	1021	4343	
3351	2981	1420	1961	1643	4387	1425	3182	508	2351	235	1964	837	3564	2340	4143	2918	2391	1588	0	855	3663	1372	837	867	3729	
4205	3835	2272	2807	2492	5241	2254	4030	1276	3068	930	2792	1127	4407	2851	4834	3743	3217	1064	855	0	4381	1580	1596	43	4423	
2463	2324	2537	2716	2349	2846	3054	2647	3601	1316	3768	1912	4275	2874	4600	527	3052	2970	4354	3663	4381	0	3124	3544	4370	216	
3781	3406	1917	2636	2043	4747	2301	3706	1771	1915	1605	2093	2202	4105	3625	3502	3632	3146	1231	1372	1580	3124	0	2029	1550	3112	
2703	2355	1020	1291	1234	3734	712	2497	332	2316	674	1656	805	2855	1597	4060	2161	1640	2425	837	1596	3544	2029	0	1620	3655	
4218	3848	2280	2823	2500	5254	2274	4046	1298	3058	952	2794	1166	4425	2889	4820	3763	3237	1021	867	43	4370	1550	1620	0	4410	
2676	2529	2660	2880	2481	3059	3193	2856	3695	1380	3846	2046	4370	3088	4760	414	3252	3154	4343	3729	4423	216	3112	3655	4410	0	


0	 CF142JJ 	 0 	 0 	 540  	 1080  	 0  	 0 

1	 CF142PE 	 1 	 6 	 600  	 840  	 5  	 2 
2	 CF141TG 	 0 	 12 	 600  	 840  	 7  	 3 
3	 CF141DP 	 1 	 2 	 540  	 780  	 9  	 4 
4	 CF141RL 	 1 	 2 	 600  	 840  	 10  	 5 
5	 CF52JW 	 1 	 5 	 720  	 960  	 6  	 3 
6	 CF146BH 	 1 	 10 	 600  	 840  	 10  	 5 
7	 CF142LP 	 1 	 2 	 600  	 840  	 6  	 3 
8	 CF146ND	1 	 3 	 540  	 780  	 5  	 2 
9	 CF144XY 	 1 	 1 	 660  	 900  	 9  	 4 
10	 CF146PQ	1 	 1 	 660  	 900  	 6  	 3 
11	 CF141EJ 	 1 	 9 	 600  	 840  	 6  	 3 
12	 CF146RJ 	 1 	 3 	 720  	 960  	 8  	 4 
13	 CF52QJ 	 1 	 7 	 660  	 900  	 7  	 3 
14	 CF147EQ 	 0 	 17 	 660  	 900  	 9  	 4 
15	 CF103EU 	 1 	 2 	 600  	 840  	 6  	 3 
16	 CF142BB 	 1 	 9 	 720  	 960  	 6  	 3 
17	 CF141LQ 	 1 	 2 	 540  	 780  	 6  	 3 
18	 CF140XA 	 1 	 6 	 600  	 840  	 10  	 5 
19	 CF145EJ 	 1 	 1 	 600  	 840  	 9  	 4 
20	 CF145JT 	 1 	 2 	 600  	 840  	 9  	 4 
21	 CF244HJ 	 1 	 3 	 660  	 900  	 10  	 5 
22	 CF145QF 	 1 	 10 	 600  	 840  	 9  	 4 
23	 CF146JP 	 1 	 4 	 720  	 960  	 8  	 4 
24	 CF145AF 	 1 	 2 	 660  	 900  	 6  	 3 
25	 CF244LS 	 1 	 3 	 540  	 780  	 9  	 4 
