25

1200
32
10
500

0	2865	1943	251	3650	404	1938	2081	693	1637	4059	2559	1807	2843	504	3625	714	1083	2243	1326	1596	720	3949	349	4535	3227	
2865	0	4676	2677	1663	2701	3154	4897	3445	3509	4488	1234	4614	2268	3278	4036	3550	2991	5104	1906	4429	3558	4464	3183	4883	413	
1943	4676	0	2188	5052	2285	2312	406	1753	1644	3985	4041	1465	3856	1789	3699	1243	1811	1186	3264	1300	1520	3842	1755	4401	4992	
251	2677	2188	0	3555	197	2073	2314	790	1833	4185	2465	1950	2840	610	3741	952	1247	2429	1077	1754	881	4080	507	4662	3050	
3650	1663	5052	3555	0	3662	2937	5369	4333	3524	3431	1092	5445	1407	4145	3058	4190	3243	5794	3194	5222	4363	3456	3999	3728	1402	
404	2701	2285	197	3662	0	2270	2380	745	2023	4381	2576	1913	3000	588	3936	1042	1443	2430	992	1734	886	4277	543	4858	3085	
1938	3154	2312	2073	2937	2270	0	2692	2491	668	2121	2116	3227	1602	2339	1695	1974	871	3324	2744	2983	2364	2011	2163	2597	3331	
2081	4897	406	2314	5369	2380	2692	0	1755	2027	4391	4336	1196	4212	1832	4105	1368	2129	805	3372	1083	1538	4247	1838	4805	5230	
693	3445	1753	790	4333	745	2491	1755	0	2054	4596	3241	1169	3527	188	4184	648	1622	1697	1691	991	236	4477	356	5068	3827	
1637	3509	1644	1833	3524	2023	668	2027	2054	0	2583	2611	2634	2242	1932	2211	1459	628	2678	2713	2394	1886	2454	1770	3045	3744	
4059	4488	3985	4185	3431	4381	2121	4391	4596	2583	0	3254	5198	2229	4452	473	4036	2988	5146	4724	4962	4451	148	4278	477	4483	
2559	1234	4041	2465	1092	2576	2116	4336	3241	2611	3254	0	4357	1038	3054	2805	3114	2234	4723	2195	4136	3274	3232	2908	3651	1274	
1807	4614	1465	1950	5445	1913	3227	1196	1169	2634	5198	4357	0	4515	1341	4843	1306	2436	655	2823	244	1086	5063	1461	5646	4995	
2843	2268	3856	2840	1407	3000	1602	4212	3527	2242	2229	1038	4515	0	3342	1792	3211	2117	4750	2929	4276	3489	2217	3171	2615	2257	
504	3278	1789	610	4145	588	2339	1832	188	1932	4452	3054	1341	3342	0	4034	600	1468	1842	1563	1150	302	4335	178	4925	3656	
3625	4036	3699	3741	3058	3936	1695	4105	4184	2211	473	2805	4843	1792	4034	0	3644	2566	4835	4255	4604	4050	427	3858	937	4048	
714	3550	1243	952	4190	1042	1974	1368	648	1459	4036	3114	1306	3211	600	3644	0	1142	1609	2024	1065	440	3910	522	4501	3898	
1083	2991	1811	1247	3243	1443	871	2129	1622	628	2988	2234	2436	2117	1468	2566	1142	0	2632	2086	2192	1505	2873	1292	3462	3263	
2243	5104	1186	2429	5794	2430	3324	805	1697	2678	5146	4723	655	4750	1842	4835	1609	2632	0	3387	723	1550	5004	1922	5572	5470	
1326	1906	3264	1077	3194	992	2744	3372	1691	2713	4724	2195	2823	2929	1563	4255	2024	2086	3387	0	2673	1865	4643	1534	5191	2316	
1596	4429	1300	1754	5222	1734	2983	1083	991	2394	4962	4136	244	4276	1150	4604	1065	2192	723	2673	0	877	4828	1255	5413	4804	
720	3558	1520	881	4363	886	2364	1538	236	1886	4451	3274	1086	3489	302	4050	440	1505	1550	1865	877	0	4328	378	4920	3930	
3949	4464	3842	4080	3456	4277	2011	4247	4477	2454	148	3232	5063	2217	4335	427	3910	2873	5004	4643	4828	4328	0	4162	592	4473	
349	3183	1755	507	3999	543	2163	1838	356	1770	4278	2908	1461	3171	178	3858	522	1292	1922	1534	1255	378	4162	0	4752	3553	
4535	4883	4401	4662	3728	4858	2597	4805	5068	3045	477	3651	5646	2615	4925	937	4501	3462	5572	5191	5413	4920	592	4752	0	4853	
3227	413	4992	3050	1402	3085	3331	5230	3827	3744	4483	1274	4995	2257	3656	4048	3898	3263	5470	2316	4804	3930	4473	3553	4853	0	


0	 CF146NN	 0 	 0 	 540  	 1080  	 0  	 0 

1	 CF52RL 	 1 	 7 	 600  	 840  	 10  	 5 
2	 CF145NH	 1 	 7 	 660  	 900  	 9  	 4 
3	 CF146HD	 1 	 9 	 660  	 900  	 8  	 4 
4	 CF52HN 	 1 	 10 	 600  	 840  	 10  	 5 
5	 CF146HZ 	 1 	 1 	 600  	 840  	 6  	 3 
6	 CF144DB 	 1 	 4 	 660  	 900  	 5  	 2 
7	 CF145AS 	 1 	 1 	 600  	 840  	 7  	 3 
8	 CF146SS 	 1 	 6 	 600  	 840  	 7  	 3 
9	 CF144NE 	 1 	 2 	 600  	 840  	 10  	 5 
10	 CF244ER 	 1 	 4 	 600  	 840  	 9  	 4 
11	 CF142HU	1 	 3 	 720  	 960  	 7  	 3 
12	 CF149DX 	 1 	 4 	 600  	 840  	 5  	 2 
13	 CF142SF 	 1 	 9 	 660  	 900  	 8  	 4 
14	 CF146LN 	 0 	 18 	 600  	 840  	 6  	 3 
15	 CF244LE 	 1 	 10 	 540  	 780  	 10  	 5 
16	 CF145EJ 	 1 	 3 	 540  	 780  	 9  	 4 
17	 CF144NS 	 1 	 3 	 540  	 780  	 8  	 4 
18	 CF149BX 	 1 	 1 	 600  	 840  	 9  	 4 
19	 CF147DB 	 1 	 9 	 600  	 840  	 8  	 4 
20	 CF149HP 	 1 	 1 	 660  	 900  	 8  	 4 
21	 CF146RG 	 1 	 5 	 600  	 840  	 10  	 5 
22	 CF244NE 	 0 	 20 	 660  	 900  	 7  	 3 
23	 CF146NQ	 1 	 6 	 720  	 960  	 10  	 5 
24	 CF244BS 	 1 	 4 	 600  	 840  	 8  	 4 
25	 CF52RA 	 1 	 6 	 660  	 900  	 6  	 3 
