25

1200
32
10
500

0	1706	3288	4478	2111	2664	3032	2366	366	934	4113	3110	4174	2646	2867	3926	1139	2497	4646	2041	2448	4658	3397	4497	1808	2823	
1706	0	3781	5963	3816	4263	3444	3179	1360	2636	5627	4331	5524	4341	4438	5355	1790	3713	6091	3725	2409	6115	5008	5995	2577	4530	
3288	3781	0	3601	3711	3067	348	1010	3429	3480	3467	6039	2837	4410	3012	2973	2231	1681	3556	3380	1477	3615	5491	3677	1481	4199	
4478	5963	3601	0	2888	1883	3796	3230	4828	3828	391	5402	808	3110	1648	659	4236	2374	283	2698	4607	239	3927	88	3631	2652	
2111	3816	3711	2888	0	1089	3637	2743	2468	1204	2497	2665	2934	717	1329	2546	2595	2113	3129	339	3706	3114	1782	2873	2593	721	
2664	4263	3067	1883	1089	0	3088	2240	3025	1948	1497	3746	1846	1572	245	1468	2688	1387	2099	835	3480	2094	2623	1885	2344	1221	
3032	3444	348	3796	3637	3088	0	895	3150	3300	3631	5870	3056	4348	3060	3152	1944	1709	3772	3315	1129	3828	5419	3867	1246	4171	
2366	3179	1010	3230	2743	2240	895	0	2560	2475	2999	5030	2584	3453	2242	2571	1438	917	3263	2421	1378	3309	4524	3290	615	3284	
366	1360	3429	4828	2468	3025	3150	2560	0	1277	4467	3245	4502	2981	3226	4266	1208	2787	4990	2406	2444	5005	3683	4848	1970	3176	
934	2636	3480	3828	1204	1948	3300	2475	1277	0	3445	2572	3664	1712	2180	3350	1722	2250	4030	1200	3010	4031	2515	3832	2073	1901	
4113	5627	3467	391	2497	1497	3631	2999	4467	3445	0	5024	857	2734	1265	514	3922	2111	645	2308	4375	620	3581	388	3357	2278	
3110	4331	6039	5402	2665	3746	5870	5030	3245	2572	5024	0	5574	2292	3978	5167	4195	4646	5669	2973	5517	5640	1760	5367	4644	2751	
4174	5524	2837	808	2934	1846	3056	2584	4502	3664	857	5574	0	3325	1605	433	3748	1821	719	2672	3944	780	4273	893	3059	2896	
2646	4341	4410	3110	717	1572	4348	3453	2981	1712	2734	2292	3325	0	1775	2906	3269	2781	3378	1033	4415	3348	1087	3076	3308	462	
2867	4438	3012	1648	1329	245	3060	2242	3226	2180	1265	3978	1605	1775	0	1222	2818	1351	1857	1080	3530	1854	2804	1653	2410	1394	
3926	5355	2973	659	2546	1468	3152	2571	4266	3350	514	5167	433	2906	1222	0	3607	1722	736	2302	3948	765	3842	721	2979	2471	
1139	1790	2231	4236	2595	2688	1944	1438	1208	1722	3922	4195	3748	3269	2818	3607	0	1929	4342	2381	1323	4372	4200	4276	823	3297	
2497	3713	1681	2374	2113	1387	1709	917	2787	2250	2111	4646	1821	2781	1351	1722	1929	0	2444	1775	2274	2481	3868	2426	1258	2533	
4646	6091	3556	283	3129	2099	3772	3263	4990	4030	645	5669	719	3378	1857	736	4342	2444	0	2924	4634	73	4207	350	3701	2921	
2041	3725	3380	2698	339	835	3315	2421	2406	1200	2308	2973	2672	1033	1080	2302	2381	1775	2924	0	3433	2916	2112	2692	2305	925	
2448	2409	1477	4607	3706	3480	1129	1378	2444	3010	4375	5517	3944	4415	3530	3948	1323	2274	4634	3433	0	4682	5415	4668	1145	4354	
4658	6115	3615	239	3114	2094	3828	3309	5005	4031	620	5640	780	3348	1854	765	4372	2481	73	2916	4682	0	4165	294	3739	2890	
3397	5008	5491	3927	1782	2623	5419	4524	3683	2515	3581	1760	4273	1087	2804	3842	4200	3868	4207	2112	5415	4165	0	3876	4339	1410	
4497	5995	3677	88	2873	1885	3867	3290	4848	3832	388	5367	893	3076	1653	721	4276	2426	350	2692	4668	294	3876	0	3682	2616	
1808	2577	1481	3631	2593	2344	1246	615	1970	2073	3357	4644	3059	3308	2410	2979	823	1258	3701	2305	1145	3739	4339	3682	0	3220	
2823	4530	4199	2652	721	1221	4171	3284	3176	1901	2278	2751	2896	462	1394	2471	3297	2533	2921	925	4354	2890	1410	2616	3220	0	


0	 CF147BY 	 0 	 0 	 540  	 1080  	 0  	 0 

1	 CF147YT 	 1 	 9 	 720  	 960  	 8  	 4 
2	 CF52HB 	 1 	 2 	 720  	 960  	 10  	 5 
3	 CF244EH 	 1 	 5 	 720  	 960  	 10  	 5 
4	 CF144PD 	 1 	 8 	 600  	 840  	 9  	 4 
5	 CF144DF 	 0 	 20 	 600  	 840  	 8  	 4 
6	 CF52NG 	 0 	 22 	 660  	 900  	 5  	 2 
7	 CF142JG 	 1 	 6 	 720  	 960  	 6  	 3 
8	 CF147TB 	 1 	 3 	 600  	 840  	 7  	 3 
9	 CF146EP 	 1 	 6 	 540  	 780  	 8  	 4 
10	 CF244QH	1 	 8 	 600  	 840  	 9  	 4 
11	 CF149ET 	 1 	 9 	 660  	 900  	 7  	 3 
12	 CF103EL 	 1 	 4 	 540  	 780  	 10  	 5 
13	 CF145LH 	 1 	 1 	 540  	 780  	 7  	 3 
14	 CF144XT 	 1 	 10 	 600  	 840  	 8  	 4 
15	 CF244LR 	 1 	 7 	 600  	 840  	 6  	 3 
16	 CF142BU 	 1 	 5 	 660  	 900  	 6  	 3 
17	 CF142SP 	 1 	 9 	 720  	 960  	 9  	 4 
18	 CF244ED 	 1 	 7 	 720  	 960  	 9  	 4 
19	 CF144PN	1 	 5 	 600  	 840  	 9  	 4 
20	 CF52RD 	 1 	 1 	 600  	 840  	 5  	 2 
21	 CF244FF 	 1 	 5 	 600  	 840  	 10  	 5 
22	 CF140RD 	 1 	 7 	 540  	 780  	 8  	 4 
23	 CF244PB 	 0 	 7 	 720  	 960  	 6  	 3 
24	 CF142LU 	 1 	 8 	 600  	 840  	 5  	 2 
25	 CF144HU	1 	 6 	 540  	 780  	 7  	 3 
