25

1200
32
10
500

0	2453	4364	3567	638	2421	3333	4409	640	904	3971	1131	4597	4355	816	1131	3261	1951	2448	2781	2263	1060	2689	1215	2243	1535	
2453	0	2731	2560	1917	2725	3422	2696	2145	2584	2819	3300	3201	2615	1905	3582	1408	1173	2478	2997	3083	1537	3638	3545	480	3584	
4364	2731	0	1106	3730	5435	2570	154	3768	3891	827	4616	576	215	3553	5368	1325	2437	2417	2619	3264	3332	3592	5577	3208	4670	
3567	2560	1106	0	2963	5056	1499	1235	2936	2959	411	3638	1077	1242	2756	4474	1355	1811	1356	1513	2175	2620	2486	4754	2984	3646	
638	1917	3730	2963	0	2574	2890	3772	285	797	3362	1407	3977	3718	230	1732	2626	1313	1937	2336	1946	428	2447	1853	1795	1740	
2421	2725	5435	5056	2574	0	5393	5412	2816	3267	5390	3512	5865	5332	2787	2972	4113	3265	4390	4851	4520	2664	5016	2520	2247	3926	
3333	3422	2570	1499	2890	5393	0	2710	2725	2485	1752	2931	2344	2728	2661	3922	2636	2312	1013	555	1190	2730	1193	4345	3723	2778	
4409	2696	154	1235	3772	5412	2710	0	3821	3963	975	4695	705	88	3602	5428	1300	2470	2523	2744	3377	3368	3717	5623	3175	4760	
640	2145	3768	2936	285	2816	2725	3821	0	512	3342	1157	3977	3772	250	1616	2732	1407	1813	2170	1719	610	2200	1822	2056	1469	
904	2584	3891	2959	797	3267	2485	3963	512	0	3370	767	4029	3923	700	1521	2984	1690	1695	1944	1368	1059	1785	1874	2540	1000	
3971	2819	827	411	3362	5390	1752	975	3342	3370	0	4046	673	1007	3159	4885	1502	2176	1754	1859	2550	3010	2821	5162	3264	4046	
1131	3300	4616	3638	1407	3512	2931	4695	1157	767	4046	0	4715	4659	1396	1020	3749	2456	2312	2439	1742	1763	1970	1529	3202	414	
4597	3201	576	1077	3977	5865	2344	705	3977	4029	673	4715	0	785	3782	5539	1799	2737	2427	2513	3216	3606	3463	5798	3670	4719	
4355	2615	215	1242	3718	5332	2728	88	3772	3923	1007	4659	785	0	3550	5381	1223	2412	2508	2744	3366	3311	3717	5570	3094	4732	
816	1905	3553	2756	230	2787	2661	3602	250	700	3159	1396	3782	3550	0	1853	2491	1167	1707	2107	1735	368	2249	2025	1841	1689	
1131	3582	5368	4474	1732	2972	3922	5428	1616	1521	4885	1020	5539	5381	1853	0	4344	3019	3211	3409	2740	2160	2990	566	3350	1331	
3261	1408	1325	1355	2626	4113	2636	1300	2732	2984	1502	3749	1799	1223	2491	4344	0	1325	1978	2402	2817	2201	3294	4467	1884	3902	
1951	1173	2437	1811	1313	3265	2312	2470	1407	1690	2176	2456	2737	2412	1167	3019	1325	0	1327	1848	1917	899	2469	3164	1413	2653	
2448	2478	2417	1356	1937	4390	1013	2523	1813	1695	1754	2312	2427	2508	1707	3211	1978	1327	0	521	869	1732	1316	3559	2740	2293	
2781	2997	2619	1513	2336	4851	555	2744	2170	1944	1859	2439	2513	2744	2107	3409	2402	1848	521	0	737	2187	974	3814	3259	2330	
2263	3083	3264	2175	1946	4520	1190	3377	1719	1368	2550	1742	3216	3366	1735	2740	2817	1917	869	737	0	1930	559	3185	3244	1600	
1060	1537	3332	2620	428	2664	2730	3368	610	1059	3010	1763	3606	3311	368	2160	2201	899	1732	2187	1930	0	2470	2268	1485	2055	
2689	3638	3592	2486	2447	5016	1193	3717	2200	1785	2821	1970	3463	3717	2249	2990	3294	2469	1316	974	559	2470	0	3484	3803	1718	
1215	3545	5577	4754	1853	2520	4345	5623	1822	1874	5162	1529	5798	5570	2025	566	4467	3164	3559	3814	3185	2268	3484	0	3247	1876	
2243	480	3208	2984	1795	2247	3723	3175	2056	2540	3264	3202	3670	3094	1841	3350	1884	1413	2740	3259	3244	1485	3803	3247	0	3525	
1535	3584	4670	3646	1740	3926	2778	4760	1469	1000	4046	414	4719	4732	1689	1331	3902	2653	2293	2330	1600	2055	1718	1876	3525	0	


0	 CF142RX 	 0 	 0 	 540  	 1080  	 0  	 0 

1	 CF235QJ 	 1 	 5 	 720  	 960  	 6  	 3 
2	 CF149FR 	 1 	 6 	 540  	 780  	 7  	 3 
3	 CF145HN	1 	 7 	 660  	 900  	 6  	 3 
4	 CF141HF 	 1 	 7 	 660  	 900  	 7  	 3 
5	 CF244FX 	 1 	 10 	 540  	 780  	 8  	 4 
6	 CF147TS 	 1 	 9 	 600  	 840  	 5  	 2 
7	 CF149BU 	 1 	 2 	 720  	 960  	 5  	 2 
8	 CF141HH	1 	 8 	 720  	 960  	 7  	 3 
9	 CF141NQ	1 	 9 	 540  	 780  	 7  	 3 
10	 CF149AE 	 1 	 2 	 660  	 900  	 5  	 2 
11	 CF142LW	0 	 17 	 720  	 960  	 8  	 4 
12	 CF149EW	1 	 4 	 600  	 840  	 5  	 2 
13	 CF149BX 	 0 	 7 	 540  	 780  	 9  	 4 
14	 CF141DY 	 1 	 2 	 660  	 900  	 6  	 3 
15	 CF52DN 	 1 	 2 	 540  	 780  	 6  	 3 
16	 CF145YU 	 1 	 4 	 720  	 960  	 10  	 5 
17	 CF144NP	1 	 7 	 540  	 780  	 9  	 4 
18	 CF146HL 	 1 	 10 	 540  	 780  	 5  	 2 
19	 CF146HW	1 	 10 	 720  	 960  	 8  	 4 
20	 CF147AN	0 	 15 	 720  	 960  	 8  	 4 
21	 CF141UQ	 1 	 1 	 720  	 960  	 10  	 5 
22	 CF147DS 	 1 	 6 	 540  	 780  	 7  	 3 
23	 CF52AT 	 1 	 4 	 540  	 780  	 9  	 4 
24	 CF143RH 	 1 	 1 	 600  	 840  	 10  	 5 
25	 CF142FX 	 1 	 9 	 540  	 780  	 8  	 4 
