25

1200
32
10
500

0	1139	1164	4202	2025	4830	4774	1995	997	3152	3588	610	874	1792	2648	2117	1262	1984	3244	2437	4734	2404	285	298	1685	1142	
1139	0	1853	3287	1286	3801	3753	2109	646	2041	3750	1027	1635	947	2962	990	1273	2733	2136	1722	4449	2632	1043	1323	837	730	
1164	1853	0	5135	3036	5642	5597	1105	2041	3829	4716	1769	1945	2741	3755	2610	901	2908	3927	3470	5895	3539	977	1376	1887	2196	
4202	3287	5135	0	2187	963	876	5261	3206	1710	3791	3699	4083	2416	3805	2827	4500	4582	1640	1821	2887	3517	4236	4215	3607	3067	
2025	1286	3036	2187	0	2899	2833	3396	1029	1585	2886	1513	1944	354	2352	1468	2558	2678	1645	439	3229	1994	2090	2029	1939	884	
4830	3801	5642	963	2899	0	87	5592	3861	1869	4754	4391	4841	3050	4739	3124	4909	5448	1773	2607	3769	4438	4818	4890	3930	3738	
4774	3753	5597	876	2833	87	0	5563	3801	1841	4667	4329	4774	2991	4656	3093	4872	5372	1747	2535	3685	4356	4766	4830	3899	3677	
1995	2109	1105	5261	3396	5592	5563	0	2567	3723	5558	2510	2864	3052	4637	2471	852	3924	3819	3829	6515	4375	1723	2275	1667	2710	
997	646	2041	3206	1029	3861	3801	2567	0	2279	3122	552	1123	811	2316	1499	1716	2144	2364	1447	3951	1989	1074	1030	1483	155	
3152	2041	3829	1710	1585	1869	1841	3723	2279	0	4299	2831	3380	1539	3904	1259	3056	4243	98	1579	4092	3550	3084	3275	2064	2196	
3588	3750	4716	3791	2886	4754	4667	5558	3122	4299	0	3049	2774	3154	980	4319	4747	2127	4325	2732	1861	1184	3844	3342	4578	3020	
610	1027	1769	3699	1513	4391	4329	2510	552	2831	3049	0	609	1347	2146	1986	1704	1718	2916	1896	4126	1868	815	521	1794	655	
874	1635	1945	4083	1944	4841	4774	2864	1123	3380	2774	609	0	1855	1810	2593	2131	1142	3461	2262	4093	1607	1157	590	2380	1185	
1792	947	2741	2416	354	3050	2991	3052	811	1539	3154	1347	1855	0	2543	1166	2220	2716	1615	778	3580	2185	1821	1840	1587	693	
2648	2962	3755	3805	2352	4739	4656	4637	2316	3904	980	2146	1810	2543	0	3668	3849	1200	3950	2344	2612	359	2915	2389	3799	2243	
2117	990	2610	2827	1468	3124	3093	2471	1499	1259	4319	1986	2593	1166	3668	0	1803	3643	1356	1781	4638	3315	1979	2312	806	1500	
1262	1273	901	4500	2558	4909	4872	852	1716	3056	4747	1704	2131	2220	3849	1803	0	3245	3154	2994	5664	3570	977	1559	1025	1858	
1984	2733	2908	4582	2678	5448	5372	3924	2144	4243	2127	1718	1142	2716	1200	3643	3245	0	4312	2860	3805	1246	2269	1686	3511	2152	
3244	2136	3927	1640	1645	1773	1747	3819	2364	98	4325	2916	3461	1615	3950	1356	3154	4312	0	1616	4075	3598	3179	3364	2160	2279	
2437	1722	3470	1821	439	2607	2535	3829	1447	1579	2732	1896	2262	778	2344	1781	2994	2860	1616	0	2860	1998	2517	2417	2336	1296	
4734	4449	5895	2887	3229	3769	3685	6515	3951	4092	1861	4126	4093	3580	2612	4638	5664	3805	4075	2860	0	2599	4930	4563	5167	3806	
2404	2632	3539	3517	1994	4438	4356	4375	1989	3550	1184	1868	1607	2185	359	3315	3570	1246	3598	1998	2599	0	2659	2163	3469	1907	
285	1043	977	4236	2090	4818	4766	1723	1074	3084	3844	815	1157	1821	2915	1979	977	2269	3179	2517	4930	2659	0	583	1468	1228	
298	1323	1376	4215	2029	4890	4830	2275	1030	3275	3342	521	590	1840	2389	2312	1559	1686	3364	2417	4563	2163	583	0	1947	1155	
1685	837	1887	3607	1939	3930	3899	1667	1483	2064	4578	1794	2380	1587	3799	806	1025	3511	2160	2336	5167	3469	1468	1947	0	1564	
1142	730	2196	3067	884	3738	3677	2710	155	2196	3020	655	1185	693	2243	1500	1858	2152	2279	1296	3806	1907	1228	1155	1564	0	


0	 CF146RJ 	 0 	 0 	 540  	 1080  	 0  	 0 

1	 CF145FB 	 1 	 1 	 600  	 840  	 10  	 5 
2	 CF149UE 	 1 	 10 	 720  	 960  	 7  	 3 
3	 CF244HN	 1 	 5 	 600  	 840  	 7  	 3 
4	 CF144QS 	 1 	 6 	 600  	 840  	 5  	 2 
5	 CF244DD	 1 	 8 	 720  	 960  	 5  	 2 
6	 CF244DY 	 1 	 8 	 720  	 960  	 9  	 4 
7	 CF149FH 	 1 	 10 	 540  	 780  	 7  	 3 
8	 CF146AL 	 1 	 7 	 720  	 960  	 10  	 5 
9	 CF143PL 	 1 	 3 	 660  	 900  	 5  	 2 
10	 CF52RJ 	 0 	 12 	 600  	 840  	 8  	 4 
11	 CF146JN 	 1 	 3 	 660  	 900  	 8  	 4 
12	 CF146JA 	 1 	 5 	 540  	 780  	 5  	 2 
13	 CF144QE 	 1 	 4 	 720  	 960  	 9  	 4 
14	 CF142TS 	 1 	 9 	 660  	 900  	 10  	 5 
15	 CF145LN 	 1 	 9 	 600  	 840  	 8  	 4 
16	 CF149AW	1 	 5 	 720  	 960  	 8  	 4 
17	 CF147DP 	 1 	 1 	 720  	 960  	 6  	 3 
18	 CF143PJ 	 1 	 10 	 720  	 960  	 6  	 3 
19	 CF141RA 	 1 	 8 	 600  	 840  	 5  	 2 
20	 CF52JN 	 1 	 4 	 600  	 840  	 8  	 4 
21	 CF142BY 	 1 	 4 	 660  	 900  	 9  	 4 
22	 CF146QQ	 1 	 1 	 600  	 840  	 7  	 3 
23	 CF146SZ 	 1 	 9 	 720  	 960  	 7  	 3 
24	 CF145BE 	 1 	 3 	 660  	 900  	 6  	 3 
25	 CF146AQ	 1 	 6 	 660  	 900  	 7  	 3 
