25

1200
32
10
500

0	1735	2521	1804	1242	2908	1292	2457	858	1868	2630	2519	1330	2680	2738	2982	1824	1806	3341	2757	2093	1628	1387	856	2062	1543	
1735	0	2424	1002	1693	4125	1705	1124	1642	1177	1281	3474	2099	3809	2201	1332	2754	1154	4257	3745	2297	784	1517	2018	3311	2571	
2521	2424	0	3329	3493	5409	1228	3538	1664	1255	3684	1788	1333	2248	4554	3494	1461	3448	2298	5276	502	3077	1176	1829	4573	1578	
1804	1002	3329	0	1043	3436	2387	727	2154	2125	880	4081	2700	4341	1227	1450	3342	162	4900	2967	3115	253	2269	2436	2700	3104	
1242	1693	3493	1043	0	2449	2330	1762	1954	2494	1901	3758	2497	3919	1558	2491	3051	938	4581	2052	3148	1051	2320	2076	1672	2775	
2908	4125	5409	3436	2449	0	4187	4097	3750	4715	4199	4894	4125	4818	3236	4869	4397	3296	5590	630	4952	3492	4296	3609	851	4126	
1292	1705	1228	2387	2330	4187	0	2792	437	964	2961	1769	426	2118	3566	3005	1058	2473	2557	4048	821	2138	250	693	3347	918	
2457	1124	3538	727	1762	4097	2792	0	2650	2284	176	4549	3159	4853	1343	782	3816	826	5348	3589	3421	834	2624	2983	3396	3606	
858	1642	1664	2154	1954	3750	437	2650	0	1221	2824	1926	558	2204	3282	2974	1188	2218	2747	3614	1238	1918	581	400	2910	958	
1868	1177	1255	2125	2494	4715	964	2284	1221	0	2429	2577	1378	2980	3350	2276	1942	2259	3286	4461	1216	1880	715	1596	3864	1859	
2630	1281	3684	880	1901	4199	2961	176	2824	2429	0	4720	3331	5027	1331	725	3988	963	5518	3678	3579	1004	2789	3158	3516	3780	
2519	3474	1788	4081	3758	4894	1769	4549	1926	2577	4720	0	1391	462	5188	4767	739	4142	827	4974	1445	3844	1974	1690	4170	991	
1330	2099	1333	2700	2497	4125	426	3159	558	1378	3331	1391	0	1710	3839	3414	657	2769	2202	4051	842	2459	672	517	3306	492	
2680	3809	2248	4341	3919	4818	2118	4853	2204	2980	5027	462	1710	0	5401	5121	1060	4388	774	4956	1889	4113	2341	1908	4143	1247	
2738	2201	4554	1227	1558	3236	3566	1343	3282	3350	1331	5188	3839	5401	0	2044	4456	1107	6015	2642	4324	1477	3471	3503	2732	4199	
2982	1332	3494	1450	2491	4869	3005	782	2974	2276	725	4767	3414	5121	2044	0	4062	1577	5526	4369	3488	1470	2794	3349	4149	3893	
1824	2754	1461	3342	3051	4397	1058	3816	1188	1942	3988	739	657	1060	4456	4062	0	3404	1561	4408	991	3105	1282	975	3624	286	
1806	1154	3448	162	938	3296	2473	826	2218	2259	963	4142	2769	4388	1107	1577	3404	0	4964	2818	3218	380	2367	2480	2574	3159	
3341	4257	2298	4900	4581	5590	2557	5348	2747	3286	5518	827	2202	774	6015	5526	1561	4964	0	5718	2086	4661	2742	2517	4907	1818	
2757	3745	5276	2967	2052	630	4048	3589	3614	4461	3678	4974	4051	4956	2642	4369	4408	2818	5718	0	4847	3056	4123	3539	814	4127	
2093	2297	502	3115	3148	4952	821	3421	1238	1216	3579	1445	842	1889	4324	3488	991	3218	2086	4847	0	2862	855	1350	4123	1082	
1628	784	3077	253	1051	3492	2138	834	1918	1880	1004	3844	2459	4113	1477	1470	3105	380	4661	3056	2862	0	2017	2214	2724	2873	
1387	1517	1176	2269	2320	4296	250	2624	581	715	2789	1974	672	2341	3471	2794	1282	2367	2742	4123	855	2017	0	909	3449	1161	
856	2018	1829	2436	2076	3609	693	2983	400	1596	3158	1690	517	1908	3503	3349	975	2480	2517	3539	1350	2214	909	0	2790	701	
2062	3311	4573	2700	1672	851	3347	3396	2910	3864	3516	4170	3306	4143	2732	4149	3624	2574	4907	814	4123	2724	3449	2790	0	3346	
1543	2571	1578	3104	2775	4126	918	3606	958	1859	3780	991	492	1247	4199	3893	286	3159	1818	4127	1082	2873	1161	701	3346	0	


0	 CF141RS 	 0 	 0 	 540  	 1080  	 0  	 0 

1	 CF142EA 	 1 	 8 	 660  	 900  	 9  	 4 
2	 CF146SU 	 1 	 1 	 720  	 960  	 10  	 5 
3	 CF142JA 	 1 	 3 	 660  	 900  	 10  	 5 
4	 CF142SB 	 1 	 6 	 600  	 840  	 8  	 4 
5	 CF244BG 	 1 	 1 	 660  	 900  	 9  	 4 
6	 CF146AN	1 	 5 	 540  	 780  	 7  	 3 
7	 CF52QH 	 1 	 6 	 660  	 900  	 5  	 2 
8	 CF144SB 	 1 	 5 	 600  	 840  	 8  	 4 
9	 CF146EN 	 1 	 8 	 540  	 780  	 7  	 3 
10	 CF52RX 	 1 	 1 	 720  	 960  	 6  	 3 
11	 CF145JR 	 1 	 10 	 600  	 840  	 5  	 2 
12	 CF144SP 	 1 	 7 	 540  	 780  	 5  	 2 
13	 CF145AS 	 1 	 9 	 540  	 780  	 8  	 4 
14	 CF52BH 	 1 	 9 	 720  	 960  	 8  	 4 
15	 CF52RJ 	 0 	 12 	 660  	 900  	 8  	 4 
16	 CF145FT 	 1 	 1 	 540  	 780  	 7  	 3 
17	 CF142QL 	 1 	 10 	 600  	 840  	 9  	 4 
18	 CF149DH	1 	 5 	 540  	 780  	 9  	 4 
19	 CF103EB 	 1 	 5 	 600  	 840  	 8  	 4 
20	 CF146LF 	 1 	 10 	 540  	 780  	 10  	 5 
21	 CF142HT 	 1 	 1 	 660  	 900  	 6  	 3 
22	 CF146EH 	 1 	 9 	 720  	 960  	 10  	 5 
23	 CF144NL 	 0 	 22 	 720  	 960  	 9  	 4 
24	 CF244LL 	 1 	 9 	 600  	 840  	 8  	 4 
25	 CF145ZB 	 0 	 6 	 540  	 780  	 10  	 5 
