25

1200
32
10
500

0	1302	3566	1766	1989	2081	2837	2502	535	3189	754	877	2958	3729	3021	1062	1134	1436	2128	2375	1832	399	2155	721	2476	1164	
1302	0	4370	2567	690	3036	3752	1276	1237	2974	738	1366	2687	4518	3778	2136	2082	338	1217	1614	1448	1672	2980	1961	3335	683	
3566	4370	0	4839	4838	4796	793	5604	4092	2962	4231	4419	3064	167	597	2522	2435	4222	4127	3936	3362	3248	5067	3631	5233	3728	
1766	2567	4839	0	3165	546	4048	3278	1412	4955	1844	1201	4723	5006	4390	2454	2642	2854	3704	4028	3565	1824	414	1274	768	2795	
1989	690	4838	3165	0	3660	4278	800	1905	3016	1398	1983	2721	4976	4241	2762	2678	641	1043	1469	1613	2352	3571	2649	3927	1132	
2081	3036	4796	546	3660	0	4004	3812	1827	5229	2300	1678	5015	4960	4397	2568	2781	3303	4126	4424	3912	2040	344	1454	447	3189	
2837	3752	793	4048	4278	4004	0	5014	3352	2904	3534	3671	2929	959	534	1778	1725	3645	3686	3566	2928	2498	4274	2850	4443	3148	
2502	1276	5604	3278	800	3812	5014	0	2258	3787	1785	2213	3493	5746	5008	3409	3358	1382	1803	2213	2413	2894	3654	3065	4000	1876	
535	1237	4092	1412	1905	1827	3352	2258	0	3614	507	345	3365	4256	3552	1575	1664	1480	2302	2617	2169	859	1823	813	2168	1384	
3189	2974	2962	4955	3016	5229	2904	3787	3614	0	3372	3929	295	3021	2502	2820	2584	2658	1984	1584	1533	3190	5338	3777	5646	2367	
754	738	4231	1844	1398	2300	3534	1785	507	3372	0	646	3105	4390	3663	1783	1809	1010	1869	2219	1864	1152	2258	1286	2612	1029	
877	1366	4419	1201	1983	1678	3671	2213	345	3929	646	0	3674	4584	3886	1898	2000	1654	2515	2858	2457	1174	1615	986	1970	1644	
2958	2687	3064	4723	2721	5015	2929	3493	3365	295	3105	3674	0	3137	2567	2665	2431	2368	1690	1294	1252	2985	5112	3569	5426	2091	
3729	4518	167	5006	4976	4960	959	5746	4256	3021	4390	4584	3137	0	740	2687	2597	4365	4248	4046	3485	3413	5232	3798	5397	3871	
3021	3778	597	4390	4241	4397	534	5008	3552	2502	3663	3886	2567	740	0	2000	1887	3626	3539	3361	2773	2723	4647	3149	4841	3132	
1062	2136	2522	2454	2762	2568	1778	3409	1575	2820	1783	1898	2665	2687	2000	0	236	2128	2506	2585	1905	726	2762	1182	3012	1675	
1134	2082	2435	2642	2678	2781	1725	3358	1664	2584	1809	2000	2431	2597	1887	236	0	2037	2344	2396	1710	855	2963	1368	3222	1564	
1436	338	4222	2854	641	3303	3645	1382	1480	2658	1010	1654	2368	4365	3626	2128	2037	0	884	1276	1146	1768	3268	2136	3621	497	
2128	1217	4127	3704	1043	4126	3686	1803	2302	1984	1869	2515	1690	4248	3539	2506	2344	884	0	429	766	2375	4118	2849	4467	964	
2375	1614	3936	4028	1469	4424	3566	2213	2617	1584	2219	2858	1294	4046	3361	2585	2396	1276	429	0	690	2571	4440	3087	4784	1236	
1832	1448	3362	3565	1613	3912	2928	2413	2169	1533	1864	2457	1252	3485	2773	1905	1710	1146	766	690	0	1964	3967	2514	4299	841	
399	1672	3248	1824	2352	2040	2498	2894	859	3190	1152	1174	2985	3413	2723	726	855	1768	2375	2571	1964	0	2176	586	2466	1425	
2155	2980	5067	414	3571	344	4274	3654	1823	5338	2258	1615	5112	5232	4647	2762	2963	3268	4118	4440	3967	2176	0	1602	356	3206	
721	1961	3631	1274	2649	1454	2850	3065	813	3777	1286	986	3569	3798	3149	1182	1368	2136	2849	3087	2514	586	1602	0	1883	1885	
2476	3335	5233	768	3927	447	4443	4000	2168	5646	2612	1970	5426	5397	4841	3012	3222	3621	4467	4784	4299	2466	356	1883	0	3549	
1164	683	3728	2795	1132	3189	3148	1876	1384	2367	1029	1644	2091	3871	3132	1675	1564	497	964	1236	841	1425	3206	1885	3549	0	


0	 CF144SD 	 0 	 0 	 540  	 1080  	 0  	 0 

1	 CF147AD	1 	 7 	 720  	 960  	 8  	 4 
2	 CF244BR 	 1 	 7 	 540  	 780  	 8  	 4 
3	 CF145JJ 	 1 	 4 	 720  	 960  	 9  	 4 
4	 CF147XB 	 1 	 9 	 600  	 840  	 10  	 5 
5	 CF145AQ	1 	 2 	 720  	 960  	 9  	 4 
6	 CF244QS 	 1 	 4 	 540  	 780  	 9  	 4 
7	 CF147DR 	 1 	 6 	 600  	 840  	 7  	 3 
8	 CF144SS 	 1 	 3 	 600  	 840  	 10  	 5 
9	 CF52BP 	 1 	 1 	 600  	 840  	 5  	 2 
10	 CF146EP 	 1 	 8 	 720  	 960  	 5  	 2 
11	 CF146PB 	 1 	 6 	 720  	 960  	 7  	 3 
12	 CF52DZ 	 1 	 1 	 540  	 780  	 10  	 5 
13	 CF244BS 	 1 	 3 	 720  	 960  	 8  	 4 
14	 CF244HU	1 	 2 	 600  	 840  	 8  	 4 
15	 CF144DJ 	 1 	 1 	 540  	 780  	 6  	 3 
16	 CF144DB 	 1 	 9 	 540  	 780  	 7  	 3 
17	 CF142AB 	 1 	 10 	 660  	 900  	 8  	 4 
18	 CF142EZ 	 0 	 19 	 600  	 840  	 10  	 5 
19	 CF142FB 	 1 	 9 	 720  	 960  	 10  	 5 
20	 CF142NS 	 1 	 8 	 600  	 840  	 9  	 4 
21	 CF144PH 	 1 	 6 	 720  	 960  	 10  	 5 
22	 CF149DA	1 	 3 	 660  	 900  	 5  	 2 
23	 CF148NT 	 1 	 5 	 540  	 780  	 8  	 4 
24	 CF149DF 	 1 	 9 	 600  	 840  	 6  	 3 
25	 CF141DQ	0 	 25 	 660  	 900  	 8  	 4 
