25

1200
32
10
500

0	2156	4038	2462	3814	2370	3843	2299	3501	3645	261	2500	4091	442	4916	2454	4657	2939	1134	3645	5623	3522	1726	2058	2278	2779	
2156	0	2943	2493	2058	328	1891	1512	2884	3020	2241	3800	3016	2564	4045	966	3408	1877	1933	3021	4558	2724	514	2311	2658	786	
4038	2943	0	1916	1415	2646	1917	1764	860	824	4268	3707	76	4211	1120	1989	641	1147	2982	825	1643	634	2849	2250	2310	2322	
2462	2493	1916	0	2511	2368	2854	1060	1150	1274	2720	1868	1941	2503	2542	1758	2551	1273	1329	1274	3301	1289	2089	408	402	2385	
3814	2058	1415	2511	0	1730	502	1699	1963	2021	3988	4360	1485	4115	2463	1362	1583	1238	3013	2022	2744	1680	2210	2663	2889	1282	
2370	328	2646	2368	1730	0	1578	1336	2644	2776	2480	3809	2720	2759	3756	707	3094	1616	1994	2776	4250	2466	649	2236	2577	464	
3843	1891	1917	2854	502	1578	0	1930	2429	2497	3991	4662	1987	4183	2959	1425	2057	1595	3166	2498	3200	2151	2153	2951	3211	1115	
2299	1512	1764	1060	1699	1336	1930	0	1433	1579	2518	2746	1824	2522	2752	698	2366	640	1341	1579	3392	1342	1214	1042	1342	1325	
3501	2884	860	1150	1963	2644	2429	1433	0	148	3749	2861	860	3604	1418	1937	1451	1042	2383	148	2158	287	2645	1534	1517	2451	
3645	3020	824	1274	2021	2776	2497	1579	148	0	3894	2939	811	3742	1278	2069	1379	1166	2525	1	2028	350	2789	1664	1630	2570	
261	2241	4268	2720	3988	2480	3991	2518	3749	3894	0	2718	4323	547	5162	2626	4882	3157	1391	3894	5863	3762	1848	2317	2539	2907	
2500	3800	3707	1868	4360	3809	4662	2746	2861	2939	2718	0	3717	2216	4046	3384	4312	3124	1895	2939	4832	3076	3294	1711	1475	3987	
4091	3016	76	1941	1485	2720	1987	1824	860	811	4323	3717	0	4259	1045	2061	610	1212	3029	812	1577	653	2918	2283	2331	2398	
442	2564	4211	2503	4115	2759	4183	2522	3604	3742	547	2216	4259	0	5020	2771	4843	3156	1231	3742	5753	3658	2110	2096	2256	3148	
4916	4045	1120	2542	2463	3756	2959	2752	1418	1278	5162	4046	1045	5020	0	3083	968	2195	3801	1278	787	1416	3911	2939	2873	3442	
2454	966	1989	1758	1362	707	1425	698	1937	2069	2626	3384	2061	2771	3083	0	2491	913	1749	2069	3620	1763	899	1709	2028	628	
4657	3408	641	2551	1583	3094	2057	2366	1451	1379	4882	4312	610	4843	968	2491	0	1731	3616	1379	1172	1262	3380	2891	2940	2716	
2939	1877	1147	1273	1238	1616	1595	640	1042	1166	3157	3124	1212	3156	2195	913	1731	0	1954	1166	2789	850	1716	1442	1651	1411	
1134	1933	2982	1329	3013	1994	3166	1341	2383	2525	1391	1895	3029	1231	3801	1749	3616	1954	0	2525	4526	2428	1420	928	1180	2266	
3645	3021	825	1274	2022	2776	2498	1579	148	1	3894	2939	812	3742	1278	2069	1379	1166	2525	0	2028	351	2789	1664	1629	2570	
5623	4558	1643	3301	2744	4250	3200	3392	2158	2028	5863	4832	1577	5753	787	3620	1172	2789	4526	2028	0	2102	4491	3691	3645	3883	
3522	2724	634	1289	1680	2466	2151	1342	287	350	3762	3076	653	3658	1416	1763	1262	850	2428	351	2102	0	2528	1640	1678	2238	
1726	514	2849	2089	2210	649	2153	1214	2645	2789	1848	3294	2918	2110	3911	899	3380	1716	1420	2789	4491	2528	0	1861	2209	1059	
2058	2311	2250	408	2663	2236	2951	1042	1534	1664	2317	1711	2283	2096	2939	1709	2891	1442	928	1664	3691	1640	1861	0	348	2332	
2278	2658	2310	402	2889	2577	3211	1342	1517	1630	2539	1475	2331	2256	2873	2028	2940	1651	1180	1629	3645	1678	2209	348	0	2654	
2779	786	2322	2385	1282	464	1115	1325	2451	2570	2907	3987	2398	3148	3442	628	2716	1411	2266	2570	3883	2238	1059	2332	2654	0	


0	 CF52AT 	 0 	 0 	 540  	 1080  	 0  	 0 

1	 CF142HD	 1 	 9 	 600  	 840  	 10  	 5 
2	 CF146PF 	 1 	 5 	 540  	 780  	 5  	 2 
3	 CF144BE 	 0 	 2 	 600  	 840  	 8  	 4 
4	 CF146HW	1 	 2 	 660  	 900  	 6  	 3 
5	 CF142EP 	 1 	 6 	 600  	 840  	 6  	 3 
6	 CF147TD 	 1 	 5 	 720  	 960  	 7  	 3 
7	 CF141QH	 1 	 4 	 660  	 900  	 9  	 4 
8	 CF144XP 	 1 	 1 	 600  	 840  	 8  	 4 
9	 CF148NS 	 1 	 6 	 660  	 900  	 10  	 5 
10	 CF52AP 	 1 	 9 	 600  	 840  	 6  	 3 
11	 CF244QJ 	 0 	 21 	 720  	 960  	 7  	 3 
12	 CF145EL 	 1 	 1 	 660  	 900  	 7  	 3 
13	 CF52AR 	 1 	 6 	 720  	 960  	 6  	 3 
14	 CF145AB 	 1 	 3 	 720  	 960  	 5  	 2 
15	 CF142AA 	 1 	 1 	 660  	 900  	 9  	 4 
16	 CF145HH	 1 	 5 	 600  	 840  	 10  	 5 
17	 CF146BL 	 1 	 4 	 720  	 960  	 8  	 4 
18	 CF142SB 	 1 	 9 	 720  	 960  	 6  	 3 
19	 CF148HF 	 1 	 6 	 540  	 780  	 5  	 2 
20	 CF149BU 	 1 	 10 	 540  	 780  	 7  	 3 
21	 CF145FS 	 1 	 9 	 600  	 840  	 10  	 5 
22	 CF142LT 	 1 	 3 	 600  	 840  	 8  	 4 
23	 CF144AL 	 1 	 5 	 600  	 840  	 6  	 3 
24	 CF144AX 	 1 	 9 	 540  	 780  	 10  	 5 
25	 CF142TD 	 1 	 6 	 600  	 840  	 9  	 4 
