25

1200
32
10
500

0	1263	3742	2195	2961	2938	2235	3125	2776	2383	3836	4280	2632	3873	2281	2532	1908	3880	1936	870	3216	2358	2632	4002	3562	2193	
1263	0	4490	3449	3848	3596	2003	3079	2149	3638	3747	4939	2563	3821	3526	2393	3170	4788	2008	907	3198	3610	2618	3899	4081	2596	
3742	4490	0	3615	898	913	3107	2563	3855	3649	2741	619	2689	2647	3775	2857	3198	742	2720	3585	2487	3693	2572	2824	881	1996	
2195	3449	3615	0	2731	3247	3939	4445	4679	189	5080	4233	4087	5066	166	4080	479	3313	3465	2933	4484	166	4030	5238	3952	3231	
2961	3848	898	2731	0	775	2808	2589	3627	2776	2980	1514	2536	2914	2893	2661	2305	940	2336	2946	2554	2817	2426	3101	1336	1638	
2938	3596	913	3247	775	0	2221	1840	3000	3325	2205	1356	1856	2140	3413	2007	2784	1436	1812	2696	1795	3358	1741	2327	712	1085	
2235	2003	3107	3939	2808	2221	0	1082	836	4099	1745	3383	583	1818	4079	396	3494	3644	517	1426	1205	4100	666	1900	2437	1172	
3125	3079	2563	4445	2589	1840	1082	0	1472	4578	711	2662	520	758	4601	687	3970	3231	1191	2414	128	4592	494	877	1732	1220	
2776	2149	3855	4679	3627	3000	836	1472	0	4847	1918	4062	1171	2027	4810	998	4252	4434	1350	1907	1595	4843	1287	2032	3111	1991	
2383	3638	3649	189	2776	3325	4099	4578	4847	0	5204	4265	4232	5187	194	4231	611	3310	3620	3116	4614	60	4171	5361	4024	3361	
3836	3747	2741	5080	2980	2205	1745	711	1918	5204	0	2676	1219	124	5239	1363	4601	3465	1902	3118	625	5222	1205	167	1860	1854	
4280	4939	619	4233	1514	1356	3383	2662	4062	4265	2676	0	2896	2566	4393	3082	3817	1160	3062	4044	2564	4309	2782	2725	952	2367	
2632	2563	2689	4087	2536	1856	583	520	1171	4232	1219	2896	0	1276	4238	198	3620	3291	699	1899	635	4241	117	1383	1944	964	
3873	3821	2647	5066	2914	2140	1818	758	2027	5187	124	2566	1276	0	5227	1430	4587	3375	1946	3172	658	5206	1250	187	1766	1850	
2281	3526	3775	166	2893	3413	4079	4601	4810	194	5239	4393	4238	5227	0	4228	642	3462	3610	3042	4642	135	4182	5399	4118	3389	
2532	2393	2857	4080	2661	2007	396	687	998	4231	1363	3082	198	1430	4228	0	3620	3442	630	1766	810	4237	303	1522	2130	1050	
1908	3170	3198	479	2305	2784	3494	3970	4252	611	4601	3817	3620	4587	642	3620	0	2956	3011	2570	4007	622	3560	4760	3492	2754	
3880	4788	742	3313	940	1436	3644	3231	4434	3310	3465	1160	3291	3375	3462	3442	2956	0	3204	3886	3167	3361	3175	3555	1612	2481	
1936	2008	2720	3465	2336	1812	517	1191	1350	3620	1902	3062	699	1946	3610	630	3011	3204	0	1244	1289	3624	697	2068	2143	728	
870	907	3585	2933	2946	2696	1426	2414	1907	3116	3118	4044	1899	3172	3042	1766	2570	3886	1244	0	2520	3099	1924	3281	3208	1730	
3216	3198	2487	4484	2554	1795	1205	128	1595	4614	625	2564	635	658	4642	810	4007	3167	1289	2520	0	4629	596	792	1643	1253	
2358	3610	3693	166	2817	3358	4100	4592	4843	60	5222	4309	4241	5206	135	4237	622	3361	3624	3099	4629	0	4182	5380	4059	3376	
2632	2618	2572	4030	2426	1741	666	494	1287	4171	1205	2782	117	1250	4182	303	3560	3175	697	1924	596	4182	0	1370	1830	871	
4002	3899	2824	5238	3101	2327	1900	877	2032	5361	167	2725	1383	187	5399	1522	4760	3555	2068	3281	792	5380	1370	0	1944	2015	
3562	4081	881	3952	1336	712	2437	1732	3111	4024	1860	952	1944	1766	4118	2130	3492	1612	2143	3208	1643	4059	1830	1944	0	1485	
2193	2596	1996	3231	1638	1085	1172	1220	1991	3361	1854	2367	964	1850	3389	1050	2754	2481	728	1730	1253	3376	871	2015	1485	0	


0	 CF52AR 	 0 	 0 	 540  	 1080  	 0  	 0 

1	 CF52BX 	 1 	 10 	 600  	 840  	 6  	 3 
2	 CF148NG	1 	 1 	 660  	 900  	 10  	 5 
3	 CF244BZ 	 1 	 2 	 660  	 900  	 10  	 5 
4	 CF144BQ	1 	 4 	 540  	 780  	 6  	 3 
5	 CF144PY 	 1 	 4 	 540  	 780  	 10  	 5 
6	 CF142FW	 1 	 5 	 600  	 840  	 10  	 5 
7	 CF142AY 	 1 	 1 	 600  	 840  	 6  	 3 
8	 CF52RJ 	 1 	 1 	 660  	 900  	 10  	 5 
9	 CF244BP 	 1 	 7 	 720  	 960  	 6  	 3 
10	 CF147DU	1 	 6 	 660  	 900  	 7  	 3 
11	 CF145BD 	 1 	 2 	 540  	 780  	 5  	 2 
12	 CF142AR 	 1 	 2 	 660  	 900  	 8  	 4 
13	 CF147TA 	 0 	 14 	 720  	 960  	 10  	 5 
14	 CF244AR 	 0 	 23 	 600  	 840  	 8  	 4 
15	 CF142EE 	 1 	 4 	 600  	 840  	 6  	 3 
16	 CF244JH 	 1 	 8 	 600  	 840  	 6  	 3 
17	 CF145LQ 	 1 	 5 	 600  	 840  	 8  	 4 
18	 CF142LQ 	 1 	 4 	 600  	 840  	 9  	 4 
19	 CF52DP 	 1 	 2 	 540  	 780  	 8  	 4 
20	 CF142TL 	 1 	 5 	 660  	 900  	 5  	 2 
21	 CF244BL 	 1 	 8 	 600  	 840  	 6  	 3 
22	 CF142BA 	 1 	 9 	 660  	 900  	 8  	 4 
23	 CF147EG 	 1 	 8 	 720  	 960  	 10  	 5 
24	 CF146AP 	 1 	 3 	 540  	 780  	 6  	 3 
25	 CF142NW	1 	 1 	 660  	 900  	 9  	 4 
